4|3|O_O_B____H_O	7	186
4|3|O_O___B__H_O	6	174
4|3|O__O_B__H_O_	6	170
4|3|O_O__B__H__O	6	169
4|3|O_H__B__O__O	6	131
4|3|OO_H__B____O	6	129
4|3|OO_H__B_O___	6	108
4|3|O_B__O_HO___	6	105
4|3|O_O___B__O_H	6	93
4|3|OO_H__B__O__	6	90
4|3|_OB_O__H_O__	6	90
4|3|O__H_OB____O	5	90
4|3|O____B_OH_O_	5	90
4|3|OB____H_O__O	6	87
4|3|O_O_B__O_H__	5	86
4|3|OO_O__B__H__	7	83
4|3|OO_O___B__H_	7	83
4|3|OO_O_B____H_	6	83
4|3|O_O____H_OB_	6	72
4|3|O_H__B_O__O_	5	65
4|3|OB_O__H_O___	5	61
4|3|O_O___BO_H__	5	61
4|3|O_O__B_OH___	5	60
4|3|O_H__B_OO___	5	60
4|3|O__O_OB____H	5	56
4|3|OO_O__B____H	6	54
4|3|O_O__B_O__H_	5	49
4|3|OOB____HO___	5	43
4|3|O__OB_O__H__	5	43
4|3|OO_H__B___O_	5	42
4|3|O__H_OB_O___	5	42
4|3|H_O__B_O__O_	5	42
4|3|O_OH__B__O__	6	38
4|3|O_H__B_O_O__	4	35
4|3|O__H_OB___O_	4	35
4|3|H_O__B_O_O__	4	35
4|3|OOB____H_O__	5	31
4|3|O_B__O_H__O_	4	26
4|3|O_B__H_O__O_	4	26
4|3|O_B___O__O_H	4	26
4|3|O_B___O__H_O	4	26
4|3|O__H__O__OB_	4	26
4|3|O____OBOH___	4	26
4|3|_OB_O__H__O_	4	26
4|3|_O__O_BO_H__	4	26
4|3|_O__O_OB_H__	4	25
4|3|OO_H__O___B_	5	24
4|3|O____BOOH___	4	19
4|3|_O__B_OO_H__	4	18
4|3|O____OOBH___	4	12