4|3|O_HB_B_____P	5	34
4|3|OB____H_P__B	3	33
4|3|O_H__B__P__B	4	31
4|3|B__PO_H__B__	4	29
4|3|P_B__O_H_B__	4	28
4|3|B_P_H__O_B__	5	27
4|3|_B__H_OB_P__	3	27
4|3|BO_P__H____B	3	26
4|3|_OB_B__P_H__	3	26
4|3|P_B_O__H_B__	5	25
4|3|B_P__H_O__B_	4	25
4|3|O_H_B____B_P	3	25
4|3|O_H_B____P_B	3	25
4|3|O_H__B_PB___	3	25
4|3|B___O_H__B_P	3	25
4|3|O__P_B____HB	6	24
4|3|P_O____B_BH_	6	24
4|3|O_H____BPB__	5	24
4|3|OB____H_B__P	4	24
4|3|OB_____HB_P_	4	24
4|3|P_B____H_BO_	4	24
4|3|O_H____B_P_B	5	21
4|3|B_P_O__H_B__	4	20
4|3|_BP_O__H__B_	4	20
4|3|B__PH_O__B__	5	19
4|3|O_H_P__B_B__	4	19
4|3|O_H__B___B_P	4	19
4|3|O_H__B___P_B	4	19
4|3|B_B__H_OP___	4	19
4|3|B__P_H_O__B_	4	19
4|3|B____O_HP_B_	4	19
4|3|BO_PH_____B_	4	18
4|3|O__B_H__P_B_	3	17
4|3|BO____H__P_B	3	17
4|3|O_H__P_B_B__	4	16
4|3|BH____OBP___	4	16
4|3|OB____H__P_B	3	16
4|3|O__B__H__B_P	3	16
4|3|BO____H_P__B	3	16
4|3|O_P____H_BB_	4	15
4|3|BB_____HP_O_	4	15
4|3|_BH_O__B_P__	4	15
4|3|O_B_B__P_H__	3	15
4|3|O_B__H__B__P	3	15
4|3|O_H__P_BB___	3	15
4|3|O__BB_P__H__	3	15
4|3|O__B_H__B_P_	3	15
4|3|BOB____H__P_	3	15
4|3|BO_B__H____P	3	15
4|3|BO___B_P__H_	3	15
4|3|BO____H__B_P	3	15
4|3|B_O__B_P__H_	3	15
4|3|B_O__P_B__H_	3	15
4|3|B_P_O__B_H__	3	15
4|3|B_P__H_O___B	3	15
4|3|B__PO_B__H__	3	15
4|3|P_B___OB_H__	3	15
4|3|OBH____B_P__	4	14
4|3|OB_PH_____B_	4	14
4|3|OB_P_H____B_	4	14
4|3|OH_____BP_B_	4	14
4|3|O_B_H____B_P	4	14
4|3|O_B_H____P_B	4	14
4|3|O_B__H___B_P	4	14
4|3|O_B____H_P_B	4	14
4|3|O__P_H____BB	4	14
4|3|BOH____BP___	4	14
4|3|BH____BOP___	4	14
4|3|B_P__O_H_B__	4	14
4|3|B_P__H_B__O_	4	14
4|3|B__PH____BO_	4	14
4|3|B__P__H__BO_	4	14
4|3|P_B____H_OB_	4	14
4|3|OBH____BP___	4	13
4|3|OP_BH_____B_	4	13
4|3|OP_B___H__B_	4	13
4|3|O_P_B__H_B__	4	13
4|3|O_P__B_H__B_	4	13
4|3|O_P____HBB__	4	13
4|3|O____BH_P__B	4	13
4|3|BOH____B_P__	4	13
4|3|B_O_H____B_P	4	13
4|3|B_B__O_HP___	4	13
4|3|B_P____B_HO_	4	13
4|3|P_O____H_BB_	4	13
4|3|OP_BB_____H_	3	13
4|3|OP_B__H_B___	3	13
4|3|B___OP_B__H_	3	13
4|3|O__PB_H__B__	4	12
4|3|O__P__H_BB__	4	12
4|3|BO_____HB_P_	4	12
4|3|B_O_H____P_B	4	12
4|3|P_B___OH_B__	4	12
4|3|_BB_O__H_P__	4	12
4|3|_BP_H__O__B_	4	12
4|3|O_PB_H____B_	3	12
4|3|BO____H_B__P	4	11
4|3|B_O__H___B_P	4	11
4|3|B_O____H_P_B	4	11
4|3|B_PH___B_O__	4	11
4|3|B__PH____OB_	4	11
4|3|B__P__H__OB_	4	11
4|3|B_PHB____O__	4	10
4|3|B_PH__B__O__	4	10
4|3|BOP____H__B_	3	10
4|3|B______HPOB_	3	10
4|3|BOP____H_B__	4	9
4|3|B_H__O_BP___	4	9
4|3|B__P_OH__B__	4	9
4|3|POB____H_B__	4	9
4|3|OBB____H__P_	3	9
4|3|OBP____H__B_	3	9
4|3|OB_B__H____P	3	9
4|3|OB__P__B__H_	3	9
4|3|OB___B_P__H_	3	9
4|3|OB___P_B__H_	3	9
4|3|OB____H__B_P	3	9
4|3|O_BB_H_____P	3	9
4|3|O_BP_H_____B	3	9
4|3|O_B__B_P__H_	3	9
4|3|O_B__P_B__H_	3	9
4|3|O_B___H__B_P	3	9
4|3|O_B___H__P_B	3	9
4|3|O__BP_B__H__	3	9
4|3|O__B_B_P__H_	3	9
4|3|O__B_P_B__H_	3	9
4|3|O__B__H__P_B	3	9
4|3|O___BB_P__H_	3	9
4|3|O___BP_B__H_	3	9
4|3|O___B_H__B_P	3	9
4|3|O___B_H__P_B	3	9
4|3|O____B_PB_H_	3	9
4|3|O____P_BB_H_	3	9
4|3|O_____H_BB_P	3	9
4|3|O_____H_BP_B	3	9
4|3|BO__P__B__H_	3	9
4|3|BO___P_B__H_	3	9
4|3|BBO____HP___	3	9
4|3|BB_PO_____H_	3	9
4|3|B_O_B__P_H__	3	9
4|3|B_O__H__B__P	3	9
4|3|B_O___H__B_P	3	9
4|3|B_O___H__P_B	3	9
4|3|B_P_B__O_H__	3	9
4|3|B_P___OB_H__	3	9
4|3|B_P___BO_H__	3	9
4|3|B_P____O_H_B	3	9
4|3|B_H_O____B_P	3	9
4|3|B__PB_O__H__	3	9
4|3|B__P_HO___B_	3	9
4|3|B__P_HB___O_	3	9
4|3|B__P_H___OB_	3	9
4|3|B__P_H___BO_	3	9
4|3|B__P__OB_H__	3	9
4|3|B__P__O__HB_	3	9
4|3|B__P__BO_H__	3	9
4|3|B__P__B__HO_	3	9
4|3|B____HOBP___	3	9
4|3|B____HBOP___	3	9
4|3|B______HPBO_	3	9
4|3|P_B_O__B_H__	3	9
4|3|P_B_B__O_H__	3	9
4|3|P_B___BO_H__	3	9
4|3|_OB_P__B__H_	3	9
4|3|_OH_P__B_B__	3	9
4|3|_O__P__B_BH_	3	9
4|3|_B__H_BO_P__	3	9
4|3|_BH_B__O_P__	4	8
4|3|BP_BO_____H_	3	8
4|3|B_P__O_B_H__	3	7
4|3|B__P_OB__H__	3	7
4|3|P_B__O_B_H__	3	7
4|3|BB____OHP___	4	6
4|3|B_____OHPB__	4	6
4|3|OPB____H_B__	3	6
4|3|BPO____H_B__	3	6
4|3|B_OPH____B__	4	5
4|3|B_OP__H__B__	4	5
4|3|_B__B_OH_P__	3	5