4|3|O_OB_B____O_	4	49
4|3|O_OB_B__O___	4	42
4|3|OB____B_O__O	5	41
4|3|OB_____BO_O_	5	41
4|3|O_O__B__O__B	5	41
4|3|O_O__B____OB	5	41
4|3|O_O____B_BO_	5	41
4|3|O_B__B__O__O	5	41
4|3|O_OBB____O__	5	38
4|3|O_OB__B__O__	5	37
4|3|O_O_B____O_B	5	37
4|3|O_O___B__O_B	5	37
4|3|O_O____BBO__	5	37
4|3|O_O____B_OB_	5	37
4|3|_OB_B__O_O__	4	37
4|3|OB____OBO___	4	35
4|3|O__OB____OB_	5	33
4|3|O__O_B____OB	5	33
4|3|O_OB___B_O__	5	31
4|3|O__OB____BO_	4	26
4|3|O__O_B__B_O_	4	26
4|3|O_OB_B___O__	3	26
4|3|OO_O_B____B_	5	24
4|3|OO_O__B__B__	5	24
4|3|OO_O__B____B	5	24
4|3|OO_O___B__B_	5	24
4|3|B___O_OO_B__	5	24
4|3|_B__OO_O__B_	5	24
4|3|OBO____BO___	4	22
4|3|OBO____B__O_	4	22
4|3|OB_O__B_O___	4	22
4|3|OB_O__B____O	4	22
4|3|OB___O_O__B_	4	22
4|3|OB____BOO___	4	22
4|3|OB____B__O_O	4	22
4|3|O_O_B__O_B__	4	22
4|3|O_O_B____B_O	4	22
4|3|O_O__B_OB___	4	22
4|3|O_O__B_O__B_	4	22
4|3|O_O__B__B__O	4	22
4|3|O_O___BO_B__	4	22
4|3|O_O___B__B_O	4	22
4|3|O_B__O_O_B__	4	22
4|3|O_B__O_O___B	4	22
4|3|O_B__B_OO___	4	22
4|3|O__B_O_O__B_	4	22
4|3|O__B_BO_O___	4	22
4|3|BO____BO_O__	4	22
4|3|O_OB_O___B__	3	21
4|3|O__OB_O__B__	4	20
4|3|O__O_OB____B	4	20
4|3|B_O_O__O_B__	4	20
4|3|B___O__O_BO_	4	20
4|3|B_O__O_B__O_	4	19
4|3|B_O__B_O__O_	4	19
4|3|_OB_O__B_O__	4	19
4|3|_O__O_OB_B__	3	19
4|3|OOB____BO___	4	17
4|3|OO_B__B_O___	4	17
4|3|O_B__O_BO___	4	17
4|3|O__B_OB_O___	4	17
4|3|BOO____B__O_	4	17
4|3|BO____OB_O__	4	17
4|3|OOB____B_O__	4	14
4|3|OO_B__B__O__	4	14
4|3|BOO____B_O__	4	14
4|3|OBO____O___B	3	11
4|3|OBO____B___O	3	11
4|3|OB_O__O___B_	3	11
4|3|OB_O__B___O_	3	11
4|3|OB___O____OB	3	11
4|3|OB___O____BO	3	11
4|3|OB____OB_O__	3	11
4|3|OB____OB___O	3	11
4|3|OB____BO_O__	3	11
4|3|OB____BO__O_	3	11
4|3|OB_____O__OB	3	11
4|3|O_B__O_B__O_	3	11
4|3|O_B__O_B___O	3	11
4|3|O_B__O___B_O	3	11
4|3|O_B__B_O_O__	3	11
4|3|O_B__B_O__O_	3	11
4|3|O_B___O__O_B	3	11
4|3|O_B____O_O_B	3	11
4|3|O__B_OB___O_	3	11
4|3|O__B_OB____O	3	11
4|3|O__B_O___BO_	3	11
4|3|O__B_BO__O__	3	11
4|3|O__B_BO____O	3	11
4|3|O__B__O__OB_	3	11
4|3|O__B___O_OB_	3	11
4|3|O__B___O_BO_	3	11
4|3|O___BO____OB	3	11
4|3|O___B_O__O_B	3	11
4|3|O___B__O_OB_	3	11
4|3|O___B__O_BO_	3	11
4|3|O____OBOB___	3	11
4|3|O____O_BB_O_	3	11
4|3|O____B_OB_O_	3	11
4|3|O_____OBBO__	3	11
4|3|O_____BOBO__	3	11
4|3|BO__O_____OB	3	11
4|3|BO____BO__O_	3	11
4|3|B_O_O____O_B	3	11
4|3|B_O__B_O_O__	3	11
4|3|_OB_O__B__O_	3	11
4|3|_OB_B__O__O_	3	11
4|3|_O__O_BO_B__	3	11
4|3|OOB____O___B	3	7
4|3|OOB____B___O	3	7
4|3|OO_B__O___B_	3	7
4|3|OO_B__B___O_	3	7
4|3|O___B____OOB	3	7
4|3|O____OOBB___	3	7
4|3|O____BOOB___	3	7
4|3|BOO____O___B	3	7
4|3|_O__B_OO_B__	3	7