4|3|O__P_B___B_P	4	32
4|3|B_P____OP_B_	5	31
4|3|B__P___BP_O_	4	30
4|3|P_B____OP_B_	5	28
4|3|OP_B____P__B	4	28
4|3|O__P_B___P_B	4	26
4|3|B__P___OP_B_	5	21
4|3|B_B____OP_P_	5	19
4|3|O__P___B_P_B	4	16
4|3|O__P___B_B_P	4	15
4|3|B___P__OP_B_	5	14
4|3|P_P____O_BB_	4	14
4|3|O____P_BPB__	4	13
4|3|B__PB___P_O_	4	13
4|3|PPO____B_B__	4	11
4|3|OPP____B_B__	4	10
4|3|B_P____O_PB_	4	10
4|3|P_O__P_B_B__	3	10
4|3|B_B_P__OP___	5	9
4|3|O___P__BPB__	4	9
4|3|B__P___O_PB_	4	9
4|3|O_P__P_B_B__	3	9
4|3|B_____POP_B_	4	8
4|3|P__PO____BB_	4	8
4|3|B_B___POP___	4	7
4|3|_O__BP_B_P__	3	6
4|3|O___PP_BB___	3	5
4|3|BPO_____B__P	3	5