4|3|OP_B____O_B_	4	114
4|3|O_O_B____P_B	4	92
4|3|O____B__P_OB	3	74
4|3|BO_____BP_O_	4	69
4|3|O__P_B____OB	4	59
4|3|O_O____BB__P	5	55
4|3|OB____B_O__P	3	53
4|3|OP_B_____OB_	3	53
4|3|O__O_B___B_P	6	52
4|3|BO_P_B____O_	4	50
4|3|O_B__B__P__O	3	48
4|3|P_B_O__O_B__	6	47
4|3|O_O__B___B_P	5	46
4|3|O_O__B___P_B	5	46
4|3|O_O____B_B_P	5	46
4|3|OP_O___B_B__	4	46
4|3|OP_OB_____B_	3	46
4|3|O__OB___B_P_	5	45
4|3|O_O_B___B__P	5	44
4|3|O_O____B_P_B	6	43
4|3|O__OB___P_B_	5	42
4|3|O__O_B___P_B	5	42
4|3|OP_B_____BO_	3	42
4|3|P_B____O_BO_	5	41
4|3|OB_PB_____O_	4	40
4|3|O_P__B____OB	3	40
4|3|O__B_B__P_O_	3	40
4|3|O_P____B_OB_	4	39
4|3|BO_PB_____O_	4	39
4|3|B___O__OP_B_	6	38
4|3|B____O_OP_B_	6	37
4|3|B_P_O__O__B_	5	37
4|3|OP_BB_____O_	4	37
4|3|O_O____BPB__	4	37
4|3|B_P_O__B_O__	4	36
4|3|O_P__B__O__B	3	36
4|3|BO____B__O_P	3	36
4|3|BO_P___B__O_	4	35
4|3|OP_B_B__O___	5	34
4|3|O__O_B____BP	4	34
4|3|P_B___OB_O__	4	34
4|3|OB___P_BO___	5	33
4|3|BO_____OP_B_	5	33
4|3|O_PB_____OB_	3	33
4|3|OO_PB_____B_	3	32
4|3|OO_P_B____B_	3	31
4|3|O__P__B__O_B	3	30
4|3|OP_B___O__B_	4	29
4|3|P_B_B__O_O__	4	29
4|3|P_B____O_OB_	5	28
4|3|BOB____O_P__	4	28
4|3|B__PO_B__O__	4	28
4|3|OO_____BP_B_	5	27
4|3|BOB____P_O__	4	27
4|3|OO_P__B__B__	3	27
4|3|O__P__B__BO_	3	27
4|3|B_B__O_OP___	6	26
4|3|OP_B_B____O_	5	26
4|3|B_P____B_OO_	5	26
4|3|OB_P__B____O	3	26
4|3|OB____B__P_O	3	26
4|3|O__B__B__O_P	3	26
4|3|B_B_O__OP___	6	25
4|3|OB_PO_____B_	5	25
4|3|O_B_O____B_P	5	25
4|3|BB_____OP_O_	5	25
4|3|B_P____O_OB_	5	25
4|3|O_P__O_B_B__	3	25
4|3|P_O__O_B_B__	3	25
4|3|BB_PO_____O_	5	24
4|3|O__P___B_BO_	4	24
4|3|_B__OO_P__B_	3	24
4|3|OO_____BB_P_	4	23
4|3|O_O____BBP__	4	23
4|3|B_P_B__O_O__	4	23
4|3|B__P___O_OB_	5	22
4|3|OP_B______OB	4	22
4|3|O_O____B_BP_	4	22
4|3|O_O____B_PB_	4	22
4|3|O_P____B_O_B	4	22
4|3|O__P_BB_O___	4	22
4|3|B_O_B____O_P	4	22
4|3|P_B____B_OO_	4	22
4|3|O__P_O____BB	5	21
4|3|_BB_O__O_P__	5	21
4|3|OO_P__B_B___	3	21
4|3|O_____B_PO_B	3	21
4|3|O______BPOB_	3	21
4|3|B___OO_P__B_	3	21
4|3|B_____OOP_B_	5	20
4|3|O_P_O__B_B__	3	20
4|3|O_P__B___O_B	3	20
4|3|B_O___B__O_P	3	20
4|3|P_O_O__B_B__	3	20
4|3|P_O____O_BB_	5	19
4|3|OP_B__O___B_	4	19
4|3|O_B____OPB__	4	19
4|3|O_P___B__O_B	4	19
4|3|O__B__O_PB__	4	19
4|3|BO_____O_PB_	4	19
4|3|B_O____B_O_P	4	19
4|3|B_P___OB_O__	4	19
4|3|B__P__OB_O__	4	19
4|3|O_P___OB_B__	3	19
4|3|O_P____O_B_B	3	19
4|3|B_B_O____O_P	3	19
4|3|P_O___OB_B__	3	19
4|3|OB__P__BO___	5	18
4|3|P_B___OO_B__	5	18
4|3|_BP_O__O__B_	5	18
4|3|OO____B_B__P	4	18
4|3|OBB____O_P__	4	18
4|3|OBB____PO___	4	18
4|3|OB_P_B____O_	4	18
4|3|OB_P___B__O_	4	18
4|3|OB_____O_PB_	4	18
4|3|O_BB_O_____P	4	18
4|3|O_BP_O_____B	4	18
4|3|O__B_O____BP	4	18
4|3|BBO____OP___	4	18
4|3|B_O____OPB__	4	18
4|3|B_P___BO_O__	4	18
4|3|B__P__BO_O__	4	18
4|3|B__P__B__OO_	4	18
4|3|B______OPBO_	4	18
4|3|P_B___BO_O__	4	18
4|3|_OB_P__O_B__	3	18
4|3|B_B___OOP___	5	17
4|3|P_B_O__B_O__	4	17
4|3|O__P_BO___B_	3	17
4|3|BOP____B__O_	3	17
4|3|B_O__O_P__B_	3	17
4|3|B_O__P_O__B_	3	17
4|3|O__O_B____PB	4	16
4|3|OPOB_____B__	3	16
4|3|O_BP_B_____O	3	16
4|3|O_P___BO_B__	3	16
4|3|O__P__B__OB_	3	16
4|3|O______BPBO_	3	16
4|3|P_O_B__O_B__	3	16
4|3|_O__B_BO_P__	3	16
4|3|OPOB______B_	4	15
4|3|O__P_B___BO_	4	15
4|3|B__PB_O__O__	4	15
4|3|O___P_OBB___	3	15
4|3|OP_B_B___O__	4	14
4|3|OP_B_B_____O	4	14
4|3|O___B_PO__B_	4	14
4|3|O__P_O___BB_	3	14
4|3|BB____OOP___	5	13
4|3|B_____OOPB__	5	13
4|3|POB____O_B__	5	13
4|3|OPB____O_B__	4	13
4|3|OP_O_B_____B	4	13
4|3|B_P__O_B_O__	4	13
4|3|B___O_PO__B_	4	13
4|3|P_B__O_B_O__	4	13
4|3|OP_O__B_B___	3	13
4|3|OBP____B__O_	3	12
4|3|OB__O__P__B_	3	12
4|3|OB___P_O__B_	3	12
4|3|O_B_P__O_B__	3	12
4|3|O_B___B__O_P	3	12
4|3|O_B___B__P_O	3	12
4|3|O_P__B_B___O	3	12
4|3|O__BO_P__B__	3	12
4|3|O__BP_O__B__	3	12
4|3|O__B_O_P__B_	3	12
4|3|O__POB____B_	3	12
4|3|O__P_O_B__B_	3	12
4|3|O__P_BB__O__	3	12
4|3|O__P_B_O__B_	3	12
4|3|O___B_B__O_P	3	12
4|3|O____O_PB_B_	3	12
4|3|O____BBOP___	3	12
4|3|O____P_OB_B_	3	12
4|3|BO___O_P__B_	3	12
4|3|BO___P_O__B_	3	12
4|3|B_O_P__O_B__	3	12
4|3|B_OP__B__O__	4	11
4|3|B__P_OB__O__	4	11
4|3|_O__O__P_BB_	3	11
4|3|B___OP_O__B_	3	10
4|3|_O__OP_B_B__	4	9
4|3|OBPO______B_	3	9
4|3|OB___P_B_O__	3	9
4|3|OPB______B_O	3	9
4|3|O_B______OPB	3	9
4|3|O_PB_B_____O	3	9
4|3|O_PB___O_B__	3	9
4|3|O__B_B_P___O	3	9
4|3|O___BP_O__B_	3	9
4|3|O___P_BOB___	3	9
4|3|O___P__BBO__	3	9
4|3|OPB______O_B	3	8
4|3|BPO______O_B	3	8
4|3|B_OP___B_O__	4	7
4|3|B_OPB____O__	4	6
4|3|OOPB______B_	3	4
4|3|O___PO_BB___	3	4