4|3|P_O_H____B_P	6	69
4|3|O__P_B____HP	7	65
4|3|OB____H_P__P	6	62
4|3|OB_____HP_P_	6	62
4|3|P_O____B_PH_	7	61
4|3|P_P_H__O_B__	6	59
4|3|O_HP_B_____P	6	55
4|3|BO_____HP_P_	6	55
4|3|P_B__H_OP___	6	55
4|3|P_P____H_OB_	6	54
4|3|P_P____H_BO_	6	51
4|3|O_P____BPH__	5	49
4|3|O__P__B_PH__	5	48
4|3|BO_P__H__P__	5	48
4|3|BO_P__H____P	5	48
4|3|BO____H_P__P	6	45
4|3|BO_P__H_P___	5	44
4|3|PH____OBP___	5	43
4|3|P_P__H_O__B_	6	42
4|3|OB_P__H_P___	5	42
4|3|BO_P___H__P_	5	42
4|3|O_B__H__P__P	5	41
4|3|O_P_B__P_H__	5	41
4|3|O_P___H__B_P	5	41
4|3|O_P____B_PH_	5	41
4|3|P_O____B_HP_	5	40
4|3|OP_P___H__B_	6	39
4|3|P_B__H_O__P_	6	39
4|3|O__P_H__B_P_	5	39
4|3|P_O____BHP__	5	39
4|3|P__PH_O__B__	6	38
4|3|O____P_BP_H_	5	38
4|3|OP_P__H__B__	6	37
4|3|O__B_H__P_P_	5	37
4|3|BO____H__P_P	5	37
4|3|_O__B__P_PH_	5	37
4|3|_PH_O__B_P__	5	37
4|3|BO_P_H____P_	6	36
4|3|OP_B__H_P___	5	36
4|3|OP_B__H__P__	5	36
4|3|B_O__H__P__P	5	36
4|3|P__PH____BO_	5	35
4|3|_O__B__P_HP_	5	35
4|3|O_P__H__B__P	5	34
4|3|O____B_PP_H_	5	34
4|3|B_O__H___P_P	5	34
4|3|B_O____H_P_P	5	34
4|3|P__PH____OB_	5	34
4|3|_O__P__B_PH_	5	34
4|3|OB_P__H____P	5	33
4|3|OB____H__P_P	5	33
4|3|O_B__H___P_P	5	33
4|3|O_B____H_P_P	5	33
4|3|O__B__H__P_P	5	33
4|3|PH____BOP___	5	33
4|3|OB_P__H__P__	5	32
4|3|OP_B__H____P	5	32
4|3|O__PB_P__H__	5	32
4|3|B_P_O__P_H__	5	32
4|3|P_B__H_O_P__	5	32
4|3|P_PH___B_O__	5	32
4|3|OB____PHP___	4	32
4|3|O_PH___P_B__	4	32
4|3|O____B__P_PH	4	32
4|3|P_PH_B____O_	4	32
4|3|O_PB__H__P__	5	31
4|3|O_PP__H__B__	5	31
4|3|O_P__B_P__H_	5	31
4|3|B__PO_P__H__	5	31
4|3|OP_B_H____P_	6	30
4|3|PO_P___H__B_	6	30
4|3|O_PB_H____P_	5	30
4|3|O_H__B_P__P_	5	29
4|3|O__P_B____PH	5	29
4|3|_OB_H__P_P__	4	29
4|3|O_PB_H__P___	5	28
4|3|_PH_B__O_P__	5	28
4|3|O_____B_HP_P	4	28
4|3|P_O_H__P_B__	4	28
4|3|P_PHB____O__	5	27
4|3|P_PH__B__O__	5	27
4|3|O__PB____HP_	4	27
4|3|P___HP_O__B_	4	27
4|3|O___P__BPH__	6	26
4|3|_O__B_PP_H__	6	26
4|3|P_B__P_O_H__	5	26
4|3|O_PH_B_____P	4	26
4|3|BO_P__H___P_	4	26
4|3|PO_P_H____B_	7	25
4|3|_B__O__P_PH_	7	25
4|3|PO_P__H__B__	6	25
4|3|O_PB_H_____P	5	25
4|3|O_PPB____H__	5	25
4|3|O_H___P__B_P	5	25
4|3|OB____HPP___	4	25
4|3|O_P_B____H_P	4	25
4|3|BO_P__P___H_	4	25
4|3|_OB_P__H__P_	4	25
4|3|O_____PBPH__	5	24
4|3|O_P___HP_B__	4	24
4|3|O_____B_PH_P	4	24
4|3|P_O___B__H_P	4	24
4|3|_OB_P__H_P__	4	24
4|3|O_PP_H__B___	5	23
4|3|B___O_PP_H__	5	23
4|3|P_H__B_P__O_	5	23
4|3|P_H__P_B__O_	5	23
4|3|_B__O_HP_P__	5	23
4|3|O__P__B__P_H	4	23
4|3|O______BPHP_	4	23
4|3|BO____PHP___	4	23
4|3|_P__P_OB_H__	4	23
4|3|_BH_O__P_P__	7	22
4|3|O___B_PP_H__	5	22
4|3|O____H__B_PP	5	22
4|3|B_PPO____H__	5	22
4|3|B_OP_H_____P	5	21
4|3|P_H__O_BP___	5	21
4|3|_B__O_PH_P__	5	21
4|3|_B__H_OP_P__	5	21
4|3|P_OH___P_B__	4	21
4|3|P_PH_O___B__	3	21
4|3|OP_P_B____H_	6	20
4|3|O_PP_B____H_	5	20
4|3|O_B__H_PP___	4	20
4|3|O_P__B____HP	4	20
4|3|O_P__H_PB___	4	20
4|3|O__B_HP_P___	4	20
4|3|O__P_P_H__B_	4	20
4|3|O__P_HP_B___	4	20
4|3|O____B__P_HP	4	20
4|3|BO____HP_P__	4	20
4|3|B___O_P__H_P	4	20
4|3|B___O__P_HP_	4	20
4|3|PHP____B__O_	4	20
4|3|PH___P_O__B_	4	20
4|3|P_O__B__H__P	4	20
4|3|P_O__H_P__B_	4	20
4|3|P_H__O_P_B__	4	20
4|3|P__H_O_P__B_	4	20
4|3|H_P_P__O_B__	4	20
4|3|OB_P__H___P_	4	19
4|3|OB____HP_P__	4	19
4|3|OP_B__H___P_	4	19
4|3|O_HP_B____P_	4	19
4|3|O_HP__P__B__	4	19
4|3|O__B_PH____P	4	19
4|3|O___B_P__H_P	4	19
4|3|O___B__P_HP_	4	19
4|3|O____HP_B__P	4	19
4|3|O____H_PB_P_	4	19
4|3|BO____HPP___	4	19
4|3|B_O__H_PP___	4	19
4|3|B_P_O____H_P	4	19
4|3|B__PO____HP_	4	19
4|3|PO_H__B____P	4	19
4|3|PO_H___P__B_	4	19
4|3|PHP____B_O__	4	19
4|3|PH_P__B__O__	4	19
4|3|P_B__H_P__O_	4	19
4|3|P_B___O__H_P	4	19
4|3|P_H__B_P_O__	4	19
4|3|_B__O_HP__P_	4	19
4|3|P_PH_B___O__	3	19
4|3|_B__OP_P__H_	6	18
4|3|_B__O_PP__H_	5	18
4|3|O_B__P_HP___	4	18
4|3|O______BPPH_	4	18
4|3|B_OP_H__P___	5	17
4|3|B_OP_H____P_	5	17
4|3|O_B__P_H__P_	4	17
4|3|O_B__H_P__P_	4	17
4|3|O__B_PH_P___	4	17
4|3|O_____B_PP_H	4	17
4|3|BO____PH_P__	4	17
4|3|B_O__P_H__P_	4	17
4|3|B_O__H_P__P_	4	17
4|3|PPH____B_O__	4	17
4|3|_OB_H__P__P_	4	17
4|3|_P__P_BO_H__	4	17
4|3|P___H_OP_B__	4	16
4|3|_B__H_PO_P__	5	15
4|3|OB_P__P___H_	4	15
4|3|OB____PH_P__	4	15
4|3|O_PB_H___P__	4	15
4|3|O__B_HP____P	4	15
4|3|B_O__P_HP___	4	15
4|3|P_OH_B_____P	4	15
4|3|P___HO_P__B_	4	15
4|3|HPP____B_O__	4	15
4|3|_O__P_PH_B__	3	15
4|3|HPP____B__O_	4	14
4|3|_P__B_PO_H__	4	14
4|3|OP_B__P___H_	4	13
4|3|O_PB_P___H__	4	13
4|3|_P__O_PB_H__	4	13
4|3|O____B__H_PP	4	12
4|3|O______BHPP_	4	12
4|3|PPH____B__O_	4	12
4|3|PP_H__B__O__	4	12
4|3|_B__P_OH_P__	5	11
4|3|OB____PH___P	3	11
4|3|OB____P___HP	3	11
4|3|OB____HP__P_	3	11
4|3|OB_____P__PH	3	11
4|3|O_B__P_H___P	3	11
4|3|O_B__P___H_P	3	11
4|3|O_B__H_P_P__	3	11
4|3|O_B____P_P_H	3	11
4|3|O__B_PH___P_	3	11
4|3|O__B_P___HP_	3	11
4|3|O__B_HP__P__	3	11
4|3|O__B__P__PH_	3	11
4|3|O___B____PHP	3	11
4|3|O____PHPB___	3	11
4|3|BO____PH___P	3	11
4|3|BO____P___HP	3	11
4|3|BO____HP__P_	3	11
4|3|BO_____P__PH	3	11
4|3|B_O__P_H___P	3	11
4|3|B_O__P___H_P	3	11
4|3|B_O__H_P_P__	3	11
4|3|B_O____P_P_H	3	11
4|3|B___O____PHP	3	11
4|3|PH_P__O___B_	3	11
4|3|PH_P__B___O_	3	11
4|3|PH____OB_P__	3	11
4|3|PH____BO_P__	3	11
4|3|P_H__O_B__P_	3	11
4|3|P_H__B_O__P_	3	11
4|3|P__H_OB____P	3	11
4|3|P__H_BO____P	3	11
4|3|P__H___P_OB_	3	11
4|3|P__H___P_BO_	3	11
4|3|P___H__P_OB_	3	11
4|3|P___H__P_BO_	3	11
4|3|P____O_BH_P_	3	11
4|3|P____B_OH_P_	3	11
4|3|P_____OBHP__	3	11
4|3|P_____BOHP__	3	11
4|3|_O__P_HP_B__	3	11
4|3|_PH_O__B__P_	3	11
4|3|_PH_B__O__P_	3	11
4|3|OP_H__B____P	4	10
4|3|OP_H___P__B_	4	10
4|3|B_OP_H___P__	4	10
4|3|P___H_PO_B__	4	10
4|3|B_OP_P___H__	4	9
4|3|_P__B_OP_H__	4	9
4|3|O___B____PPH	3	7
4|3|O___B____HPP	3	7
4|3|O____PPHB___	3	7
4|3|O____HPPB___	3	7
4|3|B___O____PPH	3	7
4|3|B___O____HPP	3	7
4|3|PP_H__O___B_	3	7
4|3|PP_H__B___O_	3	7
4|3|_O__H_PP_B__	3	7