4|3|OB_P____OP_O	9	14079
4|3|OO_O___BP_P_	6	12973
4|3|OO_O____P_BP	9	9770
4|3|OO_O____PB_P	9	9764
4|3|O_O____BPP_O	6	8927
4|3|OP_O___BP_O_	6	8411
4|3|O_O____BPO_P	8	7545
4|3|OO_P__B_P__O	6	7155
4|3|OO_P___BP_O_	8	6767
4|3|OO_O__B_P__P	6	6378
4|3|OP_O___BO_P_	6	6295
4|3|OO_P___BO_P_	8	6130
4|3|OO_PB___O_P_	5	6119
4|3|OB_P____O_PO	8	6073
4|3|OP_OB____P_O	7	5756
4|3|O_OPB____O_P	7	5552
4|3|OO_P__B_O__P	6	4724
4|3|OO_P__B_P_O_	5	4630
4|3|OP_P_B__O__O	7	4595
4|3|O_OPB____P_O	6	4565
4|3|O_O___B_PO_P	5	4367
4|3|OB_P_O__O__P	7	4140
4|3|OP_PB___O_O_	5	3892
4|3|O_O_B___PO_P	7	3869
4|3|O_OP_B__P__O	7	3824
4|3|OO_P__B__P_O	6	3821
4|3|OO_P__B__O_P	6	3561
4|3|OP_O_B__O__P	7	3485
4|3|OP_P___BO_O_	8	3482
4|3|O_OP_B__O__P	8	3481
4|3|O_OP___BP_O_	8	3464
4|3|OP_O__B_P__O	6	3380
4|3|OBOP____O__P	9	3376
4|3|OP_OB___O_P_	5	3365
4|3|OO_PB___P__O	7	3336
4|3|O_O____BO_PP	9	3286
4|3|OP_O___B_P_O	6	3254
4|3|O__O_B__P_OP	6	3229
4|3|OO_P___B_P_O	7	3191
4|3|OO_O___B_P_P	7	3140
4|3|OO_PB___P_O_	7	3086
4|3|OBO_____PP_O	6	3055
4|3|OO_OB___P_P_	7	3053
4|3|O_OPB___O__P	7	3012
4|3|OP_O____O_BP	7	2988
4|3|OO_O_B___P_P	7	2921
4|3|OB_P___OO_P_	8	2904
4|3|OO_O__B_P_P_	7	2870
4|3|OP_O___BO__P	7	2865
4|3|O__O____POBP	9	2798
4|3|OO_O___PP_B_	9	2751
4|3|O_O____PPOB_	5	2749
4|3|OP_O__B_O__P	6	2648
4|3|O_PP_B__O__O	6	2639
4|3|P_O___OBP_O_	7	2632
4|3|OO_OP____B_P	8	2625
4|3|OB_P__O_O__P	8	2602
4|3|OO_P___OP_B_	8	2600
4|3|OP_O____PB_O	8	2497
4|3|P_O_O__BP_O_	7	2380
4|3|OO_P___BP__O	7	2375
4|3|O__O_O__PB_P	8	2338
4|3|OP_P___BO__O	7	2337
4|3|O_OP_B___P_O	7	2320
4|3|OP_O___OP_B_	9	2259
4|3|OB_P___OO__P	8	2248
4|3|OP_P_B___O_O	6	2172
4|3|O_O__O_PP_B_	6	2160
4|3|OP_O__B_P_O_	5	2108
4|3|OP_O_B___O_P	6	2101
4|3|O_P____OPOB_	8	2097
4|3|OP_B___OP__O	6	2089
4|3|O_OP__B__P_O	5	2076
4|3|OOBP____P__O	7	2071
4|3|OO_PO____B_P	8	2069
4|3|P_O__O_BP_O_	7	2042
4|3|OB_P__O_O_P_	8	2038
4|3|P_O__O_OP_B_	7	2026
4|3|OP_P_B__O_O_	7	2023
4|3|OP_OO____B_P	10	1994
4|3|O_P__O_OP_B_	10	1981
4|3|O__O_O__P_BP	9	1959
4|3|O_O___B_PP_O	5	1958
4|3|O__OP____BOP	8	1940
4|3|O_P_O__OP_B_	10	1860
4|3|OB_PO___P__O	8	1855
4|3|O_OP__B__O_P	5	1841
4|3|P_O_O__OP_B_	7	1822
4|3|O_P___OBO_P_	7	1817
4|3|OO_P___B_O_P	9	1767
4|3|OO_P___BO__P	9	1746
4|3|OO_____PPOB_	7	1733
4|3|O__OO___P_BP	11	1678
4|3|O_O____OPB_P	9	1664
4|3|O_OPB___P_O_	7	1636
4|3|O_BP__O_P__O	7	1618
4|3|OO_P__B_PO__	6	1614
4|3|O_P__O_BP_O_	5	1605
4|3|OOB_____OP_P	5	1591
4|3|O_O_B__O_P_P	5	1575
4|3|O__P_O_OP_B_	8	1571
4|3|OP_O___B_O_P	8	1560
4|3|O__PO____BOP	9	1557
4|3|OP_P___B_O_O	8	1556
4|3|O__P___OPOB_	8	1548
4|3|O_O__O_BP_P_	5	1531
4|3|O__P_OB_O__P	5	1528
4|3|OO____B_PO_P	6	1518
4|3|OOP_B____O_P	6	1495
4|3|PBO____OP_O_	6	1491
4|3|O__OP_O__B_P	10	1488
4|3|O_P_B__O_O_P	5	1438
4|3|O__POB___O_P	6	1436
4|3|OBO_____P_PO	5	1429
4|3|O_O__B__PP_O	7	1422
4|3|OP_O_B__O_P_	7	1410
4|3|O_P____OPBO_	6	1402
4|3|OBP_____OP_O	8	1395
4|3|OB_PO____P_O	9	1392
4|3|OP_O___BOP__	7	1386
4|3|P_O__B_OP_O_	5	1384
4|3|O__P__OBP_O_	7	1382
4|3|OP_O__B__P_O	7	1370
4|3|OP_O_____OBP	7	1368
4|3|O__PO__OP_B_	8	1364
4|3|OP_P__B__O_O	7	1356
4|3|O_OPB____OP_	6	1356
4|3|OOO_B____P_P	6	1354
4|3|OOP_B____P_O	6	1348
4|3|POO____BP_O_	8	1339
4|3|OOO____BP_P_	7	1310
4|3|O_P_O__B_P_O	5	1309
4|3|O__OO__PP_B_	10	1308
4|3|O_BP_O__O__P	6	1307
4|3|OP_OB___P_O_	7	1296
4|3|OP_____OPOB_	7	1290
4|3|OP_O__B__O_P	7	1285
4|3|OPO____BP_O_	7	1278
4|3|O_P__B_OP_O_	5	1277
4|3|O_O___O_PB_P	9	1256
4|3|OO_P_____PBO	6	1248
4|3|OO_O____PBP_	8	1240
4|3|OP_O____PBO_	8	1230
4|3|O_P____BPOO_	7	1230
4|3|O_P__B_OO_P_	5	1228
4|3|OP____B_PO_O	6	1225
4|3|OOB____OP_P_	6	1220
4|3|O_O__O__PB_P	8	1198
4|3|OP_____BO_OP	9	1179
4|3|O_P_B____OOP	6	1175
4|3|OP_O_B__P_O_	7	1155
4|3|PO_P___O_OB_	7	1144
4|3|O_OB___PP__O	5	1142
4|3|O_O_B____POP	6	1136
4|3|O_OPO____B_P	9	1129
4|3|OPO____BO_P_	7	1110
4|3|OOB____PP__O	6	1109
4|3|O__PO_O__B_P	11	1105
4|3|O_P__O_BO_P_	7	1081
4|3|POB____O_O_P	7	1075
4|3|OB_O____P_OP	5	1070
4|3|OP_O_B___P_O	8	1069
4|3|O_O____BPPO_	7	1060
4|3|OB_PO____O_P	7	1044
4|3|O_P___OOP_B_	9	1029
4|3|OO_O__B_PP__	6	1029
4|3|OB_OO___P__P	7	1024
4|3|OB_PO___O__P	9	1023
4|3|OB_PP___O__O	8	1021
4|3|O_P_O__O_B_P	8	1015
4|3|POB____OPO__	8	1008
4|3|OOP____B_P_O	6	999
4|3|OO_PB____OP_	6	994
4|3|OB_PO___O_P_	7	984
4|3|OP_O__B_O_P_	7	983
4|3|OO_P___BOP__	8	977
4|3|O__PO__O_B_P	11	971
4|3|PO_PO____BO_	6	971
4|3|O_P_O_O__B_P	8	965
4|3|OB_O___PO__P	8	963
4|3|O_O_P__O_B_P	8	953
4|3|O_P_O__BO_P_	7	953
4|3|O_OP___OP_B_	8	940
4|3|P_O___OOP_B_	6	914
4|3|O_P_BO___O_P	5	913
4|3|O__OOB___P_P	7	901
4|3|OB_PP_O____O	6	893
4|3|O_BP_O__P__O	8	882
4|3|OBO____PO__P	8	881
4|3|PB___O_OP_O_	6	881
4|3|OO_P__BOP___	5	880
4|3|O_OP___B_O_P	9	879
4|3|O__P_BO__O_P	6	878
4|3|O_O_BO___P_P	5	871
4|3|OOO_____PB_P	8	863
4|3|OB_____POP_O	8	857
4|3|O_P_B_O__O_P	5	849
4|3|O_O_B_O__P_P	5	847
4|3|OBPO____O_P_	5	845
4|3|OB_PO___P_O_	7	841
4|3|OOB____OP__P	6	834
4|3|OBPO____P_O_	5	828
4|3|OB_P_P__O__O	8	826
4|3|O_P_BO___P_O	5	826
4|3|OOP____BP_O_	7	825
4|3|PO_P___B_OO_	8	824
4|3|PO_PB____OO_	8	809
4|3|O_BPO___P__O	8	806
4|3|O_P__O_OPB__	6	806
4|3|O_P___BOP__O	7	800
4|3|O__P_O_BP_O_	7	794
4|3|P_O_O__O_B_P	8	791
4|3|O__P__OOP_B_	7	789
4|3|OBP____OO_P_	7	779
4|3|O_O____BPOP_	8	776
4|3|O_P__O_BO__P	6	774
4|3|O_O____B_POP	8	770
4|3|O_P___BOO_P_	7	766
4|3|O_O_P_O__B_P	8	761
4|3|O_PPB____OO_	7	760
4|3|O__PO_B__O_P	5	760
4|3|O_P_P__O_BO_	5	748
4|3|OP_P_O___B_O	5	742
4|3|O__P_OB__O_P	5	741
4|3|OB_O_P__O__P	7	736
4|3|OB_PO_O____P	7	730
4|3|P_O_O_O__B_P	8	728
4|3|O_OPB____PO_	7	728
4|3|OO_O_____PBP	8	725
4|3|OPOB____P__O	6	723
4|3|O_O__O_PPB__	7	721
4|3|O_P_B_O__P_O	5	717
4|3|O_O_O__B_P_P	7	713
4|3|O_O__O_BP__P	6	712
4|3|OBP_____O_PO	7	699
4|3|POO_B____O_P	8	698
4|3|P_O_O__B_O_P	7	697
4|3|O__OPO___B_P	9	684
4|3|O_P__B_OP__O	5	683
4|3|O_B__O_PO__P	5	680
4|3|O__PO__BP_O_	7	674
4|3|O__P_B_O_O_P	6	673
4|3|O_PB___O_P_O	5	669
4|3|O_P__BO_P__O	5	656
4|3|P_O_B__OP_O_	7	654
4|3|O_OP___B_PO_	8	646
4|3|PO_PO__B__O_	7	646
4|3|OB__O__PP_O_	7	634
4|3|O__OO___PB_P	10	629
4|3|O_P____B_OOP	8	624
4|3|OB_OO____P_P	7	623
4|3|OOP____BO_P_	8	615
4|3|O_OP_O___B_P	8	608
4|3|OPOB_____P_O	4	605
4|3|OB__O__PP__O	7	600
4|3|O__P_B___OOP	7	599
4|3|OO_P_OB_P___	5	598
4|3|P_O_P__O_BO_	5	583
4|3|O__P___OPBO_	8	576
4|3|O____O_PPOB_	6	575
4|3|O_P_O__B_O_P	7	568
4|3|O_____BOPO_P	5	568
4|3|OP_PB____OO_	6	567
4|3|OP_OB____OP_	6	564
4|3|OP_O___PO_B_	6	564
4|3|OOO____PP_B_	8	563
4|3|O__OP_O___BP	7	562
4|3|O__OO__B_P_P	6	561
4|3|OB_PO__O___P	7	559
4|3|POO____B_O_P	8	558
4|3|OO____B_PP_O	6	558
4|3|OP_O__B_PO__	6	558
4|3|O__P__B_POO_	6	557
4|3|O__O_OB_P_P_	7	556
4|3|O_OP___B_OP_	8	554
4|3|OB_PP___O_O_	7	552
4|3|OPP____BO_O_	7	546
4|3|O__POO___B_P	10	543
4|3|OOO____B_P_P	8	542
4|3|OO_PO_____BP	7	540
4|3|OO_PB____PO_	6	535
4|3|OP___O_OP_B_	9	531
4|3|OOO___B_P__P	6	529
4|3|OBO____POP__	7	528
4|3|OO_POB____P_	5	524
4|3|OO_____PP_BO	8	523
4|3|OB_O___POP__	7	518
4|3|OO___O_PP_B_	9	515
4|3|OB_PO_____PO	8	515
4|3|OO_PO__B__P_	7	514
4|3|O_OP___O_PB_	7	513
4|3|OO_PO____BP_	7	505
4|3|OO_OB____PP_	6	505
4|3|OPB____PO_O_	8	503
4|3|OP____OBP_O_	6	500
4|3|OP_OP____B_O	7	499
4|3|OB_OP___O__P	7	495
4|3|O_BP___OO__P	8	494
4|3|O_O___OB_P_P	7	492
4|3|OPB____OP_O_	6	490
4|3|O_P_O__P_OB_	7	488
4|3|OO_PB_____PO	6	485
4|3|O_P__OB_P__O	7	483
4|3|P_P_O__O_OB_	7	483
4|3|OP____OBO_P_	6	481
4|3|O_OB___P_P_O	6	479
4|3|O_O____OPBP_	8	478
4|3|P_O_BO___O_P	7	474
4|3|OP_P___O_OB_	6	473
4|3|O_P_B__OP__O	6	473
4|3|OO____OBP_P_	6	471
4|3|O_O_OB___P_P	6	466
4|3|O__P__BO_O_P	5	464
4|3|OO_P_O____BP	7	462
4|3|PO_POB____O_	5	462
4|3|PO_P_B___OO_	5	462
4|3|POB__O_OP___	7	461
4|3|OO_P_B____PO	6	460
4|3|OB_POO_____P	6	456
4|3|OO_P___OPB__	7	454
4|3|O_BP_P__O__O	6	454
4|3|P_O_O__B_PO_	6	452
4|3|O__PB__OP_O_	6	449
4|3|O_P___OBPO__	6	448
4|3|O__PO____OBP	6	446
4|3|O_BPO____P_O	6	445
4|3|OP__O__OP_B_	9	444
4|3|OO__O__PP_B_	9	443
4|3|OPB_____O_OP	6	443
4|3|OPB_____PO_O	7	440
4|3|O_O____OPPB_	9	434
4|3|O_P_OB__P__O	5	434
4|3|O_O___OBPP__	6	433
4|3|POP____O_OB_	8	432
4|3|OPB____OO_P_	8	426
4|3|O__OB____POP	8	424
4|3|P_O_B_O__O_P	7	424
4|3|O_O__B___POP	7	423
4|3|OOP____B_O_P	8	422
4|3|OP_PO____BO_	7	422
4|3|PBO__O_OP___	5	421
4|3|OPBP_____O_O	7	420
4|3|O__OO_B_P_P_	7	418
4|3|O_BPO____O_P	6	418
4|3|P_P__O_O_OB_	7	416
4|3|OPO____OP_B_	8	415
4|3|O_P_O__B_PO_	6	415
4|3|OO_P____OPB_	6	413
4|3|O_O__O_B_P_P	7	412
4|3|OP____OOP_B_	8	411
4|3|O__PO__O__BP	8	408
4|3|OO____OPP_B_	8	406
4|3|O_P___OB_O_P	7	405
4|3|OP_OB_____PO	6	404
4|3|POO____OP_B_	9	403
4|3|O_O_P__OP_B_	9	400
4|3|O_P_OB___P_O	6	399
4|3|OPOB___O_P__	4	398
4|3|O__P___BPOO_	8	397
4|3|P_P_O__B_OO_	6	397
4|3|OB__O_P_P__O	5	397
4|3|OOP____BO__P	8	395
4|3|O__P_O___OBP	6	395
4|3|OB_PO__O__P_	7	393
4|3|O____OB_PO_P	5	391
4|3|OO_P___O_PB_	7	390
4|3|OOP____BP__O	8	385
4|3|PB__O__OP_O_	8	383
4|3|O_P_OO___B_P	7	383
4|3|O_O__B_O_P_P	6	382
4|3|OO_PB__O__P_	5	382
4|3|OO_PBO____P_	5	381
4|3|OO_P___B_PO_	8	380
4|3|OP_P__O__OB_	5	380
4|3|OO_P_B_O__P_	5	378
4|3|OO_OP____BP_	7	376
4|3|OP_OO__B_P__	6	376
4|3|O_OPO____BP_	8	375
4|3|OB_PP__O__O_	7	374
4|3|O_P_O_B_P__O	7	374
4|3|OO_O___B_PP_	6	374
4|3|O___O__PPOB_	6	374
4|3|OP_OB_____OP	6	372
4|3|OP_PB__O__O_	5	372
4|3|O_O_O__PPB__	9	369
4|3|POB_O__OP___	7	369
4|3|O__OB_O_P_P_	6	367
4|3|OB_PO_O___P_	7	365
4|3|O__P__OBPO__	6	364
4|3|OB_____POPO_	8	361
4|3|OO____OBP__P	6	361
4|3|OP_P_O___BO_	5	358
4|3|O____O_PPBO_	6	357
4|3|OP_____BPOO_	7	353
4|3|OO____BOP_P_	6	353
4|3|OP_O__OB_P__	6	353
4|3|O_BP_O___O_P	6	353
4|3|O_P_BO__P__O	6	353
4|3|OO_P__O_PB__	7	351
4|3|O_P_O__OPB__	8	350
4|3|OOP____BOP__	7	350
4|3|OO_P_____BPO	6	350
4|3|OOP___B__P_O	7	347
4|3|O_O_BO__P__P	5	347
4|3|PO_P_B_O__O_	5	345
4|3|O__P__O_PBO_	8	340
4|3|OOP____P_OB_	8	336
4|3|OOO____BP__P	8	335
4|3|OO_____BPOP_	7	335
4|3|O_P_B_O_P__O	6	335
4|3|O_P__O_B_O_P	7	334
4|3|OP_OBO____P_	5	331
4|3|OP_PBO____O_	5	331
4|3|O__OO__PPB__	9	329
4|3|OBO_O__PP___	6	329
4|3|OB_OO__PP___	6	329
4|3|O__OBO__P_P_	6	329
4|3|OO_O___P_PB_	9	327
4|3|OP_OOB_____P	6	327
4|3|OP_POB_____O	6	327
4|3|PO___O_OP_B_	10	325
4|3|O_O_O___PB_P	9	322
4|3|O_P__O_P_OB_	7	322
4|3|OBO_O____P_P	6	322
4|3|O_P_O_B__P_O	6	321
4|3|POP_B__O_O__	6	320
4|3|O_OP_O____BP	6	319
4|3|O_P_O__O_BP_	7	317
4|3|O__PB_O_P_O_	6	317
4|3|O_O_O__P_B_P	9	316
4|3|OO_OB_____PP	6	316
4|3|OB__P__OO_P_	5	314
4|3|O_O_P__O_BP_	7	313
4|3|O_O_PO___B_P	7	312
4|3|OB_PP_O___O_	7	306
4|3|P_O_OO___B_P	7	306
4|3|OB__P__OP_O_	5	304
4|3|OOP____BPO__	7	301
4|3|O__PBO__P_O_	6	299
4|3|OP_OB__O__P_	5	299
4|3|OO_O_B____PP	6	298
4|3|O_O__BO__P_P	6	298
4|3|O__P_O__PBO_	7	297
4|3|OO_P___B_OP_	8	296
4|3|O_BP_O___P_O	6	295
4|3|O_P___BOPO__	6	295
4|3|OP_O__BOP___	5	295
4|3|O__O_B___POP	8	293
4|3|OB___P_PO_O_	7	293
4|3|OB___O__OP_P	5	291
4|3|O__P__B__OOP	5	291
4|3|OOO____BPP__	7	290
4|3|OPO___B_P__O	6	290
4|3|P_B_OO_O_P__	8	289
4|3|P_B_OO_P_O__	8	288
4|3|O_B__P_OO__P	5	287
4|3|P_P_BO_O_O__	5	287
4|3|P_P_B__O_OO_	6	285
4|3|POB___OOP___	6	283
4|3|O__PP__O_BO_	7	282
4|3|O__O_B___OPP	6	282
4|3|POO____B_PO_	7	281
4|3|O_____OPPOB_	5	280
4|3|OB__P__PO_O_	7	279
4|3|OO____BOP__P	6	279
4|3|OP____BOP__O	6	279
4|3|OPP_B____O_O	6	277
4|3|PO_PB__O__O_	7	276
4|3|P_O_O__O_BP_	7	276
4|3|OBO_P____P_O	6	276
4|3|OPO_B____O_P	6	274
4|3|OOOPB_____P_	6	272
4|3|PO__O__OP_B_	10	271
4|3|OO_O_P____BP	7	271
4|3|P_O_O__O_PB_	7	269
4|3|P_B_O__P_OO_	7	268
4|3|O__OOB____PP	6	268
4|3|O__P__BOPO__	6	268
4|3|OB___P_PO__O	7	265
4|3|O__POO____BP	7	265
4|3|O___OO_PP_B_	7	264
4|3|O_BPP_O____O	6	264
4|3|O_P___BO_O_P	6	264
4|3|OPB____OO__P	8	263
4|3|O_O_O__P_PB_	7	263
4|3|OOOP__B__P__	5	263
4|3|P_B_O__O_PO_	7	261
4|3|P__PO__O_OB_	7	258
4|3|POOP_B____O_	6	258
4|3|O_P___OOPB__	7	255
4|3|PB____OOP_O_	7	255
4|3|O__P_O_O__BP	7	253
4|3|P__PO_O__BO_	7	253
4|3|POO_B__O_P__	6	253
4|3|POO____O_PB_	8	250
4|3|OBOPP______O	5	249
4|3|OP____BOO_P_	6	248
4|3|O_O___P_PB_O	6	248
4|3|O_O___OPPB__	8	246
4|3|POP____B_OO_	7	244
4|3|OO_P__B__PO_	5	244
4|3|OOP___B_P__O	8	242
4|3|OO_PO__B_P__	7	242
4|3|O_P__OB__P_O	6	242
4|3|OOP____B_PO_	7	241
4|3|OO_P_BO___P_	5	241
4|3|OPOPB_____O_	6	240
4|3|OOP___B_O__P	8	239
4|3|P_B_OO_OP___	8	239
4|3|OOPO___B_P__	6	239
4|3|OO_O__P_PB__	6	239
4|3|OO_PB_O___P_	5	239
4|3|OP___O_BP_O_	6	236
4|3|OB__P__PO__O	7	235
4|3|PO_P_O_B__O_	7	235
4|3|P_B__O_O_PO_	7	235
4|3|OP_O_BO____P	6	235
4|3|OP_P_BO____O	6	235
4|3|O__O_P___OBP	6	233
4|3|O_P_P__O_OB_	8	230
4|3|P_O__O_O_PB_	7	230
4|3|P_B_O_OOP___	7	230
4|3|P_O_BO_O_P__	5	229
4|3|OOP_O____B_P	7	228
4|3|OP___O_BO_P_	6	228
4|3|PO____OOP_B_	9	227
4|3|PO_PBO____O_	7	224
4|3|OO___B__OP_P	6	224
4|3|OP_P_BO_O___	6	224
4|3|OP_P_B_OO___	6	224
4|3|O__PO__P_OB_	5	224
4|3|OO___O_BP_P_	6	222
4|3|OBO__P_PO___	6	222
4|3|OB_O_P_PO___	6	221
4|3|O_P_O_OB_P__	5	221
4|3|OBPO_____O_P	5	218
4|3|OB_O_P___O_P	5	218
4|3|O_P_O_B__O_P	6	217
4|3|O_P__O_BPO__	6	216
4|3|OO__B__OP_P_	5	216
4|3|P_B_O_OO_P__	7	215
4|3|OB_PO____OP_	6	214
4|3|OB__O__PPO__	6	214
4|3|OO_____BP_PO	6	213
4|3|P_B_O_OP_O__	7	211
4|3|OBP_O____O_P	6	211
4|3|P_O_O_OB_P__	5	209
4|3|P_P_O_OB_O__	5	209
4|3|O_O__O_BPP__	6	208
4|3|OPB____O_P_O	6	207
4|3|OP_OB_O___P_	5	207
4|3|OP_PB_O___O_	5	207
4|3|OB_PO_____OP	9	206
4|3|OOOP__B_P___	5	206
4|3|PO_P_BO___O_	5	205
4|3|PO_PB_O__O__	6	204
4|3|OOO____P_PB_	8	202
4|3|OO_P_B___OP_	5	202
4|3|OP_O_OB_P___	5	200
4|3|POO_O____B_P	7	197
4|3|O__OO_P_PB__	7	196
4|3|O__PP_O__BO_	7	196
4|3|OO_P__OB_P__	7	195
4|3|P_B__O_P_OO_	7	195
4|3|PO_P__OB_O__	6	195
4|3|OB_PO__PO___	9	194
4|3|P_O_B__O_PO_	6	193
4|3|OOP___B__O_P	7	192
4|3|P_O_B__O_OP_	6	192
4|3|P_O__O_B_PO_	6	190
4|3|O__P_O_P_OB_	5	190
4|3|O_O_O__B_PP_	6	189
4|3|P_O_O__B_OP_	6	189
4|3|OO_P_O_B__P_	7	188
4|3|P_P___OO_OB_	6	188
4|3|O_O__O_P_PB_	7	187
4|3|O_P_P_OO_B__	6	187
4|3|O_PPOB_____O	5	185
4|3|OO___O_PPB__	6	183
4|3|OPOP_____OB_	5	182
4|3|O___O_B_PO_P	5	182
4|3|OPB____O_O_P	6	181
4|3|OB_PP____OO_	6	180
4|3|OP_POB____O_	6	177
4|3|O_B_O__P_O_P	5	176
4|3|OPB____OOP__	7	175
4|3|OOPB_____P_O	5	175
4|3|OOO_P____B_P	7	173
4|3|O_BPO__O___P	7	172
4|3|PBO_O__OP___	7	172
4|3|OBP_P____O_O	6	172
4|3|O_B_O__P_P_O	5	171
4|3|OB_POO____P_	6	168
4|3|OBP_P__O__O_	6	166
4|3|O_P___OP_OB_	6	166
4|3|OP____OBPO__	5	166
4|3|OBO_O__P_P__	6	165
4|3|OB_OO__P_P__	6	165
4|3|O_P_OO_P_B__	6	165
4|3|OO_PO__P__B_	6	163
4|3|OP__O__BP_O_	6	162
4|3|O_P__OB__O_P	6	162
4|3|OP__B__OP_O_	5	162
4|3|O_P__O_B_PO_	6	161
4|3|O__P_OO___BP	6	161
4|3|P_P__O_B_OO_	6	161
4|3|P_P___BO_OO_	5	161
4|3|OP__O__BO_P_	6	158
4|3|P_O___OB_PO_	6	158
4|3|P_O_PO_O_B__	5	158
4|3|OB_OO__P___P	7	156
4|3|OOO__B___P_P	6	156
4|3|O_P_O__BPO__	6	156
4|3|O__POO_P__B_	6	155
4|3|OO_PP__O_B__	6	154
4|3|OO__O__BP_P_	6	154
4|3|OO____OBPP__	5	154
4|3|OBP_O__O__P_	6	153
4|3|O___O__PPBO_	8	149
4|3|OOP____OPB__	6	149
4|3|O_O_O__P_BP_	8	148
4|3|O_O_O__BPP__	6	148
4|3|O____OOPP_B_	6	148
4|3|O_____B_POOP	5	148
4|3|OOP__B___P_O	6	147
4|3|OB_PPO____O_	6	147
4|3|POOPB_____O_	8	143
4|3|O__O_OB_PP__	6	143
4|3|O__P_OB_PO__	6	143
4|3|OB_P__OPO___	8	142
4|3|OBO_O___P__P	6	142
4|3|P_O_OO_P_B__	6	141
4|3|O__PO__P_BO_	8	140
4|3|PO_PB_O___O_	7	140
4|3|OO___OB_P__P	6	140
4|3|OP___OB_P__O	6	140
4|3|OO____BOPP__	5	140
4|3|OP____BOPO__	5	140
4|3|O_B__O_P_O_P	5	140
4|3|O_B__O_P_P_O	5	140
4|3|O_B__P_O_O_P	5	140
4|3|O_B__P_O_P_O	5	140
4|3|PO_____OPBO_	5	139
4|3|P__PO_OB_O__	5	139
4|3|O_OP_O_B__P_	6	138
4|3|O_BPOO_____P	6	138
4|3|O__PP_OO__B_	6	138
4|3|PBO___OOP___	6	138
4|3|OO_P_O_P__B_	6	136
4|3|OO_P_P_O__B_	6	136
4|3|OBO_P___O__P	6	136
4|3|O_P___OB_PO_	6	136
4|3|POO____OPB__	6	136
4|3|P_P___OB_OO_	6	136
4|3|P_B__OOOP___	7	133
4|3|OP_P_B_O__O_	6	133
4|3|OO_PO_P__B__	6	132
4|3|OB__P_O_P__O	5	132
4|3|O_P___BO_PO_	5	132
4|3|OP_O_O_B_P__	6	130
4|3|O_PP_BO____O	5	130
4|3|O_BP_O____OP	5	129
4|3|P_P_O_BO_O__	5	129
4|3|O__OB___POP_	7	127
4|3|O_P_PO_O_B__	5	127
4|3|POO____B_OP_	7	126
4|3|O_P___B__OOP	6	125
4|3|OP_O_B_O___P	6	124
4|3|OP_P_B_O___O	6	124
4|3|O__O_OP_PB__	6	124
4|3|_OO_O__P_PB_	6	124
4|3|O__P_P_O_OB_	5	124
4|3|OOO____B_PP_	7	123
4|3|OO_B___P_P_O	5	123
4|3|PO_P__OB__O_	7	122
4|3|O_____OPPBO_	7	121
4|3|O_BP_O_O___P	6	120
4|3|POP___BO_O__	6	120
4|3|OO_PP_O__B__	6	117
4|3|OB_PO__P__O_	8	115
4|3|OB_OOP_____P	6	115
4|3|OO__O__PPB__	8	112
4|3|P_O___OO_PB_	6	112
4|3|OOOP___B__P_	8	111
4|3|OPB___O__O_P	5	110
4|3|OPB___O__P_O	5	110
4|3|OO_P__OB__P_	7	109
4|3|O__PB___POO_	7	109
4|3|O_OP_O_P__B_	5	109
4|3|_OO_O__B_PP_	5	109
4|3|O_O___OB_PP_	6	108
4|3|P_O___OB_OP_	6	108
4|3|OOOP___B_P__	9	107
4|3|O_OP_P_O__B_	5	107
4|3|_OP_O__B_PO_	5	107
4|3|PB__OO_OP___	7	106
4|3|OO____P_PB_O	5	106
4|3|O_P_O_BO_P__	5	106
4|3|O_OBP__P___O	4	105
4|3|O_OB_P_P___O	4	105
4|3|O_OP_O_B_P__	8	104
4|3|OO__P__POB__	6	104
4|3|O_O_P__O_PB_	8	103
4|3|OB_OP__PO___	6	103
4|3|OOP___BO_P__	6	102
4|3|O_BP_P_O___O	6	102
4|3|_OP_O__O_BP_	6	100
4|3|O_O__O_B_PP_	6	99
4|3|P_O__O_B_OP_	6	99
4|3|PO__O__OPB__	7	98
4|3|OO___P_POB__	6	98
4|3|O__OO_B_PP__	6	98
4|3|O__PO_B_PO__	6	98
4|3|OOPB____P__O	5	98
4|3|OP_OO_B_P___	5	97
4|3|O___OO_PPB__	7	96
4|3|OO__O_B_P__P	6	96
4|3|OP__O_B_P__O	6	96
4|3|OBO_P__PO___	6	95
4|3|O_O___OP_PB_	6	95
4|3|P__POO___BO_	6	95
4|3|POOPB____O__	8	94
4|3|OOP_O__B_P__	6	94
4|3|O__POB___OP_	5	94
4|3|P__POB___OO_	5	94
4|3|O__OPO____BP	8	93
4|3|OPOP_B____O_	7	92
4|3|O__PPO___BO_	6	92
4|3|OO_P_O_B_P__	7	91
4|3|O_BP_OO____P	5	91
4|3|P_P_B_OO_O__	5	91
4|3|P_P__OBO_O__	5	91
4|3|POO_O__B_P__	6	90
4|3|POP_O__B_O__	6	90
4|3|OP_P_BO___O_	6	89
4|3|P_B___OO_PO_	6	89
4|3|P_B_P__O_OO_	8	85
4|3|OOP_B___P__O	7	85
4|3|OO____OPPB__	7	85
4|3|O_OP_O___BP_	7	85
4|3|P_B__OOO_P__	7	85
4|3|OO_P__O__PB_	6	85
4|3|OOBPO______P	5	85
4|3|OOBP_O_____P	5	85
4|3|OPOB___O__P_	5	84
4|3|O_BP_PO____O	5	79
4|3|O_P__OBO_P__	5	79
4|3|OOO_B___P__P	7	78
4|3|_O__OO_P_PB_	7	78
4|3|OO__B_O_P__P	5	78
4|3|OP__B_O_P__O	5	78
4|3|O__POB_O__P_	5	78
4|3|O__P_B_O_OP_	5	78
4|3|P__POB_O__O_	5	78
4|3|P__PO_B__OO_	5	78
4|3|P_B___OP_OO_	6	77
4|3|PO____OOPB__	6	76
4|3|_O__O_OP_PB_	6	76
4|3|OBPOO_____P_	5	76
4|3|OP_POB___O__	5	75
4|3|OP_P_BO__O__	5	75
4|3|OP_P_B_O_O__	5	75
4|3|P_B__OOP_O__	7	73
4|3|_OO_O__P_BP_	7	73
4|3|OP_POB__O___	6	72
4|3|_BP_OO_O__P_	6	72
4|3|OOPO_B_____P	5	71
4|3|OOPP_B_____O	5	71
4|3|P_O_B_OO_P__	5	71
4|3|OOP___OB_P__	6	70
4|3|POO___OB_P__	6	70
4|3|POP___OB_O__	6	70
4|3|OOBP_P_____O	5	70
4|3|OBP_O__P__O_	7	67
4|3|OPB_O__O_P__	6	65
4|3|O_P_OO_B_P__	5	63
4|3|O_PP_B_O___O	5	62
4|3|OOOP_____PB_	6	60
4|3|OPB____O_PO_	5	60
4|3|O__POBO___P_	5	59
4|3|O__P_BO__OP_	5	59
4|3|P_O_OO_B_P__	5	59
4|3|P_P_OO_B_O__	5	59
4|3|P__POBO___O_	5	59
4|3|P__P_OB__OO_	5	59
4|3|OOP______BPO	5	58
4|3|OPB______OOP	5	58
4|3|O__PO___BPO_	5	57
4|3|O_OP_O_P_B__	7	55
4|3|OB__PO_PO___	6	55
4|3|PB__O_OOP___	7	53
4|3|OPOB______PO	5	53
4|3|P__POO_B__O_	5	53
4|3|OO_P___B__PO	7	52
4|3|PB___OOOP___	6	52
4|3|OOP_P__O_B__	5	52
4|3|O__POO_B__P_	5	51
4|3|POO_P__O_B__	5	50
4|3|O___O_OPPB__	8	49
4|3|_O__PO_O_PB_	8	48
4|3|O____OOPPB__	7	48
4|3|OB__OP_PO___	7	47
4|3|OP_P_B___OO_	6	46
4|3|OBO__P_P_O__	4	46
4|3|OBPO_O____P_	4	46
4|3|OBPO_____OP_	4	46
4|3|OB_O_P_P_O__	4	46
4|3|_O__P_OO_PB_	7	45
4|3|OPB__O_O_P__	6	44
4|3|O__P_OOP__B_	5	43
4|3|O__P_POO__B_	5	43
4|3|O_OPO_P__B__	7	41
4|3|OPB___OO_P__	5	41
4|3|O_P__OOB_P__	5	39
4|3|P_O__OOB_P__	5	39
4|3|P_P__OOB_O__	5	39
4|3|O_P_O_OP_B__	7	34
4|3|P_O_P_OO_B__	6	32
4|3|O__P_OOB__P_	5	32
4|3|O__P_BOO__P_	5	32
4|3|P__POOB__O__	5	32
4|3|P__PBOO__O__	5	32
4|3|O__PPO_O__B_	7	30
4|3|OOP__O_B_P__	6	28
4|3|POO__O_B_P__	6	28
4|3|POP__O_B_O__	6	28
4|3|P__PBOO___O_	5	27
4|3|OO_B_P_P___O	4	25
4|3|O___P__PBOO_	4	25
4|3|OOPB___O__P_	4	17
4|3|OOPB______PO	4	17
4|3|OP_B___O__PO	5	12