4|3|OO_O____P_BO	10	19976
4|3|OO_O____OB_P	10	18752
4|3|OO_O___BO_P_	9	16830
4|3|OO_P_B__O__O	8	13683
4|3|OO_P__B_O__O	8	11831
4|3|OO_P__B__O_O	8	11357
4|3|OO_O__B_O__P	8	10807
4|3|OP_O___BO_O_	9	10296
4|3|OO_P_B__O_O_	8	10258
4|3|OP_OB____O_O	10	9548
4|3|OO_O__B__P_O	8	9046
4|3|OO_O_B__O_P_	7	9035
4|3|OO_O__B_P_O_	8	8428
4|3|OO_PB___O_O_	8	8098
4|3|OO_P_B___O_O	7	8076
4|3|OO_O__B__O_P	8	7910
4|3|OO_OB___O_P_	8	7585
4|3|OO_O___B_P_O	8	7576
4|3|OO_O_B___O_P	8	7254
4|3|OO_P__B_O_O_	7	7159
4|3|OO_O_B__P_O_	7	6868
4|3|OP_O___BO__O	8	6681
4|3|OO_O___BP__O	8	6586
4|3|O_OPB____O_O	11	6529
4|3|OBOP____O_O_	9	6462
4|3|O_OP_B__O__O	10	6413
4|3|O_OP__B__O_O	7	5625
4|3|O_OP_B___O_O	9	5577
4|3|OP_O__B_O__O	8	5212
4|3|OB_P_O__O__O	9	5091
4|3|OP_O_B__O__O	9	5082
4|3|OO_O_B___P_O	9	4576
4|3|OO_O___B_O_P	10	4556
4|3|OP_OB___O_O_	8	4434
4|3|OP_O___B_O_O	9	4271
4|3|OO_O__B_O_P_	10	4255
4|3|O_OPB___O_O_	8	4143
4|3|OO_P___B_O_O	10	4116
4|3|O_OP_B__O_O_	9	4010
4|3|OB_O_O__O__P	8	4002
4|3|OO_OB___P_O_	10	3927
4|3|OBO_____OP_O	9	3748
4|3|OB_P__O_O__O	10	3716
4|3|OO_O_____OBP	10	3683
4|3|OP_O__B_O_O_	8	3683
4|3|OOBO____P__O	11	3651
4|3|OO_O____PBO_	9	3598
4|3|O_O____OPOB_	10	3541
4|3|O_O__B_OP_O_	7	3499
4|3|O_O__B_OO_P_	7	3390
4|3|OB_O__O_P__O	7	3354
4|3|OBO____OP_O_	7	3311
4|3|O__O_OB_O__P	7	3177
4|3|OP_O_B___O_O	9	3173
4|3|OO____B_PO_O	9	2837
4|3|OB_P_O__O_O_	9	2819
4|3|OBO____OO_P_	8	2659
4|3|OOBP____O__O	10	2584
4|3|OOB____PO_O_	6	2577
4|3|OO_O____OBP_	9	2547
4|3|OO____B_O_OP	8	2435
4|3|OB_O__O_O__P	9	2283
4|3|OOB____OP_O_	7	2241
4|3|OO_P__B_OO__	8	2235
4|3|OOO_____OB_P	9	2119
4|3|O_O____OPBO_	9	2031
4|3|O__OOB___O_P	8	2028
4|3|OB___O_OP_O_	7	1952
4|3|O_O___BOO_P_	8	1946
4|3|O_O_B__O_P_O	8	1924
4|3|OOP_B____O_O	9	1882
4|3|OO_OO__B__P_	8	1864
4|3|O_O_O__B_P_O	8	1834
4|3|OB_O___OO__P	9	1801
4|3|O_O_B__OP_O_	8	1798
4|3|O_O__B_OP__O	7	1784
4|3|OBO_____O_PO	8	1774
4|3|O_P_B__OO__O	7	1734
4|3|O_O__BO_P__O	7	1723
4|3|OOO_B____P_O	9	1720
4|3|OO_O__B_OP__	9	1686
4|3|OB_OO___P__O	9	1680
4|3|OB_PO___O__O	11	1645
4|3|O_O_B__OO__P	7	1636
4|3|OBO____PO_O_	10	1615
4|3|OOB____PO__O	9	1608
4|3|O_OPB____OO_	10	1605
4|3|OOB____OO_P_	9	1590
4|3|O__OO_B__O_P	7	1587
4|3|OB___O_PO_O_	8	1572
4|3|OO_O_____PBO	9	1552
4|3|O__O_OB__O_P	7	1541
4|3|O_O___BO_P_O	7	1521
4|3|OOB____OP__O	10	1486
4|3|O_P__O_BO__O	7	1474
4|3|O_O_OB___O_P	7	1456
4|3|OB___O_PO__O	8	1402
4|3|O_O__O_BP__O	7	1330
4|3|OO_PO____BO_	8	1318
4|3|OB_PO___O_O_	10	1283
4|3|OOO____B_P_O	9	1275
4|3|OO_PO_B____O	7	1251
4|3|OO_P_OB____O	7	1251
4|3|OOP____B_O_O	9	1246
4|3|O_O__B___OOP	8	1240
4|3|OB_O__P_O__O	7	1240
4|3|OBO__O_OP___	6	1240
4|3|O__O_OB_P_O_	8	1231
4|3|OO_PB____OO_	9	1223
4|3|OOB____POO__	8	1222
4|3|O_P__B_OO__O	7	1206
4|3|OO_O___P_OB_	9	1196
4|3|O_O_O_B__P_O	7	1181
4|3|O_O_P__O_BO_	8	1175
4|3|O_O__OB_O__P	6	1159
4|3|OO___B__O_OP	8	1158
4|3|O_O__B_O_O_P	7	1155
4|3|OOO___B__P_O	8	1138
4|3|O_P__BO_O__O	7	1127
4|3|OBPO____O_O_	8	1115
4|3|OOBP_____O_O	8	1083
4|3|O_O___OB_P_O	8	1071
4|3|OOB____OPO__	9	1070
4|3|OO_OP____BO_	8	1067
4|3|O_O__O_PO_B_	7	1059
4|3|O_B__O_OP_O_	8	1050
4|3|OO__B___O_OP	8	1046
4|3|O_OPO____BO_	10	1035
4|3|O_P_B_O_O__O	7	1030
4|3|O_O_BO___P_O	8	1028
4|3|OO_P__BO_O__	7	1018
4|3|O_OP__B__OO_	7	1018
4|3|O_O_OB__P__O	7	1008
4|3|OB__O__OP_O_	9	1007
4|3|OOP_B__O_O__	7	984
4|3|OOB____OO__P	9	982
4|3|O_O_B_O_O__P	7	980
4|3|OB_OP_O____O	7	962
4|3|OO_P__BOO___	7	957
4|3|O_O_B_O__P_O	8	951
4|3|O_OP_B___OO_	8	949
4|3|OO_POB____O_	7	949
4|3|OB__O__OP__O	9	948
4|3|O_O__O_B_P_O	8	941
4|3|O_O___BO_O_P	7	940
4|3|O_O_O__P_OB_	8	936
4|3|OO_P_O____BO	8	933
4|3|OOO_B__O_P__	7	893
4|3|O__OO_B_P_O_	8	885
4|3|O_P_BO__O__O	7	870
4|3|OO_P__O_O_B_	6	870
4|3|O_P_BO_O_O__	6	869
4|3|O__OOB__P_O_	7	864
4|3|OO_PO_____BO	8	860
4|3|O_O__BO__O_P	7	860
4|3|O__O_B___OOP	9	855
4|3|O_O_BO__O__P	7	840
4|3|OBO__O_PO___	7	833
4|3|OB_O_O_PO___	7	833
4|3|OO_P_B____OO	8	820
4|3|OBO___O_P__O	7	820
4|3|O_O_BO_O_P__	6	816
4|3|OBO____OP__O	7	812
4|3|OO_P_BO_O___	7	810
4|3|OO_P_B_OO___	7	810
4|3|OO_P_B__OO__	7	810
4|3|O_P_O__O_BO_	8	809
4|3|O_O__OB__P_O	7	807
4|3|OB_O___OP_O_	7	802
4|3|P_O_O__O_OB_	8	799
4|3|O_B_O__OP_O_	8	789
4|3|OO____BOP_O_	7	787
4|3|OB_O__O_P_O_	7	787
4|3|OO_OOB____P_	7	770
4|3|OOO___B_O__P	9	765
4|3|OO_O___B_OP_	9	761
4|3|OO_O_P____BO	8	747
4|3|OO_O__BO_P__	8	739
4|3|O_O_O_B__O_P	7	735
4|3|O_OP_OB____O	6	735
4|3|OBO_P__O__O_	7	733
4|3|OO_OB____PO_	9	714
4|3|POO____O_OB_	9	707
4|3|OO___BO_P__O	6	699
4|3|OO___B_OP_O_	6	699
4|3|OO_PO_B__O__	7	698
4|3|OO_P__B__OO_	7	697
4|3|OB_OO_O____P	8	696
4|3|OB__O__PO_O_	10	695
4|3|OO_P_B_O__O_	7	695
4|3|OB_O__P_O_O_	7	689
4|3|OP____BOO_O_	7	689
4|3|OO__B__OO_P_	6	683
4|3|O_P_OB__O__O	7	682
4|3|OO_POB_____O	7	671
4|3|OO_P_O___B_O	6	671
4|3|P_O__O_O_OB_	8	669
4|3|OO_O__P_OB__	7	666
4|3|OO_O_B____PO	8	661
4|3|O_P_B__O_OO_	7	661
4|3|OOB__O_PO___	7	658
4|3|OB____O_PO_O	7	650
4|3|OB__O_O_P__O	8	643
4|3|OOP__B__O__O	7	638
4|3|OO_P_OB_O___	7	638
4|3|OBO___P_O__O	7	631
4|3|OP__B__OO_O_	6	629
4|3|OOB__O_OP___	8	620
4|3|OOB____OOP__	8	620
4|3|OOO__B__P__O	7	620
4|3|OO_OO_B____P	7	619
4|3|OO_O_OB____P	7	619
4|3|O__O_B__POO_	7	617
4|3|OO_PB_O__O__	7	606
4|3|OBO__O__P__O	5	601
4|3|OOB___O_O__P	5	596
4|3|OB__O__PO__O	10	587
4|3|OOO___B__O_P	8	587
4|3|OOO____P_OB_	9	584
4|3|OBO_O____O_P	7	583
4|3|O_O_B__O_PO_	7	582
4|3|OO_O_O_B__P_	8	562
4|3|OOOP__B__O__	7	560
4|3|OO_O_B_O__P_	7	560
4|3|OBO_O__OP___	8	555
4|3|OB_OO__OP___	8	555
4|3|OOP__B___O_O	7	555
4|3|O_O__O_P_OB_	8	554
4|3|OO___O_POB__	7	554
4|3|OB_OO__O___P	8	548
4|3|OO_OO_B__P__	8	540
4|3|OB__O_P_O__O	8	539
4|3|OB____OOP_O_	8	537
4|3|OB_O_O__O_P_	5	535
4|3|OB_O_O__P_O_	5	535
4|3|O_O__OBOP___	5	535
4|3|O____OBOP_O_	5	535
4|3|O_B___OOP_O_	7	526
4|3|OBO_P____O_O	7	523
4|3|O_OPOB____O_	8	522
4|3|OO_P__B___OO	7	516
4|3|OB___O__O_OP	7	514
4|3|OO_P__O___BO	6	513
4|3|OB____OOP__O	8	511
4|3|OO___B_OO_P_	6	508
4|3|O_O__B_OPO__	6	508
4|3|OO_O__B__PO_	8	502
4|3|O_P_BO_O__O_	5	501
4|3|OOOP_B____O_	8	499
4|3|OO_O_BO_P___	6	492
4|3|O_P_OB_O__O_	6	490
4|3|O_P__B_O_OO_	6	490
4|3|O_O__OB__O_P	7	488
4|3|_OO_O__P_OB_	7	488
4|3|OO_P__O__OB_	6	483
4|3|OOO__B___O_P	7	479
4|3|OO_P_BO____O	7	467
4|3|O__O_OB___OP	6	460
4|3|P_O___BO_OO_	6	459
4|3|OO_OB_O__P__	7	458
4|3|O_O_O__P_BO_	9	456
4|3|O_O___B__OOP	7	453
4|3|OO_P__BO___O	7	452
4|3|OBO___OOP___	7	452
4|3|OB_O__OOP___	7	452
4|3|OB_OOO_____P	7	447
4|3|OOB____O_P_O	7	445
4|3|O_O___BO_PO_	6	430
4|3|OB____OPO_O_	9	429
4|3|OO_P_B___OO_	7	427
4|3|OOOO_B____P_	8	424
4|3|OO_P_O___BO_	6	421
4|3|OBO_O__O__P_	7	419
4|3|OO_P_BO___O_	7	401
4|3|O_O_BO_O__P_	5	386
4|3|O_O_P__O_OB_	9	385
4|3|OOP_B___O__O	8	374
4|3|OOB_O__OP___	8	370
4|3|OOB_O__PO___	7	370
4|3|OOB____P_O_O	7	367
4|3|O__POOB____O	6	363
4|3|O____BOOP_O_	6	363
4|3|OBO____OPO__	6	362
4|3|O_O_OB_O__P_	6	359
4|3|O_O__B_O_OP_	6	359
4|3|OB__O__OPO__	8	358
4|3|OB_O__O_PO__	6	357
4|3|P_O_O_BO_O__	6	357
4|3|OO_P_O__OB__	6	355
4|3|O__P_OBOO___	6	352
4|3|P_O_OB_O__O_	6	352
4|3|P_O__B_O_OO_	6	352
4|3|O_OP_B_O__O_	8	349
4|3|OO_O_BO___P_	7	346
4|3|OB___OO_P__O	7	344
4|3|OB____OPO__O	9	341
4|3|OOO_B___O__P	8	337
4|3|O_OP_OB__O__	7	335
4|3|OO____P_OB_O	6	334
4|3|O_O_O_BO_P__	6	334
4|3|OB_OO_O_P___	7	332
4|3|POO___BO_O__	7	332
4|3|OO_PO_B___O_	6	330
4|3|OO_P_OB___O_	6	330
4|3|OO_P__BO__O_	6	330
4|3|OO__O__POB__	9	326
4|3|O_OP__BO_O__	7	321
4|3|O_B_OO_PO___	8	320
4|3|OO_O_OB__P__	8	315
4|3|OO_O__OB__P_	8	311
4|3|_OB_O__O_PO_	7	311
4|3|OOB_O__P_O__	7	310
4|3|OO_O_B___OP_	7	310
4|3|OO_O__BO___P	7	310
4|3|OB___OP_O__O	7	307
4|3|OB__OO_OP___	8	299
4|3|OOO___BO_P__	7	299
4|3|OB_OO_P_O___	7	299
4|3|OOBO___PO___	6	298
4|3|_OO_O__P_BO_	8	293
4|3|P_O___OO_OB_	7	293
4|3|_OB_OO_P_O__	8	285
4|3|OOB___OPO___	6	285
4|3|OO__B_O_O__P	6	283
4|3|OP__B_O_O__O	6	283
4|3|OO_PO_B_O___	7	282
4|3|O_OP_OB_O___	6	281
4|3|OOB___OOP___	7	280
4|3|_OB_O_OP_O__	7	270
4|3|OOOPB____O__	9	269
4|3|OO_POB__O___	7	269
4|3|O_O___OP_OB_	7	266
4|3|O_O__BOOP___	6	265
4|3|O_P_B_OO_O__	6	265
4|3|O_P__BOOO___	6	265
4|3|OB____OOPO__	7	264
4|3|OOB___O__O_P	5	262
4|3|OOB___O__P_O	5	262
4|3|O__P_OBO___O	6	261
4|3|O___OB_OP_O_	6	261
4|3|O____B_OPOO_	6	261
4|3|O_OPBO___O__	8	258
4|3|OOOP__B____O	7	254
4|3|OO____OPOB__	8	251
4|3|O_B_OO_OP___	9	247
4|3|O_O_B_OO_P__	6	247
4|3|O_OPO_B__O__	7	245
4|3|OO_POB___O__	6	242
4|3|OO_P_BO__O__	6	242
4|3|OO_P_B_O_O__	6	242
4|3|OB_O_OO_P___	6	242
4|3|P_O__OBO_O__	6	242
4|3|OOP__B_OO___	6	241
4|3|O_O_OB_OP___	6	241
4|3|O__OOOB____P	6	240
4|3|OOBO_O_____P	6	239
4|3|O_B_O_OOP___	8	238
4|3|OOOP__B_O___	7	237
4|3|OB_____OPOO_	7	233
4|3|OOBO___O_P__	6	231
4|3|OB_O_OP_O___	6	230
4|3|O_O__OBO_P__	6	230
4|3|OO_P_B_O___O	7	229
4|3|OOBOO______P	6	224
4|3|OOBO_P_____O	6	224
4|3|O__OBOO____P	5	223
4|3|O__PBOO____O	5	223
4|3|O_B__OOPO___	7	221
4|3|O_P_OB_O_O__	5	220
4|3|O__P_OBO__O_	5	220
4|3|P_O_OB_O_O__	5	220
4|3|_OB_OO_O_P__	8	217
4|3|O__OOBO_P___	6	216
4|3|OOOOB____P__	9	214
4|3|O_OP_OB___O_	5	212
4|3|O__PB_OO_O__	6	209
4|3|OOBO___P_O__	6	208
4|3|O__OOO_B__P_	6	200
4|3|_OB_O_OO_P__	7	197
4|3|O_B_OO_P__O_	6	197
4|3|_OB_OO_P__O_	6	197
4|3|OOB_O__O_P__	7	188
4|3|_OB_PO_O_O__	9	186
4|3|OOP__B_O__O_	6	184
4|3|OO_P_OB__O__	7	181
4|3|OB__P_OO_O__	6	179
4|3|OO_O__B___OP	7	178
4|3|OOB____O_PO_	6	178
4|3|O_OP__O__OB_	5	173
4|3|OBO_P__O_O__	5	172
4|3|OOO__B_OP___	6	169
4|3|O_P_OB_OO___	6	169
4|3|_OB_P_OO_O__	8	168
4|3|POO__B_O__O_	6	168
4|3|OOB_P__O_O__	8	165
4|3|OB__OO_PO___	8	162
4|3|OOB____P_OO_	6	160
4|3|_OB_PO_O__O_	7	158
4|3|OB_OO_P__O__	5	153
4|3|OB_OP_O__O__	5	153
4|3|_OO_OB_O__P_	5	153
4|3|_OP_OB_O__O_	5	153
4|3|OB__O_OOP___	8	149
4|3|O_OP_BO___O_	8	148
4|3|OOB__O_O_P__	7	143
4|3|O_B__OOOP___	8	137
4|3|O_P__BOO__O_	6	137
4|3|OB___OOOP___	7	134
4|3|OO_O___B__PO	8	131
4|3|OB__O_OP_O__	7	130
4|3|OOB__O_P_O__	7	124
4|3|O_O__BOO__P_	6	123
4|3|OOO__B_O__P_	6	119
4|3|O_B_P_OO__O_	6	119
4|3|OOB___OO_P__	6	117
4|3|OO___BOOP___	5	116
4|3|O_P__BOO_O__	5	116
4|3|O__POOB___O_	5	116
4|3|O____BOOPO__	5	116
4|3|P_O__BOO_O__	5	116
4|3|OO__B_OO_P__	5	111
4|3|OP__B_OO_O__	5	111
4|3|OOB___OP_O__	6	108
4|3|O__OBOO__P__	6	104
4|3|O__PBOO__O__	6	104
4|3|_OB_O_OP__O_	5	103
4|3|_OB_P_OO__O_	6	93
4|3|P_O__BOO__O_	6	91
4|3|OOB_O__P__O_	5	91
4|3|OB__OO_P_O__	6	86
4|3|OOP__B_O_O__	5	83
4|3|POO__B_O_O__	5	83
4|3|OOB__O_P__O_	5	81
4|3|OOB__P_O__O_	5	81
4|3|OOOP__B___O_	6	70
4|3|O__POOB_O___	6	51
4|3|O_B__OOP__O_	5	44
4|3|O_B__POO__O_	5	44
4|3|O___OBOOP___	5	44
4|3|_O__OOBO_P__	5	44
4|3|OOP__O___B_O	5	31
4|3|O_B___O__OOP	5	31
4|3|O___OOBOP___	5	31
4|3|_O__BOOO_P__	5	24
4|3|_O__OOOP_B__	7	17
4|3|OOOP__O___B_	6	16
4|3|_O__POOO_B__	6	15
4|3|_O__OOOB_P__	5	14
4|3|O___OOOBP___	5	8