4|3|OP_P____P_B_	4	355
4|3|O__P____PB_P	6	237
4|3|O_PP____P_B_	5	178
4|3|O_PB_____P_P	3	146
4|3|P_B____OP_P_	5	134
4|3|O__P_B___P_P	4	102
4|3|P_B____OP__P	5	81
4|3|O__PP____B_P	5	78
4|3|O__P___PPB__	6	61
4|3|OP_P___B_P__	4	50
4|3|O_PP_____PB_	4	49
4|3|O__P__P_P_B_	4	48
4|3|O__P___B_P_P	4	43
4|3|OP_PP_____B_	5	39
4|3|OP_____PPB__	5	37
4|3|O_PPP_____B_	4	34
4|3|OPB_____P__P	3	28
4|3|P_P_O__P_B__	5	27
4|3|OP_P_____PB_	3	27
4|3|P_P____O_PB_	4	25
4|3|O__P____PBP_	5	24
4|3|O_P____P_PB_	4	22
4|3|P__PO__P_B__	5	20
4|3|O____P_PPB__	4	19
4|3|P_B_P__OP___	5	18
4|3|OPP____P_B__	4	18
4|3|PPO____P_B__	4	18
4|3|OP_P__B__P__	3	17
4|3|O_P__P_P_B__	3	17
4|3|P_O__P_P_B__	3	17
4|3|BPO_____P__P	3	16
4|3|PB__O__PP___	4	15
4|3|O__PP_P___B_	3	15
4|3|OP_B______PP	4	12
4|3|P_B___POP___	4	12
4|3|P__PO____BP_	4	12
4|3|O__PP____BP_	4	11
4|3|O___P__PPB__	4	8
4|3|_O__BP_P_P__	3	6
4|3|O___PP_PB___	3	5