4|3|O_P_B____H_O	6	69
4|3|OB____H_O__P	7	65
4|3|O_O____BPH__	6	62
4|3|O_P____H_OB_	7	61
4|3|O__O_B____HP	6	61
4|3|O_O_B__P_H__	6	59
4|3|OB_P__H_O___	6	55
4|3|O_O____BHP__	6	55
4|3|O_H__B_PO___	6	55
4|3|O_O____B_PH_	6	54
4|3|O_O____B_HP_	6	51
4|3|OB____H_P__O	5	50
4|3|OB_____HP_O_	5	50
4|3|O_PH_B__O___	5	48
4|3|O_PH_B____O_	5	48
4|3|O__O_B____PH	6	45
4|3|O_PHB____O__	5	44
4|3|O_PH_B_____O	5	44
4|3|OB____PHO___	5	43
4|3|O_O__B_P__H_	6	42
4|3|O_HP_B_____O	5	42
4|3|O_H__B___O_P	5	42
4|3|O__O_B__P_H_	5	41
4|3|P_O_H__O_B__	5	41
4|3|P_O____H_OB_	5	41
4|3|O_P____H_BO_	5	40
4|3|O_OPB____H__	6	39
4|3|O_H__B_P__O_	6	39
4|3|O_P____HBO__	5	39
4|3|O__P__B__O_H	5	39
4|3|BO_PO_____H_	4	39
4|3|O__OB_P__H__	6	38
4|3|_OB_H__O_P__	5	38
4|3|O_OP_B____H_	6	37
4|3|O_O__B__P__H	5	37
4|3|O_O__B____PH	5	37
4|3|O_____B_PO_H	5	37
4|3|_OB_P__H_O__	5	37
4|3|O_PH__B__O__	6	36
4|3|OO_P_B____H_	5	36
4|3|O__O_B__H_P_	5	36
4|3|PO_H__B__O__	5	36
4|3|O_B__O_HP___	5	35
4|3|O__OB____HP_	5	35
4|3|_OB_O__H__P_	5	35
4|3|O_O_B____P_H	5	34
4|3|O_O___B__P_H	5	34
4|3|O_B__H_OP___	5	34
4|3|O__OB____PH_	5	34
4|3|O__H__B__O_P	5	34
4|3|_OB_O__H_P__	5	34
4|3|O_____OBPH__	4	34
4|3|OB____HPO___	5	33
4|3|O_O_B____H_P	5	33
4|3|O_O__B__H__P	5	33
4|3|O_O__B____HP	5	33
4|3|O_O___B__H_P	5	33
4|3|O_HP_B__O___	5	33
4|3|O_OB___H_P__	5	32
4|3|O_HP_B____O_	5	32
4|3|O_H__B_P_O__	5	32
4|3|O__P_O_H__B_	5	32
4|3|H_O_P__O_B__	5	32
4|3|O_OB_H____P_	4	32
4|3|O_OB_H_____P	4	32
4|3|O__H_O_P__B_	5	31
4|3|P_OH__B__O__	5	31
4|3|P_O__H_O__B_	5	31
4|3|O_OB_H__P___	4	31
4|3|OP_O___B__H_	6	30
4|3|PO_H_B____O_	6	30
4|3|P_OH_B____O_	5	30
4|3|O__P__H_BO__	5	29
4|3|O____B__H_OP	5	29
4|3|P_B__H_O__O_	5	29
4|3|_O__B__O_PH_	4	29
4|3|O____B__P_OH	5	28
4|3|_OB_H__P_O__	5	28
4|3|O_P_B__O_H__	4	28
4|3|O_OBH____P__	5	27
4|3|O_OB__H__P__	5	27
4|3|O___BO_P__H_	4	27
4|3|O_____OBHP__	4	27
4|3|O_____H_BO_P	4	27
4|3|OB__O__HP___	6	26
4|3|_B__H_OO_P__	6	26
4|3|OO_P___H__B_	5	26
4|3|O_H__O_P_B__	5	26
4|3|O_PH_B___O__	4	26
4|3|OP_O_B____H_	7	25
4|3|_OB_P__O_H__	7	25
4|3|OP_O__B__H__	6	25
4|3|O_H__O___B_P	5	25
4|3|O_____B_HO_P	5	25
4|3|OB_O__H_P___	4	25
4|3|O_B__H___P_O	4	25
4|3|O__P___H_OB_	4	25
4|3|_O__B__O_HP_	4	25
4|3|OB____OHP___	5	24
4|3|O_B____H_O_P	4	24
4|3|O_PH_O___B__	4	24
4|3|O_____BOPH__	4	24
4|3|P_O___BO_H__	4	24
4|3|OO_P__B____H	5	23
4|3|OO_H__B____P	5	23
4|3|OO_H___P__B_	5	23
4|3|O_B__O_H__P_	5	23
4|3|O_B__H_O__P_	5	23
4|3|H___P_OO_B__	5	23
4|3|_O__P_BO_H__	5	23
4|3|OBO____HP___	4	23
4|3|O__P_H__B_O_	4	23
4|3|_O__O_PH_B__	4	23
4|3|_O__P__O_HB_	7	22
4|3|P___H_OO_B__	5	22
4|3|_O__O__B_PH_	4	22
4|3|OP_H__B_O___	5	21
4|3|O_B__P_HO___	5	21
4|3|_O__B_PO_H__	5	21
4|3|_O__P_OB_H__	5	21
4|3|O_PB___O_H__	4	21
4|3|O_OB_P___H__	3	21
4|3|O_OP__H__B__	6	20
4|3|OO_P__H__B__	5	20
4|3|OOB____HP___	4	20
4|3|OBO____H__P_	4	20
4|3|OB_O__H____P	4	20
4|3|OB___O_P__H_	4	20
4|3|OB____H__O_P	4	20
4|3|O_B__O_P___H	4	20
4|3|O_B__P_O_H__	4	20
4|3|O_P__B_O__H_	4	20
4|3|O_P__H__B__O	4	20
4|3|O__B_P_O__H_	4	20
4|3|O__PB_O__H__	4	20
4|3|O__P_OB____H	4	20
4|3|O____BO_P__H	4	20
4|3|O____B_OP_H_	4	20
4|3|B_O_O__P_H__	4	20
4|3|P_O__B_OH___	4	20
4|3|HP____BO_O__	4	20
4|3|H___P__O_BO_	4	20
4|3|OBO____H_P__	4	19
4|3|OB_O__H__P__	4	19
4|3|OB_P_O____H_	4	19
4|3|OB_P__H__O__	4	19
4|3|OP_B__H____O	4	19
4|3|OP_B___O__H_	4	19
4|3|O_B__O_H___P	4	19
4|3|O_B__P___H_O	4	19
4|3|O_B__H_O_P__	4	19
4|3|O_B____P_O_H	4	19
4|3|O_HP_B___O__	4	19
4|3|O_H__B_O__P_	4	19
4|3|O__H_OB____P	4	19
4|3|O__H___P_OB_	4	19
4|3|O____BO_H__P	4	19
4|3|O____B_OH_P_	4	19
4|3|O_____BOHP__	4	19
4|3|PO_H__B___O_	4	19
4|3|PH____BO_O__	4	19
4|3|P___H__O_BO_	4	19
4|3|P____B_OH_O_	4	19
4|3|_O__OB_P__H_	4	19
4|3|O_OB_H___P__	3	19
4|3|_B__O_OP__H_	6	18
4|3|_B__OO_P__H_	5	18
4|3|OP_H__B__O__	5	17
4|3|OP_H__B____O	5	17
4|3|OOB____H_P__	4	17
4|3|OO_B__H_P___	4	17
4|3|O____OB_P__H	4	17
4|3|O____O_BP_H_	4	17
4|3|P_H__O_B__O_	4	17
4|3|P_H__B_O__O_	4	17
4|3|HP____OB_O__	4	17
4|3|H_P__O_B__O_	4	17
4|3|H_P__B_O__O_	4	17
4|3|_O__O_HP_B__	4	17
4|3|_O__O__B_HP_	4	17
4|3|O___B_PO_H__	4	16
4|3|_O__B_OP_H__	5	15
4|3|O_PB_H_____O	4	15
4|3|O_HP_O___B__	4	15
4|3|O___BP_O__H_	4	15
4|3|O____OB_H__P	4	15
4|3|O____O_BH_P_	4	15
4|3|BOO____H_P__	4	15
4|3|PH____OB_O__	4	15
4|3|P_OH_B___O__	4	15
4|3|_P__O_OB_H__	3	15
4|3|BOO____H__P_	4	14
4|3|_O__H_OP_B__	4	14
4|3|PO_H__O___B_	4	13
4|3|P_OH_O___B__	4	13
4|3|_O__P_OH_B__	4	13
4|3|OOB____H__P_	4	12
4|3|OO_B__H__P__	4	12
4|3|OO_B__H____P	4	12
4|3|BOO____HP___	4	12
4|3|_O__O_PB_H__	5	11
4|3|OBO____P___H	3	11
4|3|OBO____H___P	3	11
4|3|OB_O__P___H_	3	11
4|3|OB_O__H___P_	3	11
4|3|OB___O____PH	3	11
4|3|OB___O____HP	3	11
4|3|OB____PH_O__	3	11
4|3|OB____HP_O__	3	11
4|3|O_B__P_H__O_	3	11
4|3|O_B__H_P__O_	3	11
4|3|O_B___O__P_H	3	11
4|3|O_B___O__H_P	3	11
4|3|O__B_PH____O	3	11
4|3|O__B_HP____O	3	11
4|3|O__B___O_PH_	3	11
4|3|O__B___O_HP_	3	11
4|3|O___BO____PH	3	11
4|3|O___BO____HP	3	11
4|3|O___B_O__P_H	3	11
4|3|O___B_O__H_P	3	11
4|3|O___B__O_PH_	3	11
4|3|O___B__O_HP_	3	11
4|3|O____P_HB_O_	3	11
4|3|O____H_PB_O_	3	11
4|3|O_____PHBO__	3	11
4|3|O_____HPBO__	3	11
4|3|BO__O_____PH	3	11
4|3|BO__O_____HP	3	11
4|3|B_O_O____P_H	3	11
4|3|B_O_O____H_P	3	11
4|3|PH____BO__O_	3	11
4|3|P_H__B_O_O__	3	11
4|3|P__H_OB___O_	3	11
4|3|P__H_O___BO_	3	11
4|3|P__H_BO__O__	3	11
4|3|P__H__O__OB_	3	11
4|3|P____OBOH___	3	11
4|3|HP____BO__O_	3	11
4|3|H_P__B_O_O__	3	11
4|3|_OB_P__H__O_	3	11
4|3|_OB_H__P__O_	3	11
4|3|_P__O_BO_H__	3	11
4|3|OP_H__B___O_	4	10
4|3|O___B_OP_H__	4	10
4|3|O____H__B_OP	4	10
4|3|B_OPO____H__	4	10
4|3|OP_H__O___B_	4	9
4|3|_O__H_PO_B__	4	9
4|3|OOB____P___H	3	7
4|3|OOB____H___P	3	7
4|3|OO_B__P___H_	3	7
4|3|OO_B__H___P_	3	7
4|3|BOO____P___H	3	7
4|3|BOO____H___P	3	7
4|3|P____OOBH___	3	7
4|3|P____BOOH___	3	7
4|3|_P__B_OO_H__	3	7