4|3|P_O____BP_O_	6	273
4|3|OB_P____O__P	8	238
4|3|O_P____BO_P_	6	193
4|3|O__O____PB_P	9	150
4|3|O_P____OP_B_	8	129
4|3|O__P_B___O_P	5	120
4|3|OP_B____P__O	5	113
4|3|O_O_____PB_P	7	112
4|3|O__P___BP_O_	6	112
4|3|P_O____OP_B_	6	99
4|3|O_PB_____P_O	4	87
4|3|O_P_B____O_P	4	85
4|3|O__O_B___P_P	6	84
4|3|O_P_B____P_O	4	84
4|3|O_O_B____P_P	4	82
4|3|O__OP____B_P	8	81
4|3|O__P___OP_B_	8	81
4|3|O_B____OP_P_	6	81
4|3|P_O_B____O_P	6	81
4|3|OB_____PO__P	7	79
4|3|O__PO____B_P	9	77
4|3|O_O____B_P_P	6	77
4|3|O_P____B_O_P	6	76
4|3|O_P___B_P__O	6	75
4|3|O_PP_____OB_	5	72
4|3|OP_O___B_P__	5	65
4|3|P_B__O_OP___	6	64
4|3|OP_P_____OB_	4	61
4|3|O__P__B__O_P	4	60
4|3|O_P____OPB__	5	59
4|3|O_P__B__P__O	4	59
4|3|O_P_B___P__O	5	57
4|3|O__P____PBO_	6	55
4|3|OB_____POP__	6	54
4|3|P_O_O____B_P	6	54
4|3|P_B_O__OP___	6	54
4|3|OP_____BP_O_	5	54
4|3|O_P____BPO__	5	54
4|3|OP_____BO_P_	5	52
4|3|O_P_O____B_P	6	51
4|3|OO_____BP_P_	5	51
4|3|O_O____BPP__	5	51
4|3|P_O____B_PO_	5	51
4|3|O_O__B___P_P	5	50
4|3|O____O_PP_B_	5	50
4|3|PB_____OP_O_	5	50
4|3|O__OB___P_P_	5	49
4|3|P_P____O_OB_	5	49
4|3|O_O_P____B_P	6	48
4|3|O__PB___P_O_	5	48
4|3|P_B___OOP___	5	48
4|3|OO_____PP_B_	7	47
4|3|OP_____OP_B_	7	47
4|3|O_P____P_OB_	5	46
4|3|O_P__B___P_O	5	44
4|3|P_P____B_OO_	5	44
4|3|PO_____OP_B_	8	43
4|3|O_OP___B_P__	7	43
4|3|OO_P___B_P__	6	43
4|3|PO_PB_____O_	6	43
4|3|O_P____B_PO_	5	43
4|3|PO_P_B____O_	4	43
4|3|O_P___B__O_P	5	42
4|3|PO_P___B__O_	6	41
4|3|O__P_O____BP	5	40
4|3|OO_P_B____P_	4	40
4|3|O__O_B____PP	5	38
4|3|O__P__B_PO__	5	38
4|3|O_____B_PO_P	4	38
4|3|OP_P_B_____O	5	37
4|3|O____O_PPB__	5	37
4|3|P_O____B_OP_	5	37
4|3|O_PB___O_P__	4	37
4|3|OP_O_B_____P	5	36
4|3|O_O____B_PP_	5	36
4|3|OO_P__B_P___	4	36
4|3|P_B_O__P_O__	6	35
4|3|O__O_P____BP	5	35
4|3|OP_OB_____P_	4	35
4|3|P_B_O__O_P__	6	34
4|3|OO____B_P__P	5	34
4|3|OP____B_P__O	5	34
4|3|OP_PB_____O_	4	34
4|3|O_PP_B_____O	4	34
4|3|OO_P___B__P_	6	33
4|3|OB___P_PO___	5	33
4|3|OP_P_B__O___	5	33
4|3|OO_PB_____P_	4	33
4|3|OP_O__B_P___	4	33
4|3|OP_P_B____O_	5	31
4|3|P_O____O_PB_	5	31
4|3|P_O_P__O_B__	4	30
4|3|P_B_P__O_O__	7	29
4|3|O_B_P__OP___	6	29
4|3|OB__O__PP___	5	29
4|3|O_O____P_PB_	5	28
4|3|_O__O__P_PB_	5	28
4|3|P_O_B__O_P__	4	28
4|3|P_P_B__O_O__	4	28
4|3|O___O__PPB__	7	27
4|3|OB__O__P_P__	5	27
4|3|O_B_P__O__P_	5	27
4|3|_OB_P__O__P_	5	27
4|3|_BP_O__O__P_	5	27
4|3|OP_B___O__P_	4	27
4|3|OP_B______PO	4	27
4|3|O_P_P__O_B__	4	27
4|3|P_O_O__B_P__	4	27
4|3|OB_PO_____P_	5	26
4|3|OB__P__PO___	5	26
4|3|P__PO____BO_	5	26
4|3|O_____OPPB__	6	25
4|3|P_B__O_O_P__	6	25
4|3|OB_PP_____O_	5	25
4|3|O__PP____BO_	5	25
4|3|_O__P__O_PB_	6	24
4|3|O______PPOB_	4	24
4|3|P_P_O__B_O__	4	24
4|3|PB__O__OP___	6	23
4|3|O_B___POP___	5	23
4|3|OPB______P_O	4	23
4|3|O_BP_O_____P	4	23
4|3|PBO____OP___	4	23
4|3|P_O___OB_P__	4	23
4|3|P_P___BO_O__	4	23
4|3|P_B__O_P_O__	6	22
4|3|P_B____O_PO_	5	22
4|3|OPB______O_P	4	22
4|3|O_BP_P_____O	4	22
4|3|O_P___BO_P__	4	22
4|3|O__P_O_P__B_	4	22
4|3|O__P_P_O__B_	4	22
4|3|P_P___OB_O__	4	22
4|3|P_B____P_OO_	5	21
4|3|O_P_O__B_P__	4	21
4|3|O_P___OB_P__	4	21
4|3|PB____OOP___	5	20
4|3|POO____B_P__	5	18
4|3|OP_P_O___B__	4	18
4|3|POP____B_O__	5	17
4|3|OPOB______P_	4	17
4|3|OOP____B_P__	5	16
4|3|P_B___OO_P__	5	16
4|3|P_B___OP_O__	5	16
4|3|O__POB____P_	4	16
4|3|O__P_B___OP_	4	16
4|3|P__POB____O_	4	16
4|3|P__PBO____O_	4	16
4|3|P__P_B___OO_	4	16
4|3|OPB____O_P__	4	15
4|3|OP_P_B___O__	4	15
4|3|O__P____BPO_	4	15
4|3|P_O__O_B_P__	4	15
4|3|O__P_O_B__P_	4	14
4|3|O__P_B_O__P_	4	14
4|3|P_P__O_B_O__	4	14
4|3|P__PO_B__O__	4	14
4|3|P__PB_O__O__	4	14
4|3|OPOB_____P__	3	14
4|3|O_P__O_B_P__	4	13
4|3|O__P_BO___P_	4	11
4|3|P__P_OB__O__	4	11
4|3|_O__OP_P_B__	4	10
4|3|OBPO______P_	3	10
4|3|OB___P_P_O__	3	10
4|3|O__B_P_P___O	3	10
4|3|O___P__PBO__	3	10
4|3|OOPB______P_	3	5