4|3|O____B__H_OB	3	35
4|3|O_B__B__H__O	3	25
4|3|O_H__B____OB	3	25
4|3|O__B_B__H_O_	3	25
4|3|OB____B_O__H	3	23
4|3|O_H__B__O__B	3	23
4|3|BO____B__O_H	3	23
4|3|BOB____H_O__	4	21
4|3|OO_HB_____B_	3	15
4|3|OO_H_B____B_	3	15
4|3|OO_H__B_B___	3	15
4|3|OO_H__B__B__	3	15
4|3|O_H__B___O_B	3	15
4|3|O__H__B__BO_	3	15
4|3|B_O___B__O_H	3	15
4|3|B___OO_H__B_	3	15
4|3|_B__OO_H__B_	3	15
4|3|OBB____HO___	4	14
4|3|O_O____BBH__	4	14
4|3|O_O____BHB__	4	14
4|3|O_O____B_BH_	4	14
4|3|O_O____B_HB_	4	14
4|3|O__O_B____BH	4	14
4|3|O__H_BB_O___	4	14
4|3|O__O_B____HB	4	13
4|3|B_O__O_H__B_	3	13
4|3|B_O__H_O__B_	3	13
4|3|_OB_H__O_B__	3	13
4|3|_O__B_BO_H__	3	13
4|3|O_H___B__O_B	4	12
4|3|O_H____B_OB_	4	12
4|3|O_H____B_O_B	4	12
4|3|O__H_B___BO_	4	12
4|3|O__H_B____OB	4	12
4|3|O__H___B_BO_	4	12
4|3|BO_H_B____O_	4	12
4|3|BO_____BH_O_	4	12
4|3|B_O_B____O_H	4	12
4|3|B_O____B_O_H	4	12
4|3|O_H__O_B_B__	3	12
4|3|O__H_BO___B_	3	12
4|3|H_O__O_B_B__	3	12
4|3|BO_HB_____O_	4	11
4|3|BO_H___B__O_	4	11
4|3|OBH____B__O_	3	9
4|3|OB_H__B____O	3	9
4|3|OB__O__H__B_	3	9
4|3|OB___H_O__B_	3	9
4|3|OB____B__H_O	3	9
4|3|OH_OB_____B_	3	9
4|3|OH_O__B_B___	3	9
4|3|O_BH_B_____O	3	9
4|3|O_B_H__O_B__	3	9
4|3|O_B___B__O_H	3	9
4|3|O_B___B__H_O	3	9
4|3|O_HB_B_____O	3	9
4|3|O_HB___O_B__	3	9
4|3|O_H_O__B_B__	3	9
4|3|O_H__B_B___O	3	9
4|3|O_H___OB_B__	3	9
4|3|O_H___BO_B__	3	9
4|3|O_H____O_B_B	3	9
4|3|O__BO_H__B__	3	9
4|3|O__BH_O__B__	3	9
4|3|O__B_O_H__B_	3	9
4|3|O__B__B__O_H	3	9
4|3|O__HOB____B_	3	9
4|3|O__H_O_B__B_	3	9
4|3|O__H_O___BB_	3	9
4|3|O__H_BB__O__	3	9
4|3|O__H_B_O__B_	3	9
4|3|O__H__B__OB_	3	9
4|3|O__H__B__O_B	3	9
4|3|O___BH_O__B_	3	9
4|3|O___B_B__O_H	3	9
4|3|O____O_HB_B_	3	9
4|3|O____BBOH___	3	9
4|3|O____H_OB_B_	3	9
4|3|O_____B_HO_B	3	9
4|3|O______BHOB_	3	9
4|3|O______BHBO_	3	9
4|3|BOH____B__O_	3	9
4|3|BO___O_H__B_	3	9
4|3|BO___H_O__B_	3	9
4|3|B_O_H__O_B__	3	9
4|3|B_B_O____O_H	3	9
4|3|B___OH_O__B_	3	9
4|3|H_O_O__B_B__	3	9
4|3|H_O_B__O_B__	3	9
4|3|H_O___OB_B__	3	9
4|3|_O__O__H_BB_	3	9