4|3|OB_P____O_O_	8	194
4|3|O__O_B___O_P	7	154
4|3|O_O____B_P_O	7	144
4|3|O_O_B____P_O	7	142
4|3|O_O__B__P__O	6	119
4|3|O_P__B__O__O	6	109
4|3|O__O_B__P_O_	6	109
4|3|O_O__B___O_P	6	99
4|3|O_P_B___O__O	6	94
4|3|O_O_B___O__P	6	91
4|3|OB_____OP_O_	6	90
4|3|O_O___B__P_O	6	89
4|3|O_O___B__O_P	6	86
4|3|O_OP_B____O_	7	78
4|3|OO_P_B____O_	6	78
4|3|O_OPB____O__	7	75
4|3|OB____O_P__O	6	75
4|3|O_OP_B__O___	7	71
4|3|OO_P_B__O___	6	71
4|3|O_OP_B_____O	7	69
4|3|OO_P_B_____O	6	69
4|3|OO_P__B__O__	6	69
4|3|OB___O_PO___	6	68
4|3|OB____P_O__O	6	68
4|3|P_O____O_OB_	6	68
4|3|O_OP__B__O__	6	67
4|3|O_P_B__O_O__	5	67
4|3|O_B__O_OP___	7	66
4|3|OO_O__B__P__	7	62
4|3|OO_O_B____P_	6	62
4|3|OO_P__B____O	6	62
4|3|O_O____P_OB_	6	61
4|3|O_O_B__O_P__	5	61
4|3|OO_O___B__P_	7	59
4|3|O_B_O__OP___	7	58
4|3|OO_P__B_O___	6	58
4|3|_OB_P__O_O__	7	56
4|3|OO_O__B____P	6	56
4|3|_OB_O__P_O__	6	56
4|3|O_B__O_PO___	6	55
4|3|O_B___OOP___	6	54
4|3|_OB_O__O_P__	6	54
4|3|O__P_OB____O	5	54
4|3|O____B_OP_O_	5	54
4|3|OB__O__PO___	8	53
4|3|O_O__B_OP___	5	52
4|3|O_P__B_OO___	5	52
4|3|OB__O__OP___	7	51
4|3|OB____OPO___	7	49
4|3|OB_O__O_P___	5	47
4|3|O_P__B_O__O_	5	47
4|3|O__O_OB____P	5	47
4|3|P_O___BO_O__	5	47
4|3|P_O__B_O__O_	5	46
4|3|OB____OOP___	6	45
4|3|OBO____OP___	5	45
4|3|OB_O__P_O___	5	44
4|3|O_O__B_O__P_	5	44
4|3|O_O___BO_P__	5	44
4|3|O__P_OB_O___	5	39
4|3|O_OP_B___O__	6	34
4|3|OO_P_B___O__	5	34
4|3|OOB____O_P__	5	33
4|3|OOB____PO___	5	33
4|3|OO_P__B___O_	5	32
4|3|O__OB_O__P__	5	32
4|3|O__PB_O__O__	5	32
4|3|OOB____P_O__	5	30
4|3|O__P__O__OB_	4	30
4|3|_O__O_OP_B__	6	29
4|3|_O__OO_P_B__	5	29
4|3|O_P__B_O_O__	4	27
4|3|O__P_OB___O_	4	27
4|3|P_O__B_O_O__	4	27
4|3|_O__P_OO_B__	5	25
4|3|O_B___O__P_O	4	25
4|3|_OB_O__P__O_	4	25
4|3|O_B___O__O_P	4	24
4|3|O____OBOP___	4	24
4|3|O_B__O_P__O_	4	23
4|3|O_B__P_O__O_	4	23
4|3|_O__O_BO_P__	4	23
4|3|O_OP_O___B__	6	22
4|3|OO_P_O___B__	5	22
4|3|OO_P__O___B_	5	21
4|3|_O__O_OB_P__	4	19
4|3|O____BOOP___	4	17
4|3|_O__B_OO_P__	4	17
4|3|O____OOBP___	4	14