5|3|O_O_P_B______O_	8	154
5|3|O_O_P__B___O___	7	137
5|3|O_O_P___B__O___	7	126
5|3|_O_B_O___O_P___	7	79
5|3|_OB__O___O_P___	7	75
5|3|_OB__O___P_O___	8	72
5|3|_O_B_P___O_O___	7	72
5|3|O__OP_B___O____	7	68
5|3|OO__P_B______O_	8	65
5|3|O__OP_B______O_	7	65
5|3|O__OP_B_______O	7	64
5|3|O__B__O__OP____	7	61
5|3|O_OB_____P_O___	6	59
5|3|OO__P__B_____O_	8	54
5|3|OB___O___PO____	8	50
5|3|OO__O__B_____P_	8	46
5|3|OB______OPO____	7	46
5|3|O__OP_B_____O__	7	38
5|3|OO__P___B___O__	7	37
5|3|OO__O___B___P__	7	35
5|3|O__OP_B____O___	6	32
5|3|_O___O__OP_B___	6	28
5|3|O__OP_O____B___	6	21