5|3|P_O_PH_____B_P_	9	1006
5|3|O_P_P____H_P_B_	9	987
5|3|O_P_B___H__P__P	7	654
5|3|P_OB_____H_P_P_	9	612
5|3|O_P_B__H__P__P_	8	592
5|3|P_PH_____B_P_O_	8	591
5|3|BO_P_____HP_P__	9	580
5|3|P_P_PH_____B_O_	8	572
5|3|O_PH_____PP_B__	11	569
5|3|O_PH_____B_P_P_	9	558
5|3|O_P_B___H__P_P_	7	511
5|3|O_P_B_H___P__P_	7	503
5|3|O_P_P__H___B_P_	7	497
5|3|P_O_P__H___B_P_	9	481
5|3|P_OB_____H_P__P	8	470
5|3|P_P_PH_____O_B_	8	456
5|3|OB_P_____HP_P__	9	454
5|3|P_P_P_H_____BO_	8	451
5|3|O_P_B__H___P_P_	7	449
5|3|B_O_P_H___P__P_	7	441
5|3|BO__P___H_P_P__	9	440
5|3|OB______H_P_P_P	8	440
5|3|O_P_BH____P__P_	9	438
5|3|P_O_P_B_____HP_	9	438
5|3|BO______H_P_P_P	8	438
5|3|O__P__H___B_P_P	7	435
5|3|PH_O_____BP_P__	9	419
5|3|P_P__H___O_B_P_	9	419
5|3|OB__P___H_P_P__	9	416
5|3|O_P_B_H____P_P_	7	415
5|3|O__PP____H_P_B_	9	414
5|3|B__O__H___P_P_P	7	414
5|3|PPH______BP_O__	9	413
5|3|O___P____BP_PH_	9	406
5|3|O_P_PB_____H_P_	6	397
5|3|O_P_P_H___B__P_	7	393
5|3|P_P_P__H___O_B_	7	380
5|3|P_PH_____B_O__P	9	378
5|3|B_O_P____H_P_P_	8	372
5|3|_O_P_B___P_HP__	9	371
5|3|P_P_P_H_____OB_	8	371
5|3|P_P_PH__O__B___	9	362
5|3|P_PH_____B_O_P_	6	362
5|3|O__HP_B_____P_P	9	361
5|3|O__B__H___P_P_P	7	359
5|3|B_O_P_H____P_P_	7	359
5|3|P_BO_____H_P_P_	9	356
5|3|P_OB_H_____P__P	8	356
5|3|BO__P__H__P__P_	8	353
5|3|BO_P____H__P__P	8	350
5|3|OP__P___H_P_B__	8	346
5|3|O_P_P_B_____HP_	6	344
5|3|P_O______BHP_P_	6	340
5|3|O_P_P___H__PB__	9	326
5|3|O_P_P___B__PH__	7	324
5|3|OP__B___H_P_P__	8	322
5|3|P_OB__H_____P_P	8	317
5|3|O_PB_____H_P__P	8	314
5|3|BO__P__H___P_P_	7	310
5|3|P_O__H___P_B_P_	7	299
5|3|P_P__H__O__B__P	9	294
5|3|BO_P___H__P___P	8	294
5|3|O_P_P___B_PH___	7	294
5|3|OB_P___H__P___P	8	293
5|3|B_PO_____H_P__P	8	292
5|3|P_B_P_H____P_O_	8	289
5|3|P_B___H__OP__P_	8	288
5|3|P_O_P_H_____BP_	9	287
5|3|OP_B___H__P___P	8	285
5|3|O_PB___H__P___P	8	285
5|3|P_OB___H__P___P	9	284
5|3|PP_H_____BP_O__	8	283
5|3|O_B_P_H___P__P_	8	281
5|3|O_P_P_P__H___B_	7	279
5|3|B_O_P___H__P__P	7	279
5|3|PP_B_____H__O_P	9	278
5|3|PO_______BP_PH_	8	278
5|3|O_P_B___H_PP___	8	269
5|3|O_P______BPP_H_	8	269
5|3|BO_P__H_____P_P	9	266
5|3|PP_O_H_____B__P	9	262
5|3|P_PO_H_____B__P	9	262
5|3|O_HP_____B_P_P_	9	261
5|3|OB__P__H__P__P_	8	261
5|3|BP_O__H_____P_P	8	261
5|3|B_PO__H_____P_P	8	261
5|3|PH_O___B__P___P	8	260
5|3|P_OB__H___P___P	7	258
5|3|O__PP__H___B_P_	9	256
5|3|OP_______BP_PH_	8	256
5|3|_BO__H___P_P_P_	7	256
5|3|O__PP__H___B__P	9	254
5|3|P_OP_H_____B__P	9	253
5|3|BO_P___H___P__P	7	253
5|3|B_P_PO_____H_P_	6	253
5|3|P_B___H__O_P_P_	8	252
5|3|PP_O_____B__PH_	11	251
5|3|PO_P_H_____B__P	9	251
5|3|P_B_____H__OP_P	9	250
5|3|OP__P__H___B_P_	8	250
5|3|PP_O__H_____B_P	8	249
5|3|OB______PHP_P__	7	249
5|3|B_O_P____H_P__P	7	248
5|3|P_BO_____H_P__P	8	247
5|3|O__P_B_____HP_P	5	247
5|3|P_P_P_O_H___B__	9	244
5|3|OP_B_____H__P_P	8	242
5|3|O_P_B___H__PP__	8	242
5|3|_OB__H___P_P_P_	7	240
5|3|_P_P_O___B__PH_	7	240
5|3|P_PP_H___O_B___	9	239
5|3|O_P_P_B_____PH_	8	239
5|3|P_O_____B_HP__P	6	238
5|3|P_B___H_O_P___P	8	237
5|3|P_BO__H_____P_P	8	236
5|3|OB_____H__P__PP	8	235
5|3|P_P____H_O_P_B_	8	235
5|3|P_P_H___B__O__P	5	235
5|3|O_P______B_PPH_	8	233
5|3|PP_P_____H_BO__	9	232
5|3|P_PH_____B_OP__	8	232
5|3|O_P_PB__P__H___	7	231
5|3|OB_______HP_PP_	9	230
5|3|P_PP_____H_BO__	9	230
5|3|O__B___H__PP__P	9	228
5|3|O__HP__B___P__P	8	228
5|3|BO_P____H___P_P	7	228
5|3|OP__B_H_____P_P	9	227
5|3|O__PB_H_____P_P	8	227
5|3|B_O_P___H__P_P_	7	225
5|3|_O_P_P___B__PH_	7	224
5|3|BO__P____H__P_P	7	222
5|3|BOP_P___H__P___	8	220
5|3|P_OB___H___P__P	8	220
5|3|BP_O_____H__P_P	8	219
5|3|PP_P_____H_OB__	9	218
5|3|P_PP_____H_OB__	9	218
5|3|BO_PP___H__P___	7	217
5|3|OP__B___H___P_P	7	215
5|3|O__P__B__P__HP_	9	214
5|3|PO__P__B_____HP	9	213
5|3|P_PP__H__O__B__	9	213
5|3|PP_P__H__O__B__	8	213
5|3|PO__P__H__P__B_	9	212
5|3|O_P_PBH______P_	8	212
5|3|O_HP__B_____P_P	8	212
5|3|O___P___B_PPH__	8	212
5|3|O_P_P__B___P_H_	7	212
5|3|P_PH_____P_OB__	10	211
5|3|PP__P___H__OB__	8	210
5|3|P_OB_H____P___P	7	210
5|3|OP_P_____B_PH__	8	209
5|3|O__P___P_BPH___	7	209
5|3|BO_P___H____P_P	7	209
5|3|P_OB__H____P__P	7	206
5|3|P_OB__H__P__P__	6	206
5|3|OP_B__H_____P_P	9	205
5|3|O_B_____H_PP__P	8	205
5|3|O_PB__H_____P_P	8	205
5|3|O_P_B___P__P_H_	5	205
5|3|P__P___H_O_P_B_	8	204
5|3|O___PB______HPP	9	203
5|3|BO______PHP_P__	7	203
5|3|OP__P___H___B_P	8	202
5|3|PO__P__H___P_B_	9	201
5|3|PP__P__H___O_B_	8	201
5|3|PP__P__H___B_O_	8	201
5|3|P_O______B_PPH_	8	201
5|3|_O_P_P___B_PH__	8	201
5|3|OP_H_____PP_B__	10	200
5|3|O_B_P_H____P_P_	8	200
5|3|PO__P__H___B_P_	8	197
5|3|_P_P_O___B_HP__	7	197
5|3|BOP_P___H___P__	8	196
5|3|P__P_H_O_P_B___	7	196
5|3|BO_______HP_PP_	9	195
5|3|P__O__P__B__PH_	9	195
5|3|OP__P_B_____HP_	12	194
5|3|O__PP_B_____HP_	11	194
5|3|O_P_B__H_____PP	9	194
5|3|O_P_P_BH_____P_	8	194
5|3|OP_B___H___P__P	7	194
5|3|PP__PH______BO_	10	193
5|3|BO_PP___H___P__	7	193
5|3|P_O__H__P__B__P	7	193
5|3|O___P__B___P_HP	8	192
5|3|PP__P_H_____BO_	7	192
5|3|HP_P_P___B__O__	6	192
5|3|O_P_B_H______PP	8	191
5|3|OP__P__B_____HP	7	191
5|3|_O_P_B___P__PH_	7	191
5|3|PP__PH______OB_	10	190
5|3|PP_P_____H__OB_	9	190
5|3|B__OP_H_____P_P	8	190
5|3|PPH______BP__O_	9	189
5|3|BOP_P____H___P_	8	189
5|3|O_P_B_H_____PP_	8	187
5|3|O_PB___H___P__P	7	187
5|3|BO_____H__P__PP	8	186
5|3|PP__P____H__OB_	8	186
5|3|P_PH_____B_PO__	8	186
5|3|B__P_O_P_P_H___	7	186
5|3|P_BO__H___P___P	7	186
5|3|_OB__P___H_P_P_	7	186
5|3|B_O_P_H______PP	8	184
5|3|OP_P_____B__PH_	9	183
5|3|BOP_P__H_____P_	7	183
5|3|BO_PP__H_____P_	7	183
5|3|BOP_P___H_____P	8	182
5|3|PH_____OB_P___P	7	182
5|3|PH_____O_BP__P_	7	182
5|3|P__B___H_O_P_P_	8	181
5|3|P_OB_H___P_P___	6	181
5|3|PO__P_B_____HP_	10	180
5|3|PO__P___B__PH__	9	180
5|3|O__PB___H__P_P_	7	180
5|3|P_PH_P___B_O___	7	180
5|3|BO_PP___H_____P	7	179
5|3|_O_P_B___P_PH__	7	179
5|3|O__P_B_P_P_H___	7	178
5|3|B_P_PO__P__H___	7	178
5|3|P_O_PH__P__B___	7	178
5|3|P__P__H__P__BO_	7	178
5|3|B_PO___H__P___P	9	177
5|3|BP_O___H__P___P	8	177
5|3|_HP__P__OB__P__	8	177
5|3|PH____P_OBP____	7	177
5|3|PO_P__H_____B_P	10	176
5|3|P_OP__H_____B_P	9	176
5|3|P_PO_____B_HP__	8	176
5|3|P_B_____HP_O_P_	7	176
5|3|O___P_B_____HPP	8	175
5|3|O_P_P_B_P___H__	7	175
5|3|BO_PP__H___P___	7	175
5|3|_BO__P___H_P_P_	7	175
5|3|O__PP___B__PH__	10	174
5|3|OP__P___B__PH__	9	174
5|3|PP_O_____B_HP__	7	174
5|3|O_HP__B__P___P_	8	173
5|3|PP_B___H_O_P___	8	173
5|3|O_H_P_B_P_____P	8	172
5|3|PP_B___H_OP____	8	172
5|3|P_PB___H_O_P___	8	172
5|3|O_B_P___H__P__P	7	172
5|3|PH__P__B__P__O_	8	171
5|3|OB_____PH_P___P	7	170
5|3|O_P_P_P_H___B__	7	170
5|3|B_O_P_P__H___P_	6	170
5|3|B__O___H__PP__P	9	169
5|3|BO_P__H____P__P	8	169
5|3|PP__P____H__BO_	8	169
5|3|P__O_B___P__HP_	8	169
5|3|O_PP_____B_PH__	7	169
5|3|PP_P_____H__BO_	9	168
5|3|BO_PP__H______P	7	168
5|3|O_P_B_P____H_P_	5	168
5|3|O__PP____B_PH__	11	167
5|3|OP__P____B_PH__	10	167
5|3|B_P_POH______P_	8	167
5|3|OB______HPP_P__	7	166
5|3|P__O__B__P__HP_	7	166
5|3|P__P__B__O__HP_	7	166
5|3|P_B___H_O__P__P	8	165
5|3|P_P_____OB_PH__	7	165
5|3|O__PP__H__PB___	9	164
5|3|PO_P_____B__PH_	9	164
5|3|O_P___H___B__PP	7	164
5|3|P_PH__O__B__P__	6	164
5|3|B_PO___H___P__P	8	163
5|3|BP_O___H___P__P	7	163
5|3|P_O_____B__HP_P	6	163
5|3|OP_P____H___B_P	8	162
5|3|O_B___H___P__PP	7	162
5|3|P__P_HP__O___B_	7	162
5|3|_PH__P__OB_P___	7	162
5|3|PP__P___H__BO__	8	161
5|3|P_O_____B__PH_P	8	161
5|3|OB_____H_PP__P_	7	161
5|3|O_P_B___HP_P___	7	160
5|3|P_H___P_OBP____	7	160
5|3|_B_P_O_P_P__H__	7	160
5|3|_B_P_O___P__HP_	9	159
5|3|O__PP_H___B_P__	7	159
5|3|BP_O__H____P__P	7	159
5|3|B_PO__H____P__P	7	159
5|3|O_P_P__HP__B___	6	159
5|3|O_____P__BP_PH_	6	159
5|3|P_PH__B__P__O__	6	159
5|3|O_P__P___B_PH__	8	158
5|3|P_PO_H___P_B___	7	157
5|3|O_P_B_P_H_____P	6	157
5|3|P__O___B__HP__P	6	157
5|3|OP_P___H___B__P	8	156
5|3|_P_P_O__HP__B__	7	156
5|3|PO_B___H__P___P	8	155
5|3|B_PO__H___P___P	7	155
5|3|O_P_B_P_H___P__	6	155
5|3|BOP_P___H_P____	8	154
5|3|OB_P___H___P__P	7	154
5|3|P__P__P__H__BO_	7	154
5|3|O__P_____BPHP__	6	154
5|3|P_P___H__P__OB_	6	154
5|3|B__P_O_____HP_P	5	154
5|3|BO_PP_H_____P__	8	153
5|3|O__PB_H___P_P__	7	153
5|3|PP__P_H_____OB_	7	153
5|3|OP_PH____P_B___	6	153
5|3|PH___P__OBP____	9	152
5|3|P__O__P__B__HP_	7	152
5|3|P__B_HP__O___P_	7	152
5|3|P_PH__P__B___O_	6	152
5|3|OB_____P_HP__P_	7	151
5|3|O_P_BP__H__P___	7	151
5|3|BO_PP___H_P____	7	151
5|3|BO_P__H__P__P__	7	151
5|3|_P_P_O___P__BH_	9	150
5|3|_O___B_P_P_P_H_	8	150
5|3|BO_PP__H__P____	7	150
5|3|P_BO__H____P__P	7	150
5|3|P_P__H__OP_B___	7	150
5|3|B_O_P_H_____PP_	8	149
5|3|O_PB__H___P___P	7	149
5|3|P_PO__H__P__B__	7	149
5|3|BP_O__H__P__P__	6	149
5|3|B_PO__H__P__P__	6	149
5|3|BOP_P_H______P_	8	148
5|3|O_PP___H___B__P	7	148
5|3|OB_____HP_P___P	7	147
5|3|BO______HPP_P__	7	147
5|3|PO__P____B__PH_	10	146
5|3|P__P__P__H__OB_	7	146
5|3|OB_P___H____P_P	7	145
5|3|B_OP__H_____P_P	8	144
5|3|PH_____POBP____	8	144
5|3|B_O___H___P__PP	7	144
5|3|P_P_____HP_OB__	7	144
5|3|O___P__B__PH_P_	6	144
5|3|P__P_H_P_O_B___	7	143
5|3|O_PP_____BPH___	7	142
5|3|_O___B_P_P_H_P_	7	142
5|3|O__PP__B__PH___	7	141
5|3|P_PH__P__B__O__	6	141
5|3|PO_______BPPH__	8	140
5|3|OB__P__H___P_P_	7	140
5|3|OP_B___H____P_P	7	140
5|3|O_B_P___H__P_P_	7	140
5|3|PO_HP__B______P	7	140
5|3|PH_____BO_P___P	7	140
5|3|PH_____B_OP__P_	7	140
5|3|P_PH_O___B_P___	7	140
5|3|PP_O__H__P__B__	6	140
5|3|B_O_____H_PP__P	8	139
5|3|P_B__O___P_P_H_	9	137
5|3|O_P__P___BPH___	8	137
5|3|_OB__P___P_P_H_	8	137
5|3|O___P_H___B_PP_	7	137
5|3|P_P_____HP_BO__	7	136
5|3|P_B___H_OPP____	7	135
5|3|P_PH____OB_P___	7	135
5|3|O___P__B___P_PH	6	135
5|3|B_POP_H______P_	7	134
5|3|P_PH___P_B_O___	7	134
5|3|P_P_____PH_BO__	7	134
5|3|O_P______BPH_P_	6	134
5|3|P_P__H___P_O_B_	6	134
5|3|P__P_H___P_BO__	6	134
5|3|OP__P__B__P__H_	7	133
5|3|OP__B__PH_P____	6	132
5|3|O_P_____B_PH__P	6	132
5|3|PO_P____H___B_P	8	131
5|3|P_P_____PH_OB__	7	131
5|3|OPP_B___H__P___	7	130
5|3|P_P_____BO_PH__	7	130
5|3|B_O___H__P_P_P_	6	130
5|3|B__O__P__H__P_P	6	130
5|3|B_O_P_P____H_P_	5	130
5|3|P_O_P_PH_____B_	8	129
5|3|P_O_P_P_H___B__	7	129
5|3|P__P__H__P__OB_	7	129
5|3|O_P_B_H_P_P____	6	129
5|3|PP__P__O_H___B_	9	128
5|3|_O___BP__P_P_H_	8	128
5|3|_O___B__PP_P_H_	7	128
5|3|_B_P_O_H_P___P_	7	128
5|3|O_P_B_P_H_P____	6	128
5|3|O__P___B__PH__P	6	128
5|3|O______P_BPH_P_	6	128
5|3|P__P_H___P_OB__	6	128
5|3|O_P_BP_H_____P_	8	127
5|3|O_P_B_PH_____P_	8	127
5|3|O_P_B__H____PP_	8	127
5|3|O___PP__B_PH___	8	127
5|3|O__P_B___P_HP__	6	127
5|3|OPP_P____H___B_	9	126
5|3|OP_B__H__P__P__	7	126
5|3|P_PH__P__B_O___	7	126
5|3|O_PB__H__P__P__	6	126
5|3|O______P_BPP_H_	6	126
5|3|BO_P___H_P_P___	6	126
5|3|BO__P__HP__P___	6	126
5|3|OP__P____H__PB_	9	125
5|3|OB_PP__H__P____	7	125
5|3|O_PPB___H__P___	7	125
5|3|O_P_BPH______P_	7	125
5|3|O_B___H__PP__P_	6	125
5|3|B_O_P_P_H_____P	6	125
5|3|P_OB__H__PP____	6	125
5|3|PO__P__H_____BP	9	124
5|3|_PB__O___P_P_H_	8	124
5|3|O_P____H___B_PP	7	124
5|3|BHP_PO_______P_	7	124
5|3|_O___P_P_B_P_H_	7	124
5|3|P__O_____B_PHP_	6	124
5|3|P_P_H____P_O_B_	4	124
5|3|OP_B__H____P__P	8	123
5|3|O_PB__H____P__P	7	123
5|3|O_P_B__PH__P___	7	123
5|3|O_P_B__HP__P___	6	123
5|3|O_P__B__PP_H___	7	122
5|3|O_P_B_H_P___P__	6	122
5|3|O_P_P_H_P_B____	6	122
5|3|O___P___B_PHP__	6	122
5|3|B____O_P_P_H_P_	6	122
5|3|OP__PB______PH_	8	121
5|3|B_O_____H__PP_P	8	121
5|3|B__O___H___P_PP	8	121
5|3|BPO_P_H______P_	7	121
5|3|BP_O___H____P_P	7	121
5|3|B__O___H___PP_P	7	121
5|3|P__P__O__B__HP_	7	121
5|3|P_B___H__P_P_O_	6	121
5|3|POP_P___H___B__	9	120
5|3|_BH__O_P_P_P___	9	120
5|3|PO_PP___H___B__	8	120
5|3|BO_____PH_P___P	7	120
5|3|B_O_____H__P_PP	7	120
5|3|P_PH___B_P_O___	7	120
5|3|_P_H_O_P_B_P___	7	120
5|3|P_BO__H__P__P__	6	120
5|3|PP__PO__H___B__	9	119
5|3|PH___P___OP_B__	9	119
5|3|OPP_P___H___B__	8	119
5|3|PP_B___H_O___P_	8	119
5|3|OP_PP___H___B__	7	119
5|3|O_P_____PBPH___	7	119
5|3|O__P__P__B__PH_	7	119
5|3|BO_____H_PP__P_	7	119
5|3|P__P__O__B__PH_	7	119
5|3|P_PH__B__O__P__	6	119
5|3|OP_PP__H___B___	8	118
5|3|O__P__B_____HPP	8	118
5|3|B_O___H____P_PP	8	118
5|3|B__O_____H_PP_P	8	118
5|3|PP_P___H_O___B_	8	118
5|3|_O___BP__P_PH__	8	118
5|3|OHP_PB_______P_	7	118
5|3|_O___B__PP_PH__	7	118
5|3|_HP__B__OP__P__	7	118
5|3|P_P__H___P_B_O_	6	118
5|3|P_P___H__P__BO_	6	118
5|3|OPP______B_PH__	9	117
5|3|O__PP___H__PB__	9	117
5|3|OP__P___H__PB__	8	117
5|3|OP_PB___H___P__	7	117
5|3|O_B___H__P_P_P_	6	117
5|3|O__B__P__H__P_P	6	117
5|3|O__P__H__PB_P__	6	117
5|3|P_PH____PB_O___	6	117
5|3|_PPH_O___B__P__	6	117
5|3|O_P_B__H_P___P_	8	116
5|3|PP_O_____B__HP_	7	116
5|3|BO_____HP_P___P	7	115
5|3|O__PPB_____HP__	6	115
5|3|O___PB_P___H_P_	6	115
5|3|P_OP___H___B__P	9	114
5|3|PO_P___H___B__P	8	114
5|3|O_P_B_H__P___P_	7	114
5|3|O__P__B__P__PH_	7	114
5|3|_HP__B__PP__O__	7	114
5|3|BO_P___H_P___P_	6	114
5|3|BO_P____HP__P__	6	114
5|3|P__PH____P_BO__	4	114
5|3|POP_P____H___B_	9	113
5|3|O___P__PB_PH___	7	113
5|3|BO_____P_HP__P_	7	113
5|3|BO_P___H_PP____	6	113
5|3|BO__P__HP_P____	6	113
5|3|PH_P___O_BP____	6	113
5|3|PH__P__OB_P____	6	113
5|3|P__PH____P_OB__	4	113
5|3|OPP_B___H___P__	7	112
5|3|P_P__H__PO_B___	7	112
5|3|O_P_____B__PH_P	6	112
5|3|O_PPP__H___B___	7	111
5|3|_B___O_H_P_P_P_	7	111
5|3|O_B___P__PP__H_	8	110
5|3|P__O_____B_PPH_	8	110
5|3|OPP_B___H_P____	7	110
5|3|P_P___H_OP__B__	7	110
5|3|O_PP_B___P_H___	7	109
5|3|B_O_PPH______P_	7	109
5|3|P_BO__H__P___P_	6	109
5|3|_B___O_P_P__HP_	6	109
5|3|O_B___H____P_PP	8	108
5|3|O_B_____H__PP_P	8	108
5|3|O__B___H___P_PP	8	108
5|3|O__B_____H_PP_P	8	108
5|3|PH______POP_B__	8	108
5|3|O_HPP_B_______P	7	108
5|3|O__B___H___PP_P	7	108
5|3|P__B__PH_OP____	7	108
5|3|OB_P___H_PP____	6	108
5|3|OB__P__HP_P____	6	108
5|3|O_P__B__P__H__P	6	108
5|3|O_P__B___P_H_P_	6	108
5|3|P_PH__O__P__B__	8	107
5|3|OBP_P__H_____P_	7	107
5|3|OB_PP__H_____P_	7	107
5|3|O_B_____H__P_PP	7	107
5|3|_PH__P__BO_P___	7	107
5|3|O_P____HP__B__P	6	107
5|3|O_P____H_P_B_P_	6	107
5|3|O___P_HP__B__P_	6	107
5|3|B_O_P_P_H___P__	6	107
5|3|B_O___H__PP__P_	6	107
5|3|P_HP_____B_P_O_	6	107
5|3|P_H___B__P_O_P_	6	107
5|3|P___PH__P__OB__	6	107
5|3|PP__P__H_O___B_	10	106
5|3|PPO_P__H_____B_	9	106
5|3|O_P___P__B_PH__	8	106
5|3|PO_PP__H___B___	8	106
5|3|OB_PP__H______P	7	106
5|3|O___B_H___P_PP_	7	106
5|3|O_____PP_BP__H_	7	106
5|3|BO_____H___P_PP	7	106
5|3|P_H___P_BOP____	7	106
5|3|O_P______B_PHP_	6	106
5|3|O__B__HP__P___P	6	106
5|3|PHP______B_P_O_	6	106
5|3|POP_P_H_____B__	10	105
5|3|PO_PP_H_____B__	9	105
5|3|_PPH_O___P__B__	8	105
5|3|PO_B___H___P__P	7	105
5|3|P__P__PH_O___B_	7	105
5|3|O____B_P_P_H_P_	6	105
5|3|O_____H_P_B_P_P	6	105
5|3|PP_PHB______O__	6	105
5|3|PP_PH____B__O__	6	105
5|3|P_OB__H__P___P_	6	105
5|3|P_OPH____P_B___	5	105
5|3|PPO_P___H___B__	8	104
5|3|PO_PH____P__B__	5	104
5|3|OP_PB__H___P___	8	103
5|3|OPP_B_H______P_	7	103
5|3|O_PPB__H___P___	7	103
5|3|O_____B_PPP_H__	7	103
5|3|B_O_P_H__P___P_	7	103
5|3|P_PH_B___O_P___	7	103
5|3|P_HP_B___P___O_	7	103
5|3|_O___P___B_PHP_	7	103
5|3|P__O___H_P_P_B_	6	103
5|3|_PH__O_P_B_P___	9	102
5|3|O_PPB_H______P_	7	102
5|3|O_PP__H___B___P	7	102
5|3|P_B___H_OP__P__	7	102
5|3|P__B__PH_O___P_	7	102
5|3|_O___B__PP_HP__	7	102
5|3|_B_P_O_H_P_P___	7	102
5|3|P_HP__B__O___P_	6	102
5|3|OPP_B__H_____P_	9	101
5|3|P__B__P__O__HP_	9	101
5|3|OP_PB__H_____P_	8	101
5|3|O_PPB__H_____P_	7	101
5|3|P__P__O_HP__B__	7	101
5|3|_HP__B__PO__P__	7	101
5|3|PO_B_____H__P_P	8	100
5|3|OP_P____HP__B__	7	100
5|3|P__PH_B__P__O__	6	100
5|3|_PPH_P___B__O__	6	100
5|3|PPO_P____H___B_	9	99
5|3|P___PH_OP__B___	7	99
5|3|_PH__B_P_O_P___	7	99
5|3|_HP__P__PB__O__	7	99
5|3|O__B__H__PP_P__	6	99
5|3|O___B_H_P_P_P__	6	99
5|3|BO_____H_P_P_P_	6	99
5|3|O____P_P_BP_H__	9	98
5|3|OP__P__BH_____P	8	98
5|3|O__PPB_P___H___	7	98
5|3|O__P___B_P_P_H_	6	98
5|3|O_____P_B_P_H_P	6	98
5|3|P_HP__P__B___O_	6	98
5|3|P__P___H_P_B_O_	6	98
5|3|_O___P___B_PPH_	6	98
5|3|O_HPP_B______P_	7	97
5|3|O___PB_PP__H___	7	97
5|3|B_PP_O___P_H___	7	97
5|3|_OP__P___B_PH__	7	97
5|3|OP_B___H_PP____	6	97
5|3|PPH______B_O_P_	6	97
5|3|O_P_B_P_H____P_	5	97
5|3|P_P_H____P_B_O_	4	97
5|3|PO__P____H__PB_	9	96
5|3|PP__P__H____BO_	9	96
5|3|OP_PB_H_____P__	7	96
5|3|OP_P___H_P_B___	7	96
5|3|O_P_B_HP_____P_	7	96
5|3|PP_B___H_O__P__	7	96
5|3|P_OB___H_P_P___	7	96
5|3|_O___P_P_B_PH__	7	96
5|3|_P_H_O_P_P__B__	7	96
5|3|B__PPO_____HP__	6	96
5|3|PPH_____B__O__P	6	96
5|3|_O___B___P_PHP_	6	96
5|3|OP__P____B__PH_	8	95
5|3|OB_PP__H___P___	7	95
5|3|BOP_P___H____P_	7	95
5|3|B_P__O__PP_H___	7	95
5|3|O_P_B_H_P_____P	6	95
5|3|BO__P__HP_____P	6	95
5|3|B_O_P_H_P_P____	6	95
5|3|P_O______B_HPP_	6	95
5|3|P___PH__P__BO__	6	95
5|3|_PPH_B___O__P__	6	95
5|3|O_______B_PHP_P	5	95
5|3|_BO__P__PH__P__	5	95
5|3|O_PPB_H_____P__	7	94
5|3|O_P___B_PP__H__	7	94
5|3|B__PPO_P___H___	7	94
5|3|B___PO_PP__H___	7	94
5|3|OP_B___H_P_P___	6	94
5|3|B__O__HP__P___P	6	94
5|3|PHP_PB_______O_	6	94
5|3|P_PPH___B__O___	6	94
5|3|P_PPH____B_O___	6	94
5|3|_BHP_O___P___P_	9	93
5|3|OB_____H___P_PP	7	93
5|3|O___B___H__PP_P	7	93
5|3|P__P__B__O__PH_	7	93
5|3|B_PO__H__P___P_	6	93
5|3|P_HP__B__P__O__	6	93
5|3|O_PHP___P__B___	5	93
5|3|O_B___H_P_P___P	6	92
5|3|O___B_HP__P__P_	6	92
5|3|BO_PP__H____P__	6	92
5|3|BO_PP___H____P_	6	92
5|3|BO_____HP__P__P	6	92
5|3|P__P____HP_OB__	6	92
5|3|_O_B_H_P_P_P___	5	92
5|3|OP__P__B___P_H_	7	91
5|3|B_O_____HP_P_P_	6	91
5|3|B__O__PH____P_P	6	91
5|3|P_P____H_P_O_B_	6	91
5|3|_PPH_B___P__O__	6	91
5|3|O_PPH____P_B___	5	91
5|3|_OB__P__PH_P___	5	91
5|3|PO_PP__H_____B_	9	90
5|3|POPH_____B_P___	8	90
5|3|OPP_B___H_____P	7	90
5|3|OP__P__P_H___B_	7	90
5|3|O_P_____PB_PH__	7	90
5|3|P_OP_H___P_B___	7	90
5|3|P__H__OP_BP____	7	90
5|3|_P_H_B_P_O_P___	7	90
5|3|P_PH__O__BP____	6	90
5|3|P_HP__B__P___O_	6	90
5|3|P__P____HP_BO__	6	90
5|3|PP__P__H____OB_	9	89
5|3|POP_P__H_____B_	8	89
5|3|BP_OP_H_____P__	7	89
5|3|_HP__O__PB__P__	7	89
5|3|O_P___H_P_B___P	6	89
5|3|O_P___H__PB__P_	6	89
5|3|O__P__P_H___B_P	6	89
5|3|O__P__HP__B___P	6	89
5|3|O___P_H_P_B_P__	6	89
5|3|O_____B_P_P_H_P	6	89
5|3|O_____B__PP_HP_	6	89
5|3|B_O_P_H_P___P__	6	89
5|3|P__B___H_P_P_O_	6	89
5|3|P__P___H_P_O_B_	6	89
5|3|P_P_H_O__P___B_	5	89
5|3|PP__P_O_H___B__	9	88
5|3|PP__P_H_O___B__	8	88
5|3|B_OP__H___P___P	7	88
5|3|B_POP_H_____P__	7	88
5|3|O_PP___H_P_B___	6	88
5|3|B_O_P_P_H_P____	6	88
5|3|B_O___P_H___P_P	6	88
5|3|B__O___H_P_P_P_	6	88
5|3|OB_____PHPP____	5	88
5|3|B_POP_H_______P	7	87
5|3|O_PB___H_P_P___	6	87
5|3|O_____B___P_PHP	5	87
5|3|_O_B_P_P_H___P_	5	87
5|3|OPP_B__H__P____	9	86
5|3|OP_PB__H__P____	8	86
5|3|O_PPB__H__P____	7	86
5|3|O_H___B_PP__P__	7	86
5|3|_P___P_POB_H___	7	86
5|3|_HP__P__PO__B__	7	86
5|3|OB_____H_P_P_P_	6	86
5|3|O_B_P_P_H_____P	6	86
5|3|O_B_____HP_P_P_	6	86
5|3|O__B__PH____P_P	6	86
5|3|O___B_P_H___P_P	6	86
5|3|B__O__H__PP_P__	6	86
5|3|PPH_____OBP____	6	86
5|3|PHP_P_B______O_	6	86
5|3|PH_P___B_OP____	6	86
5|3|PH__P__BO_P____	6	86
5|3|P_BO__H__PP____	6	86
5|3|P_P_H___BP_O___	6	86
5|3|P_P____H_P_B_O_	6	86
5|3|_P___PP_OB_H___	6	86
5|3|_P_H_O_P_B___P_	5	86
5|3|O__PB_HP______P	6	85
5|3|O__P_B_P___H__P	6	85
5|3|O___PB__P__HP__	6	85
5|3|B_P__O__P__H__P	6	85
5|3|B_P__O___P_H_P_	6	85
5|3|B__P_O___P_HP__	6	85
5|3|B___PO__P__HP__	6	85
5|3|P_H___O__P_B_P_	6	85
5|3|P_H___B_P__O__P	6	85
5|3|B_O_P___P__P_H_	5	85
5|3|OP_P__B__P__H__	8	84
5|3|O_PP__B__P__H__	7	84
5|3|B_OP__H____P__P	7	84
5|3|B_O_P_H_P_____P	6	84
5|3|P_POH____P__B__	6	84
5|3|__P__BO_PP__H__	6	84
5|3|PO_P__H__P__B__	8	83
5|3|O_P_B_P_H__P___	7	83
5|3|P_OP__H__P__B__	7	83
5|3|O_P___B_P___H_P	6	83
5|3|O_P___B__P__HP_	6	83
5|3|O__PP__B___P_H_	6	83
5|3|B__P_O_P___H__P	6	83
5|3|B___PO_P___H_P_	6	83
5|3|P_H___O_P__B__P	6	83
5|3|P__H___B_P_O_P_	6	83
5|3|P___PH_P___B_O_	6	83
5|3|O__B__HP_PP____	5	83
5|3|O__P__HP_PB____	5	83
5|3|B____O__P__HP_P	5	83
5|3|P__O_H_P_P_B___	5	83
5|3|_BO__P__HP__P__	5	83
5|3|P__P__P__O__HB_	9	82
5|3|O_PPB_H___P____	7	82
5|3|OB_P___H_P_P___	6	82
5|3|OB__P__HP__P___	6	82
5|3|OB_____HP__P__P	6	82
5|3|OP__B__PH_____P	6	82
5|3|O___B__PH__P__P	6	82
5|3|B_O___H_P_P___P	6	82
5|3|P__B__PH_O__P__	6	82
5|3|P___PH_P___O_B_	6	82
5|3|_B_P_O_H_P__P__	6	82
5|3|O_B___P_PHP____	5	82
5|3|PHP_P___B___O__	5	82
5|3|O_____PP_BP_H__	9	81
5|3|O_____P_PBP_H__	8	81
5|3|B_OPP_H______P_	7	81
5|3|B_O_P_HP_____P_	7	81
5|3|BO__P__P____HP_	5	81
5|3|PO_P____HP__B__	7	80
5|3|_P_H_P_O_B_P___	7	80
5|3|O_B___P_H___P_P	6	80
5|3|O__B___H_P_P_P_	6	80
5|3|PO_PH__B______P	5	80
5|3|P_PPH_B______O_	5	80
5|3|O__PP__HP__B___	8	79
5|3|O__PP__H_P_B___	8	79
5|3|O__PP__H___BP__	8	79
5|3|OP__P__HP__B___	7	79
5|3|O_B_P_P_H_P____	6	79
5|3|B__OP_HP______P	6	79
5|3|PPH_____OB_P___	6	79
5|3|O______B__PP_PH	5	79
5|3|P_B__H__OP__P__	8	78
5|3|B_PO___H_P_P___	7	78
5|3|P_B__HO__P__P__	7	78
5|3|P_PH___O_B_P___	7	78
5|3|OB_P___H_P___P_	6	78
5|3|O__P__B_____PHP	6	78
5|3|O__P_____B_PPH_	6	78
5|3|BP_O___H_P_P___	6	78
5|3|B_OP__H__P__P__	6	78
5|3|_PPH_O___B_P___	6	78
5|3|_HB__P__PO__P__	9	77
5|3|OP__P__B_P___H_	8	77
5|3|P_P__H__OP__B__	8	77
5|3|OP_HP__B______P	7	77
5|3|B__OP_H___P_P__	7	77
5|3|PO_B___H____P_P	7	77
5|3|P_B___H_POP____	7	77
5|3|P_P__HO__P__B__	7	77
5|3|B_PO__H__PP____	6	77
5|3|P_B___H_OP_P___	6	77
5|3|P__PH__B_P_O___	6	77
5|3|OP__P_B_____PH_	8	76
5|3|O__PP_B_____PH_	7	76
5|3|OP_B___H_P___P_	6	76
5|3|O_B_P_P_H___P__	6	76
5|3|O_HP__B__P__P__	6	76
5|3|O_H_P_B_P___P__	6	76
5|3|O______B_PPP_H_	6	76
5|3|PO_H___B_P___P_	6	76
5|3|PP_PH_B_____O__	6	76
5|3|PP_PH___B___O__	6	76
5|3|O____B__P__HP_P	5	76
5|3|O_____HP_PB__P_	5	76
5|3|B__O__HP_PP____	5	76
5|3|PHP_P___B__O___	5	76
5|3|P_PPH_B_____O__	5	76
5|3|BO__P__P_H___P_	6	75
5|3|PP_H___O_BP____	6	75
5|3|P_HP__O__B___P_	6	75
5|3|O_P_B_H_P__P___	5	75
5|3|O____P__PBPH___	8	74
5|3|P__B__P_PO__H__	8	74
5|3|P_P___H_PO__B__	7	74
5|3|P__B__PP_O__H__	7	74
5|3|P_PPHB_____O___	6	74
5|3|P_PPH__B___O___	6	74
5|3|B_O______P_P_PH	4	74
5|3|O__PPBH_____P__	8	73
5|3|O_PB__H__PP____	6	73
5|3|O__PB_HP__P____	6	73
5|3|PHP_P__B_____O_	6	73
5|3|PHP_P____B___O_	6	73
5|3|P_OPH_B_______P	5	73
5|3|O____PP__BP_H__	9	72
5|3|O__PPP_H___B___	8	72
5|3|O____P__PBP_H__	8	72
5|3|PP__P___H___OB_	8	72
5|3|P_B__P__PO_H___	8	72
5|3|_O___PP__B_PH__	8	72
5|3|O_PPB_H_______P	7	72
5|3|PO__P__P_H___B_	7	72
5|3|PPH__P___B_O___	7	72
5|3|P_B___H_PO__P__	7	72
5|3|P__H__PP_B___O_	7	72
5|3|_O___P__PB_PH__	7	72
5|3|B_O___H_P__P__P	6	72
5|3|B__O___P_H_P__P	6	72
5|3|P__O_____BHPP__	6	72
5|3|PP_PH__B___O___	5	72
5|3|B__O__P____HP_P	4	72
5|3|PHB__P___OP____	9	71
5|3|P_H___B_PP__O__	7	71
5|3|PP_O____B___H_P	6	71
5|3|O_____B___P_PPH	5	71
5|3|PPPH_____B_O___	5	71
5|3|_OB__P__HP__P__	5	71
5|3|_O_P_P__HP__B__	5	71
5|3|OPP_B__H______P	9	70
5|3|O__PB___H__PP__	9	70
5|3|_PH__OP__B_P___	9	70
5|3|OP_PB__H______P	8	70
5|3|OP__B___H__PP__	8	70
5|3|_PH__O__PB_P___	8	70
5|3|OP__BP__H___P__	7	70
5|3|O_PPB__H______P	7	70
5|3|O_B___H_P__P__P	6	70
5|3|O__B___P_H_P__P	6	70
5|3|PP_OH____P__B__	5	70
5|3|P_HP__B____O__P	5	70
5|3|P_OP___H_P_B___	8	69
5|3|O_PPPB_____H___	7	69
5|3|PO_P___H_P_B___	7	69
5|3|BO_PP__P____H__	6	69
5|3|P_B___P_O__H__P	6	69
5|3|P_B___P__O_H_P_	6	69
5|3|P_H____P_O_P_B_	6	69
5|3|P__B___P_O_PH__	6	69
5|3|O_PHP_B______P_	5	69
5|3|BO_P___H_P__P__	5	69
5|3|BO__P__HP___P__	5	69
5|3|B_O_P_P_H____P_	5	69
5|3|P_OB__H__P_P___	5	69
5|3|_B___O_PHP___P_	5	69
5|3|O____P__B_PH__P	7	68
5|3|O_PP_B_____H__P	6	68
5|3|_PH__BP__O_P___	9	67
5|3|O_P_B__HP____P_	8	67
5|3|PP__P___H___BO_	8	67
5|3|PHB_____POP____	8	67
5|3|P_HP__P__O___B_	8	67
5|3|_PH__B__PO_P___	8	67
5|3|O______PPBP_H__	7	67
5|3|BOP_P___P____H_	7	67
5|3|__B__PO_PH__P__	6	67
5|3|P____HPO_P___B_	5	67
5|3|_OB__P__HP_P___	5	67
5|3|_P_H_B_P_O___P_	5	67
5|3|P__P__O__P__BH_	9	66
5|3|B__PPOH_____P__	8	66
5|3|_O___B_PPP_H___	8	66
5|3|O____P___BPHP__	7	66
5|3|B_POP_H___P____	7	66
5|3|PP_B___P_O__H__	7	66
5|3|OB__P__HP_____P	6	66
5|3|PPH_____BOP____	6	66
5|3|B_O___P_PHP____	5	66
5|3|P_H_P_B____O_P_	5	66
5|3|_OB__P__PH__P__	5	66
5|3|_BO__P__PH_P___	5	66
5|3|O_P_B_H_P____P_	7	65
5|3|BP_O___H_P___P_	6	65
5|3|OB_____PPHP____	5	65
5|3|_PH__P__OB__P__	5	65
5|3|O_B______P_P_PH	4	65
5|3|P___PH_PO__B___	7	64
5|3|O_HP___P___B__P	6	64
5|3|O_H_P__P___B_P_	6	64
5|3|BO_PP___P____H_	6	64
5|3|BP_O___H_PP____	6	64
5|3|PO_H____P___B_P	6	64
5|3|BO_P___P____H_P	5	64
5|3|BO_____PHPP____	5	64
5|3|PP_PH__B_____O_	5	64
5|3|P____HP_OP__B__	5	64
5|3|PO__PP_H_____B_	8	63
5|3|PO__P_PH_____B_	8	63
5|3|PO__P__H____PB_	8	63
5|3|O______PPBPH___	7	63
5|3|BO__P_H_P___P__	7	63
5|3|PO__P__HP__B___	7	63
5|3|O______PB_PH__P	6	63
5|3|PP_H___P_B_O___	6	63
5|3|__B__PO_HP__P__	6	63
5|3|O__P___B___P_HP	5	63
5|3|P_H___P_OB__P__	5	63
5|3|P__H__BO_P___P_	5	63
5|3|_OB__H__PP_P___	5	63
5|3|_P_H_B_O_P___P_	5	63
5|3|O__PB__PH__P___	7	62
5|3|OP__B__PH__P___	6	62
5|3|O_PP__H__PB____	6	62
5|3|O__PP_HP__B____	6	62
5|3|B____O_PP__H__P	6	62
5|3|B____O__PP_HP__	6	62
5|3|PP_O___H_P___B_	6	62
5|3|P_H_P_B_P___O__	6	62
5|3|P_H___O_PP_B___	6	62
5|3|P_OB__P____H__P	5	62
5|3|P_HB__P__O___P_	8	61
5|3|O_PPP_H___B____	7	61
5|3|O_H____P___B_PP	7	61
5|3|B____O_PPP_H___	7	61
5|3|O_______PBPHP__	6	61
5|3|O__B__P____HP_P	4	61
5|3|PO__P__H_P___B_	8	60
5|3|_B___OP__P_PH__	10	59
5|3|_B___O__PP_PH__	9	59
5|3|OP__B_HP_____P_	7	59
5|3|O_PB__H__P___P_	6	59
5|3|O__PB_HP_____P_	6	59
5|3|PPH_____BO_P___	6	59
5|3|PP_B___H_P___O_	6	59
5|3|PP_B____O___H_P	6	59
5|3|_O___B___P_HPP_	6	59
5|3|_B___P_OPH_P___	6	59
5|3|O_______B_HPP_P	5	59
5|3|_BO__H__PP__P__	5	59
5|3|P_PH__O__B_P___	7	58
5|3|OB_PP__H____P__	6	58
5|3|O____B_PP__H__P	6	58
5|3|O____B__PP_HP__	6	58
5|3|O_____HP__B__PP	6	58
5|3|O_____H__PB_PP_	6	58
5|3|B_PP_O_____H__P	6	58
5|3|P_H___B_PP_O___	6	58
5|3|B_O_P_H_P__P___	5	58
5|3|O___P_B_____PPH	6	57
5|3|PP_H___B_P_O___	6	57
5|3|_PPH_B___O_P___	6	57
5|3|_P_H_P_O_B___P_	5	57
5|3|OP__PP__H___B__	7	56
5|3|O____B_PPP_H___	7	56
5|3|O_____H___B_PPP	7	56
5|3|BO__P_HP_____P_	7	56
5|3|B_PPPO_____H___	7	56
5|3|PO_B___H_PP____	6	56
5|3|P_H_P_O_B_P____	6	56
5|3|_B___O_PHP_P___	6	56
5|3|B_O_P_H_P____P_	7	55
5|3|_BH__OP__P_P___	10	54
5|3|_BH__O__PP_P___	9	54
5|3|OP_P__B_____H_P	7	54
5|3|P_PO___B___H__P	7	54
5|3|O_PP__B_____H_P	6	54
5|3|PP_O___B___H__P	6	54
5|3|O__P__P_HP__B__	5	54
5|3|PHO_P_P______B_	5	54
5|3|PH_P__P__O__B__	5	54
5|3|PH__P_P_O___B__	5	54
5|3|PH__P__B___P_O_	5	54
5|3|P_HP__O__P_B___	5	54
5|3|P_H_P_O_P__B___	5	54
5|3|P__O__PH_P___B_	5	54
5|3|_O_P_P_H_P_B___	5	54
5|3|_BO__H__PP_P___	5	54
5|3|OPP_B___H____P_	6	53
5|3|O______B__HP_PP	5	53
5|3|P_O__H__PP_B___	5	53
5|3|OP__P__B____PH_	7	52
5|3|OP__P___HP__B__	7	52
5|3|OP__P___H___BP_	7	52
5|3|B_OPP_H_____P__	7	52
5|3|P____HP_PO___B_	6	52
5|3|__P__OB_PP__H__	6	52
5|3|P____HPP_O___B_	5	52
5|3|OPP_P_B_____H__	8	51
5|3|OP__B___HP__P__	7	51
5|3|OP__B___H___PP_	7	51
5|3|OP__P_P_H___B__	7	51
5|3|B_OPP_H_______P	7	51
5|3|P__H__PO_BP____	7	51
5|3|OP_PH_B_______P	6	51
5|3|O__PP_P_H___B__	6	51
5|3|O_PPH_B_______P	5	51
5|3|O_______B_PPH_P	5	51
5|3|OP_PP_B_____H__	8	50
5|3|B_OP__H__P___P_	6	50
5|3|OB_P___H_P__P__	5	50
5|3|OB__P__HP___P__	5	50
5|3|OP_B___H_P__P__	5	50
5|3|OP__B__PH____P_	5	50
5|3|O_B_P_P_H____P_	5	50
5|3|O___PB_____HPP_	5	50
5|3|PO_HP__B_____P_	5	50
5|3|PO_HP___P___B__	5	50
5|3|P_BO__H__P_P___	5	50
5|3|P_HP__O____B__P	5	50
5|3|P_HP__B__P_O___	5	50
5|3|P_H_P_O____B_P_	5	50
5|3|P_H_P_B_P__O___	5	50
5|3|P__B__PH_P___O_	5	50
5|3|_O___P_H_P_B_P_	5	50
5|3|P_PH__O__B___P_	4	50
5|3|P_PH__B__O___P_	4	50
5|3|P_P_H_O_B_____P	4	50
5|3|P_P_H_B_O_____P	4	50
5|3|P__PH_OB______P	4	50
5|3|P__PH_BO______P	4	50
5|3|OPP_P__B_____H_	8	49
5|3|OP_PP__B_____H_	7	49
5|3|P_H___P_PO___B_	7	49
5|3|P__H__OP_P__B__	7	49
5|3|P_H___PP_O___B_	6	49
5|3|P__H__O_PP__B__	6	49
5|3|PP__P__OH___B__	8	48
5|3|PO_B___H_P_P___	6	48
5|3|O_B___P_HPP____	5	48
5|3|B_O___P_HP__P__	5	48
5|3|B__O__PH_P___P_	5	48
5|3|_O_B_P_H_P_P___	5	48
5|3|O_B___P_PH____P	4	48
5|3|B_O___P_PH____P	4	48
5|3|P_PPH_O____B___	4	48
5|3|_B___OPP_P__H__	8	47
5|3|_B___OP_PP__H__	8	47
5|3|_H___P_PPO__B__	8	47
5|3|OP__P__BH____P_	7	47
5|3|O_PPP_B_____H__	7	47
5|3|PPH___P__B_O___	7	47
5|3|PH___P__PO__B__	7	47
5|3|P__H_OP__P__B__	7	47
5|3|_P_H_OP__P__B__	7	47
5|3|_H___PP_PO__B__	7	47
5|3|_P_H_O__PP__B__	6	47
5|3|OP__B___P___PH_	5	47
5|3|O___P___B__PP_H	5	47
5|3|BO_____PPHP____	5	47
5|3|PPP_H___B__O___	5	47
5|3|PP__P__HO____B_	9	46
5|3|OP__B_P_H___P__	7	46
5|3|O__PB_P_H___P__	6	46
5|3|O_B___P_HP__P__	5	46
5|3|O__B__PH_PP____	5	46
5|3|O__B__PH_P___P_	5	46
5|3|O___B_PHP_P____	5	46
5|3|O______B__PP_HP	5	46
5|3|O________BPPHP_	5	46
5|3|BO_____PHP_P___	5	46
5|3|PPH_P___B__O___	5	46
5|3|P_H___P_BO__P__	5	46
5|3|P__H__OB_P___P_	5	46
5|3|_O_B_P_P_H_P___	5	46
5|3|_O_B_P_H_P___P_	5	46
5|3|_BO__P__HP_P___	5	46
5|3|_PH__P__BO__P__	5	46
5|3|_P_H_O_B_P___P_	5	46
5|3|PHP_P___O____B_	4	46
5|3|_B___O_PPP__H__	7	45
5|3|B_OP__H__PP____	6	45
5|3|B__OP_HP__P____	6	45
5|3|PPH_____PB_O___	6	45
5|3|P_B___H_PO_P___	6	45
5|3|B_PO__H__P_P___	5	45
5|3|_P___PH_OP__B__	5	45
5|3|O__B__HP_P_P___	4	44
5|3|B__O__HP_P_P___	4	44
5|3|PP_PH__O____B__	4	44
5|3|PHP_P___B____O_	4	44
5|3|P____HP__P__OB_	4	44
5|3|P____HP__P__BO_	4	44
5|3|P____H_P_P_O_B_	4	44
5|3|P____H_P_P_B_O_	4	44
5|3|P______O_BHP_P_	4	44
5|3|P______B_OHP_P_	4	44
5|3|OPP_B__H____P__	8	43
5|3|OP_PB__H____P__	7	43
5|3|O_PPB__H____P__	6	43
5|3|B__OP_HP_____P_	6	43
5|3|__B__OP_HP__P__	6	43
5|3|B_O___P_PH__P__	5	43
5|3|B__O__HP_P___P_	5	43
5|3|P__H__OP_B___P_	5	43
5|3|_O___P_PHP_B___	4	43
5|3|B_OPP_H___P____	7	42
5|3|O_PPB_H____P___	6	42
5|3|OB_____HPPP____	5	42
5|3|O_P__B_____H_PP	5	42
5|3|PPHP_____B_O___	5	42
5|3|PP_H___B____O_P	5	42
5|3|PHPP_____B__O__	5	42
5|3|_PB__P__PO_H___	7	41
5|3|_P___P__PO_HB__	7	41
5|3|OP_H___B_P___P_	6	41
5|3|PO_B___H_P___P_	6	41
5|3|_B___H_OPP_P___	6	41
5|3|O_P____HPP_B___	5	41
5|3|O______B__PH_PP	5	41
5|3|P_H___B_PO__P__	5	41
5|3|_P___B__PO_HP__	5	41
5|3|_P___B_PPO_H___	6	40
5|3|HPPP_____B__O__	5	40
5|3|O__PP_PH___B___	8	39
5|3|OP__P__PH___B__	7	39
5|3|B_POP_H____P___	6	39
5|3|PP_H___B_P___O_	6	39
5|3|PP_H___P_B___O_	6	39
5|3|_B___O_HPP_P___	6	39
5|3|OB_P___P____H_P	5	39
5|3|OB__P__P____HP_	5	39
5|3|OB_____PHP_P___	5	39
5|3|O_B_P___P__P_H_	5	39
5|3|O_PB__H__P_P___	5	39
5|3|O__PB_P____HP__	5	39
5|3|O__PB_HP___P___	5	39
5|3|O___B_PHP_____P	5	39
5|3|O________BPHPP_	5	39
5|3|BP_O___H_P__P__	5	39
5|3|B_O___P_HPP____	5	39
5|3|B__O__PH_PP____	5	39
5|3|PHO_P___B__P___	5	39
5|3|P_BO__P____H__P	5	39
5|3|_B___P_OHP___P_	5	39
5|3|P_PPH_B____O___	4	39
5|3|__P__OPP_B__H__	8	38
5|3|_B___OP_PH_P___	7	38
5|3|__P__OP_PB__H__	7	38
5|3|OB_PP__P____H__	6	38
5|3|__P__O_PPB__H__	6	38
5|3|O_B___P_PH__P__	5	38
5|3|O__B__HP_P___P_	5	38
5|3|PHPP_____B___O_	5	38
5|3|_O_B_H_P_P___P_	5	38
5|3|PP_H___O_B_P___	6	37
5|3|_B___O_PPH_P___	6	37
5|3|_P___O_PPB_H___	6	37
5|3|B_O___H_PP__P__	5	37
5|3|B__O__PP_H___P_	5	37
5|3|_P___O__PB_HP__	5	37
5|3|PPO_H___B_____P	5	36
5|3|PPO_H____P___B_	5	36
5|3|PP_PH__B____O__	4	36
5|3|PO__P__HP____B_	8	35
5|3|OP_H____P___B_P	6	35
5|3|_P___B_POP_H___	6	35
5|3|P_H___O_PB__P__	5	35
5|3|P__H__BP_O___P_	5	35
5|3|_B___H_POP_P___	6	34
5|3|OP_B___P____H_P	5	34
5|3|O_B___H_PPP____	5	34
5|3|O_B___H_PP__P__	5	34
5|3|O_P___B_____HPP	5	34
5|3|O_P___H_PPB____	5	34
5|3|O__B__PP_H___P_	5	34
5|3|O___B_HPP_P____	5	34
5|3|O___P_PP_H___B_	5	34
5|3|O___P_HPP_B____	5	34
5|3|O_____B___P_HPP	5	34
5|3|BO_____HPP_P___	5	34
5|3|B_PO__P____H__P	5	34
5|3|B____O_P___H_PP	5	34
5|3|B____O___P_HPP_	5	34
5|3|PPHP_____B___O_	5	34
5|3|PPH____P_O___B_	5	34
5|3|PP_HP__B___O___	5	34
5|3|PP_H___O_P__B__	5	34
5|3|PP__H__O_P___B_	5	34
5|3|PP__H___B___O_P	5	34
5|3|P_O___H_PP__B__	5	34
5|3|H_PP_P___O_B___	5	34
5|3|_OB__H__PP__P__	5	34
5|3|O_PB__P____H__P	5	33
5|3|BP_O___P____H_P	5	33
5|3|OP__B__PH___P__	7	32
5|3|OB_____HPP_P___	5	32
5|3|O_HPP_B_____P__	5	32
5|3|O_HPP__P___B___	5	32
5|3|O___B_PPH_____P	5	32
5|3|O____B_P___H_PP	5	32
5|3|O____B___P_HPP_	5	32
5|3|O_____HPP_B___P	5	32
5|3|O_____H_PPB_P__	5	32
5|3|BO_____HPPP____	5	32
5|3|B_O___H_PPP____	5	32
5|3|B_P__O_____H_PP	5	32
5|3|B___PO_____HPP_	5	32
5|3|PPHP_____B__O__	5	32
5|3|PPH_P___B___O__	5	32
5|3|PP_HP__B_____O_	5	32
5|3|PP_H___O____B_P	5	32
5|3|PP_H___B_P__O__	5	32
5|3|PHPP_____B_O___	5	32
5|3|P_B___H_PP__O__	5	32
5|3|_B___O_HPP__P__	5	32
5|3|_O___P_PPH_B___	4	32
5|3|OP__P___P___BH_	7	31
5|3|_B___P_OHP_P___	6	31
5|3|P____H_OPP_B___	5	30
5|3|OB_____PHP___P_	4	30
5|3|OB______P___PHP	4	30
5|3|O_B___P_HP___P_	4	30
5|3|O_B_____P__P_HP	4	30
5|3|O__B__PH_P__P__	4	30
5|3|O__B___P___PH_P	4	30
5|3|O___B_PHP___P__	4	30
5|3|O___B__P___PHP_	4	30
5|3|BO_____PHP___P_	4	30
5|3|BO______P___PHP	4	30
5|3|B_O___P_HP___P_	4	30
5|3|B_O_____P__P_HP	4	30
5|3|B__O__PH_P__P__	4	30
5|3|B__O___P___PH_P	4	30
5|3|PHP_____OB_P___	4	30
5|3|PHP_____BO_P___	4	30
5|3|PH_P___O_B_P___	4	30
5|3|PH_P___B_O_P___	4	30
5|3|PH__P_P_____OB_	4	30
5|3|PH__P_P_____BO_	4	30
5|3|PH__P__OB__P___	4	30
5|3|PH__P__BO__P___	4	30
5|3|P_HP__O__B__P__	4	30
5|3|P_HP__B__O__P__	4	30
5|3|P_H_P_O_B___P__	4	30
5|3|P_H_P__P___O_B_	4	30
5|3|_OB__P__HP___P_	4	30
5|3|_O_B_P_H_P__P__	4	30
5|3|_BO__P__HP___P_	4	30
5|3|_PHP_O___B__P__	4	30
5|3|__O__PP_PH__B__	4	30
5|3|OP__P__BP____H_	7	29
5|3|O________BPPPH_	5	29
5|3|OPP_B___P____H_	6	28
5|3|O_PPB_P____H___	6	28
5|3|_B___H_PPO_P___	6	28
5|3|OPP_B__P____H__	8	27
5|3|OP_PB__P____H__	7	27
5|3|O_PPB__P____H__	6	27
5|3|OP_HP__B_____P_	5	27
5|3|OP_HP___P___B__	5	27
5|3|O__B__PP_HP____	5	27
5|3|B_OP__H__P_P___	5	27
5|3|B__OP_HP___P___	5	27
5|3|PO_B___H_P__P__	5	27
5|3|_P___PH_PO__B__	5	27
5|3|O___B_PPH_P____	5	26
5|3|O_______B_PPP_H	5	26
5|3|BO_____PPH_P___	5	26
5|3|B_OPP_H____P___	6	25
5|3|B_POP_P____H___	6	25
5|3|PPPH_____B__O__	5	25
5|3|P_H___B_OP__P__	5	25
5|3|P__H__PO_B___P_	5	25
5|3|_P___B__OP_HP__	5	25
5|3|P_POH__B______P	6	23
5|3|P____HOP_P__B__	6	23
5|3|OB_____PPH_P___	5	23
5|3|O___B_HPP_____P	5	23
5|3|B_OP__P____H__P	5	23
5|3|B__OP_P____HP__	5	23
5|3|B__O__PP_HP____	5	23
5|3|PO_B___P____H_P	5	23
5|3|PP_OH__B______P	5	23
5|3|P____HO_PP__B__	5	23
5|3|_P___B_OPP_H___	6	22
5|3|POP_H___B_____P	5	22
5|3|POP_H____P___B_	5	22
5|3|HPPP_____B_O___	5	22
5|3|HPPP_____B___O_	5	21
5|3|__B__POP_H__P__	8	19
5|3|__B__P_POH__P__	7	19
5|3|__B__PP_OH__P__	6	19
5|3|P____H_POP_B___	5	19
5|3|OB_____PPH____P	4	19
5|3|OB_____P____HPP	4	19
5|3|OB_____HPP__P__	4	19
5|3|OB_______P__PPH	4	19
5|3|O_B___P____H_PP	4	19
5|3|O_B___H_PP_P___	4	19
5|3|O__B__PP_H____P	4	19
5|3|O__B_____P_PP_H	4	19
5|3|O___B_PPH____P_	4	19
5|3|O___B_P____HPP_	4	19
5|3|O___B_HPP__P___	4	19
5|3|O___B___P__PPH_	4	19
5|3|O____B_____PPHP	4	19
5|3|O____B_____PHPP	4	19
5|3|O_____PPHPB____	4	19
5|3|O_____PHPPB____	4	19
5|3|BO_____PPH____P	4	19
5|3|BO_____P____HPP	4	19
5|3|BO_____HPP__P__	4	19
5|3|BO_______P__PPH	4	19
5|3|B_O___P____H_PP	4	19
5|3|B_O___H_PP_P___	4	19
5|3|B__O__PP_H____P	4	19
5|3|B__O_____P_PP_H	4	19
5|3|B____O_____PPHP	4	19
5|3|B____O_____PHPP	4	19
5|3|PPH_P___O____B_	4	19
5|3|PPH_P___B____O_	4	19
5|3|PPH_____OB__P__	4	19
5|3|PPH_____BO__P__	4	19
5|3|PP_HP__O____B__	4	19
5|3|PP_HP__B____O__	4	19
5|3|PP_H___O_B___P_	4	19
5|3|PP_H___B_O___P_	4	19
5|3|PP__H__OB_____P	4	19
5|3|PP__H__BO_____P	4	19
5|3|PP__H____P__OB_	4	19
5|3|PP__H____P__BO_	4	19
5|3|P____H__PP_OB__	4	19
5|3|P____H__PP_BO__	4	19
5|3|P_____O__BH_PP_	4	19
5|3|P_____B__OH_PP_	4	19
5|3|P_______OBHPP__	4	19
5|3|P_______BOHPP__	4	19
5|3|_O___P_HPP_B___	4	19
5|3|_PPH_O___B___P_	4	19
5|3|_PPH_B___O___P_	4	19
5|3|__O__PP_HP__B__	4	19
5|3|B_OPP_P____H___	6	18
5|3|O_____B___H_PPP	5	17
5|3|O________BHPPP_	5	17
5|3|PPPH_____B___O_	5	17
5|3|PPP_H___B___O__	5	17
5|3|OPP_H___B_____P	5	13
5|3|OPP_H____P___B_	5	13
5|3|P____H_PPO_B___	5	13
5|3|O____B_____PPPH	4	10
5|3|O____B_____HPPP	4	10
5|3|O_____PPPHB____	4	10
5|3|O_____HPPPB____	4	10
5|3|B____O_____PPPH	4	10
5|3|B____O_____HPPP	4	10
5|3|PPP_H___O____B_	4	10
5|3|PPP_H___B____O_	4	10
5|3|_O___H_PPP_B___	4	10