5|3|O_O_O_____P_B_P	11	3193
5|3|O_B_P_____O_P_O	10	2744
5|3|O_P_O_____P_BO_	10	2259
5|3|OB_P______O_P_O	8	2072
5|3|O_O_PB_____O_P_	7	1812
5|3|O_P_OB_____O_P_	7	1804
5|3|OO__O_____P_B_P	12	1718
5|3|P_O_PB_____O_O_	9	1708
5|3|OP_B______P_O_O	8	1666
5|3|O_O_PB_____P_O_	7	1628
5|3|O_P_PB_____O_O_	7	1616
5|3|O_P_OB_____P_O_	7	1611
5|3|OP_B______O_O_P	7	1589
5|3|O_O_P____B_P_O_	9	1584
5|3|O_P_O_B_____P_O	8	1530
5|3|O_O_OB_____P_P_	7	1417
5|3|O_O_P_B___O__P_	7	1417
5|3|O_P_P____B_O_O_	9	1392
5|3|O_O_P____B_O_P_	9	1378
5|3|O_O_____B_O_P_P	9	1350
5|3|O___O__O__P_B_P	11	1320
5|3|O_O_O_____PB_P_	9	1313
5|3|O_P_O_B___O__P_	7	1307
5|3|O_P_OO______B_P	11	1296
5|3|OBO_P_____O___P	11	1250
5|3|O_O_O_____P_BP_	10	1229
5|3|O_P_P__B___O__O	8	1225
5|3|OBO_P_____O__P_	10	1213
5|3|O_P_OB____P__O_	8	1200
5|3|O_PO_____BO_P__	9	1166
5|3|OP_B_____OP_O__	11	1151
5|3|PO_O_____BP__O_	10	1140
5|3|O_PB_____OP_O__	10	1132
5|3|O_PO_____BP_O__	9	1132
5|3|OP_B_____OO_P__	8	1130
5|3|OP_O_____BO_P__	8	1124
5|3|O_O______OP_PB_	13	1117
5|3|O_O______OPP_B_	12	1117
5|3|P_OO_____BP__O_	9	1114
5|3|O_P_O_B___P__O_	7	1114
5|3|O_P_O__B__P__O_	8	1093
5|3|PO_O_____BP_O__	9	1081
5|3|OP_O_____BP_O__	8	1080
5|3|O_PO_____BP__O_	8	1080
5|3|O_P_P___B__O__O	7	1079
5|3|O__O_____BP_PO_	8	1075
5|3|O_O______BPO_P_	8	1061
5|3|O_O______BP_PO_	9	1057
5|3|OO_P_____BO_P__	8	1047
5|3|P_OO_____BP_O__	9	1046
5|3|O_O______BPP_O_	8	1042
5|3|O_OP_____BP_O__	8	1037
5|3|OO_P_____BP_O__	8	1026
5|3|OP_O_____B_P_O_	9	1020
5|3|O_P______BPO_O_	8	1011
5|3|O_O______BO_PP_	9	1003
5|3|O_P_P____B_O__O	8	998
5|3|O_O______PO_PB_	12	976
5|3|OP_B_____PO_O__	11	976
5|3|O_B_P_____PO__O	12	975
5|3|O_P______BP_OO_	8	972
5|3|OO__P_____P_B_O	11	968
5|3|OP_P_____BO_O__	8	968
5|3|O_PO_____B_P_O_	8	961
5|3|O__OP_____P_BO_	10	958
5|3|OP_O_____BO__P_	8	952
5|3|OO__PB______O_P	10	942
5|3|O_O_P___B__O__P	6	937
5|3|P_OO_____B_P_O_	8	927
5|3|OP__O_____P_BO_	11	921
5|3|_O_P_B___O_O_P_	7	921
5|3|OP__O______OB_P	10	920
5|3|O_P_O_____PB_O_	8	916
5|3|O__OP______OB_P	12	914
5|3|OO__P_____P_BO_	9	909
5|3|OO__P______OB_P	11	908
5|3|OP_O_____B_O_P_	9	897
5|3|O_O_P____OP_B__	9	896
5|3|OO_O______P_B_P	10	895
5|3|PP_O_____B_O_O_	9	893
5|3|O_O_PO_____B_P_	9	889
5|3|O_O_P____B_P__O	8	885
5|3|O_OO______P_B_P	10	883
5|3|O_OO_____BP_P__	8	872
5|3|OB_P______OP__O	11	870
5|3|OB_P______O__PO	10	870
5|3|O_P_OO_____B_P_	10	868
5|3|O_O_P____O_P_B_	8	862
5|3|OO_O_____BP_P__	8	856
5|3|O___O_____PBO_P	10	853
5|3|P_PO_____B_O_O_	8	852
5|3|OO__P_____O_B_P	13	851
5|3|O_B_P_____O__OP	12	851
5|3|OO_P_____BP__O_	8	850
5|3|O_BP______O_P_O	9	846
5|3|O_PO_____B_O_P_	8	844
5|3|OP__O_____O_B_P	10	840
5|3|P_O_P_B____O_O_	6	840
5|3|OP__O_____P_B_O	9	832
5|3|O_O_P_B____P_O_	8	831
5|3|O_P_P__B___O_O_	7	830
5|3|OP__O____B_P_O_	8	828
5|3|O_O_P____B_O__P	10	821
5|3|P_OP_____B_O_O_	8	817
5|3|PO_O_____B_O_P_	8	806
5|3|O_OB______O__PP	7	806
5|3|OB_O______P_P_O	6	806
5|3|OB_P_____OO_P__	8	805
5|3|O_O_P_B____O_P_	6	804
5|3|O_P_O_O_____B_P	10	803
5|3|OP_P_____BO__O_	8	800
5|3|O_P_O______OBP_	9	798
5|3|O_P_O__B___O_P_	8	798
5|3|P_OO_____B_O_P_	8	792
5|3|O_P_____OBO_P__	7	792
5|3|O_PO_____OP_B__	11	779
5|3|OBP_O_____O__P_	10	779
5|3|OP_O_____OP_B__	10	777
5|3|O__O______PBO_P	10	776
5|3|OB_P_____OO__P_	8	775
5|3|OO__P__B__O___P	9	767
5|3|OO__P__B__P___O	8	767
5|3|OB_PO_____O__P_	9	760
5|3|OO_P_____B_P_O_	8	757
5|3|P_BO_____OP__O_	9	753
5|3|OB_O______OP__P	10	752
5|3|OB_O______O__PP	9	752
5|3|OP_P_____B_O_O_	9	749
5|3|O_O_OP______B_P	11	747
5|3|O_O_P___O_P_B__	9	746
5|3|OP__P_____O_OB_	6	746
5|3|P_OB_____O_O_P_	9	742
5|3|O_P______OPOB__	9	735
5|3|O_OP_____BO__P_	10	730
5|3|OO_P_____BO__P_	9	730
5|3|O_O_OP_____B_P_	9	726
5|3|O_OP_____B_P_O_	8	725
5|3|O_P_P_B____O_O_	6	723
5|3|O_P______BO__OP	10	722
5|3|O___O_____POB_P	11	721
5|3|OO__P____B_P_O_	9	721
5|3|O_P_OB______PO_	8	719
5|3|O_P____O_OP_B__	10	716
5|3|O_OBP_____P___O	8	716
5|3|OP__O____B_O_P_	8	715
5|3|O_P_O_B____O_P_	6	713
5|3|OP__OB_____P_O_	9	711
5|3|P_O_____BOP_O__	7	708
5|3|O_PP_____B_O_O_	8	705
5|3|OO_B______O_P_P	6	702
5|3|O_O_O_B____P_P_	8	699
5|3|O_O_P_O_____B_P	8	694
5|3|O__OP____B_P_O_	9	692
5|3|O__O______P_BOP	11	691
5|3|P_O_____OBP_O__	7	690
5|3|O_P_O_B____P_O_	8	687
5|3|OB_OP_____O___P	10	685
5|3|O_PB_____OO__P_	10	676
5|3|O__OP____BP_O__	9	675
5|3|O_OP_____B_O_P_	9	669
5|3|OO_O_____B_P_P_	8	669
5|3|OP__O__B__O___P	7	668
5|3|OP_B_____OO__P_	9	663
5|3|OP__P__B__O___O	7	662
5|3|OO_P_____B_O_P_	9	661
5|3|O_O______BP__OP	9	661
5|3|O_OO_____B_P_P_	8	661
5|3|O_PO_B______P_O	8	657
5|3|OO__PB_____P_O_	7	654
5|3|O_OBP______P__O	7	653
5|3|O_O_O_P_____B_P	8	638
5|3|OO__P___B_P_O__	7	638
5|3|O_B_P_____O_PO_	9	636
5|3|O_O______BO__PP	9	634
5|3|O__P_____OP_BO_	8	634
5|3|OO__PB______P_O	7	633
5|3|OO__O______P_BP	10	630
5|3|OP__OB_____O_P_	7	630
5|3|O_P_P____O_OB__	8	622
5|3|_O_P_O___O_P_B_	10	621
5|3|OO__O_____P_BP_	12	616
5|3|O__O_____OPP_B_	10	616
5|3|O_O_____B_PO__P	7	615
5|3|OB__P___O_O___P	8	614
5|3|OP__OB______O_P	7	613
5|3|OO__P__B___O__P	9	612
5|3|_O_P_O___B_O_P_	7	612
5|3|OO__O______PB_P	11	611
5|3|OOB_P_____O___P	9	611
5|3|O__O___B__PO__P	8	610
5|3|OOB_P_____P___O	9	607
5|3|OP_B_____PO__O_	9	607
5|3|OP_P_____B_O__O	8	606
5|3|O__OP____B_O_P_	9	605
5|3|OO__OB______P_P	7	604
5|3|O__O_____OP_B_P	11	603
5|3|OO__O_____PB_P_	9	603
5|3|O_BOP_____P___O	10	600
5|3|OB_P_____PO__O_	8	599
5|3|OP_O______O_B_P	8	597
5|3|O_OB_______O_PP	6	595
5|3|O_BO______PO__P	11	588
5|3|O_BO______P__OP	10	588
5|3|O__OP__B___O__P	8	587
5|3|O__O___O__P_B_P	9	584
5|3|OP_O_____B_P__O	8	582
5|3|O_BOP_____O___P	14	581
5|3|OO_P_____OP_B__	8	581
5|3|O_PB______PO__O	7	580
5|3|O___O_O___P_B_P	12	579
5|3|OO__P__B___P__O	8	579
5|3|O_BOP_____P__O_	11	574
5|3|OP__O___B_P_O__	8	572
5|3|OP__O_B_____O_P	9	570
5|3|OP__O_B_____P_O	9	567
5|3|OP__O___B_O_P__	8	565
5|3|OP_B______PO__O	7	563
5|3|O__O_____PP_BO_	8	562
5|3|O___PO_____BO_P	10	561
5|3|O_P_OP______BO_	9	561
5|3|O___OP_____BO_P	9	556
5|3|OOB______PO_P__	7	555
5|3|O_BO_____OP__P_	7	554
5|3|O_B_PO______P_O	10	552
5|3|O___P____OP_OB_	10	552
5|3|P_O_PO_____B_O_	10	551
5|3|O_P______OP_BO_	10	550
5|3|O__O_____OPB_P_	11	549
5|3|O__P_O_____BO_P	10	546
5|3|O_PO_______OB_P	9	546
5|3|OO__P______B_PO	7	546
5|3|O_O______OPB_P_	9	545
5|3|O__O______POB_P	10	542
5|3|OP_O_______OB_P	8	542
5|3|O_O_____B_PP__O	8	536
5|3|OP__P_B_____O_O	9	533
5|3|O_OP_____O_P_B_	13	532
5|3|OO_P_____O_P_B_	12	532
5|3|OP______B_O_P_O	7	532
5|3|OO__O_____P__BP	10	526
5|3|OB_O_____PO__P_	8	524
5|3|OP_B_____OP__O_	7	523
5|3|P_B____O_OP__O_	11	519
5|3|P_OB_____P_O_O_	6	518
5|3|O_P__O___OP_B__	11	517
5|3|O__OP__B___P__O	7	516
5|3|O__O_B_____PO_P	7	515
5|3|O_OP_____OP_B__	8	514
5|3|OO__P_____O_PB_	7	513
5|3|O_O_O_B______PP	7	513
5|3|O_OB_____O_P_P_	6	513
5|3|OP_O_B______P_O	7	512
5|3|O_O______PPOB__	8	511
5|3|O_B_P__O__P__O_	8	511
5|3|_O_P_O___O_B_P_	7	511
5|3|OOB_P_____P__O_	8	510
5|3|OB______P_O_P_O	9	509
5|3|O_P_____BOO_P__	7	506
5|3|O_O_P____B_OP__	9	505
5|3|PO_O_____O_P_B_	9	505
5|3|P_OO_____O_P_B_	9	505
5|3|O_OB_____OP___P	10	503
5|3|O_B_P____OP__O_	10	503
5|3|P_O_P_B_____OO_	7	502
5|3|O__O___O_PP_B__	10	499
5|3|O_O_O______PBP_	9	499
5|3|OP_O_B______O_P	7	498
5|3|O_O_P_B_____OP_	7	497
5|3|O_OP_____B_P__O	8	496
5|3|OP__P__B___O__O	7	496
5|3|O_P_O_B______OP	7	496
5|3|O___P__B___O_OP	8	494
5|3|OB__P_____OP_O_	9	493
5|3|OO______B_P_O_P	7	492
5|3|OO______B_P_P_O	7	492
5|3|O_BO_____PP__O_	7	491
5|3|O__P___O_OP_B__	7	490
5|3|OO__P__B__O__P_	7	489
5|3|O___OB_____PO_P	9	488
5|3|OB__P_____O_PO_	8	488
5|3|OP_B______O__OP	7	488
5|3|O__O_P_____BO_P	9	486
5|3|O_O_____B_O__PP	9	485
5|3|O_OP_B_____O__P	7	485
5|3|O_P_P______OOB_	5	485
5|3|OP__P___B_O_O__	8	484
5|3|OO__O__B__P__P_	7	483
5|3|O__P_B_____OO_P	7	483
5|3|OP_B_____O_O_P_	9	480
5|3|O___P__B___OO_P	7	480
5|3|OP_P_B______O_O	7	479
5|3|PP_B_____O_O_O_	10	476
5|3|P_PB_____O_O_O_	10	476
5|3|OB_OP_____O__P_	11	475
5|3|O_PB_____O_O_P_	9	475
5|3|PO_O_____B_O__P	9	475
5|3|OP__O__B___O__P	7	475
5|3|O_OB_______OP_P	5	475
5|3|O___P__O_OP_B__	10	474
5|3|P_OB_____O_O__P	9	474
5|3|O__O___B__PP__O	7	469
5|3|PO_O_____OP_B__	9	467
5|3|P_OO_____B_O__P	9	467
5|3|OO_P_B______P_O	7	466
5|3|OO_P_____B_P__O	7	465
5|3|O_OP__B_____O_P	7	463
5|3|O_P_P___O__O_B_	6	463
5|3|O___PO_O____B_P	11	462
5|3|OO_P_B_____P__O	7	462
5|3|O_PP_____B_O__O	7	462
5|3|OP_O_____O_P_B_	10	461
5|3|O_OP_____BP___O	9	461
5|3|O___OP_O____B_P	10	459
5|3|OO_P_____B_O__P	9	459
5|3|OP_O_____OP__B_	9	458
5|3|O_PO_____B_P__O	7	458
5|3|OO_P_B______O_P	7	457
5|3|PO_O_____OP__B_	10	455
5|3|O_PO_B_____O__P	8	453
5|3|PO__P__B___O_O_	7	452
5|3|OOB_P______O__P	9	450
5|3|OP_B_____P_O_O_	10	449
5|3|O_PB_____P_O_O_	9	449
5|3|O_PO_____O_P_B_	9	448
5|3|O_P___O__OP_B__	11	447
5|3|O_P__O___O_P_B_	10	447
5|3|O_OP_____B_O__P	9	445
5|3|OP__O__B__P__O_	7	444
5|3|O___OO____P_B_P	13	443
5|3|PO_B_____OP_O__	9	443
5|3|O__O_____OP_BP_	10	442
5|3|OB__P___O_O_P__	8	441
5|3|PO__P______OBO_	7	438
5|3|OO__O___B_P__P_	8	437
5|3|P_O_P_O_____BO_	6	437
5|3|O_B_P_O___P___O	9	436
5|3|OO_O_B______P_P	7	436
5|3|OO_O_____PP_B__	11	434
5|3|O_OO_____PP_B__	11	434
5|3|O_O______PPO_B_	8	433
5|3|O_B_P_P___O___O	9	432
5|3|OO_P__B_____P_O	7	431
5|3|O_OP_______BP_O	7	431
5|3|OP_B_______PO_O	7	430
5|3|OBP_O_____P__O_	6	430
5|3|O_B_____P_O_P_O	7	429
5|3|O_P______OPO_B_	8	427
5|3|OP__P__B__O__O_	7	427
5|3|O___O__B__PO_P_	7	427
5|3|P_O__O___O_P_B_	11	424
5|3|O_PB_______OO_P	6	424
5|3|O__P__B____O_OP	7	423
5|3|O__OPO_____B_P_	9	421
5|3|O__P_____OPB_O_	8	420
5|3|OP_B_____O_P_O_	7	419
5|3|P_OO_____OP_B__	8	418
5|3|O_O_____B__PO_P	7	418
5|3|O_P______B_O_OP	10	415
5|3|O_P______B_OO_P	9	415
5|3|O__O_____B_PO_P	9	415
5|3|OP__O__B___P__O	7	415
5|3|O_P_OP_____B_O_	7	415
5|3|O__O_____B_P_OP	9	413
5|3|OO_______PP_OB_	8	411
5|3|OB__O___P_O___P	8	411
5|3|O_OO_B_____P__P	7	411
5|3|O_OP__B_____P_O	7	410
5|3|O___P___B_P_OO_	7	410
5|3|_O_O_O___P_B_P_	7	409
5|3|O__O__O___P_B_P	10	408
5|3|OP_______OP_OB_	9	408
5|3|OP_O____B__P__O	8	408
5|3|O_P_P___O__OB__	8	408
5|3|OP_O_B_____O__P	7	408
5|3|P__O_O___O_B_P_	8	407
5|3|POB______OP__O_	13	406
5|3|OO_O_____P_P_B_	9	406
5|3|O__O____O_P_B_P	11	404
5|3|O_B_P_O___O___P	10	404
5|3|O_PB_____OO___P	10	404
5|3|OP__OB____P__O_	9	404
5|3|OP__O____B_O__P	8	404
5|3|_O_P_P___O__OB_	8	404
5|3|OB__PO____O___P	9	403
5|3|O_PB_____O_P_O_	6	403
5|3|OP_B_____OO___P	9	402
5|3|PO_______OP_OB_	9	402
5|3|O_P_OB__O___P__	6	402
5|3|OO__P____O_P_B_	9	399
5|3|OP_P_B_____O__O	7	399
5|3|OO_P_______BP_O	6	399
5|3|O_P_O_B_____OP_	7	398
5|3|O_B_P____OO__P_	9	397
5|3|O_OO__B_____P_P	7	397
5|3|O___O_B____OP_P	7	396
5|3|O__P_O___O_B_P_	11	395
5|3|O_O__O___P_P_B_	10	395
5|3|OO_O_____B_P__P	9	394
5|3|O_OO_____P_P_B_	9	394
5|3|O_P_____OBP__O_	7	394
5|3|OP_B_______OO_P	6	394
5|3|O_BP_____OP__O_	9	393
5|3|O_BO_____OP_P__	7	392
5|3|O_O______B_P_OP	9	391
5|3|O_O__B_____P_OP	7	390
5|3|PO_O_B_____O__P	9	389
5|3|P_OO_B_____O__P	9	389
5|3|OO__P__B____O_P	7	389
5|3|O_P_P_B_____OO_	7	389
5|3|OP__OO______B_P	11	388
5|3|O_OO_____B_P__P	9	388
5|3|O__BP_O___P___O	8	388
5|3|OO_O_____PP__B_	9	387
5|3|O__P_____OPO_B_	9	387
5|3|P_OB_____O_PO__	9	387
5|3|P_O__B___O_O_P_	7	387
5|3|OP__O____OP_B__	10	386
5|3|O__O_P___O_B_P_	10	386
5|3|P_O______O_POB_	9	386
5|3|OP_BP_______O_O	8	386
5|3|OP_O____B__O__P	7	386
5|3|PO_O_B______O_P	9	385
5|3|O__O__B____OP_P	7	385
5|3|O_PB_______O_OP	6	385
5|3|O_POB______P__O	5	385
5|3|P_O__O___O_B_P_	8	384
5|3|O_O_P_B_____PO_	7	384
5|3|O__P__B____OO_P	7	383
5|3|O_O__P___O_P_B_	11	381
5|3|O___P____BP_OO_	9	381
5|3|O_OB_____PP___O	7	381
5|3|O__P____OBP_O__	7	380
5|3|O__O____OBP_P__	7	379
5|3|OO_P_____B__P_O	7	378
5|3|O_OO_____BP___P	9	377
5|3|O__O__B____P_OP	9	377
5|3|O_B_P___O_O___P	13	376
5|3|PO_O__B_____O_P	6	376
5|3|O_O____B__P__OP	8	375
5|3|O_PO____B_P___O	7	374
5|3|O__P_O___B_P_O_	7	374
5|3|P_O__B___O_P_O_	7	374
5|3|O_OP_____BO___P	10	373
5|3|OO_P_____BO___P	9	373
5|3|O__O__B____PO_P	9	373
5|3|OO__P__B___P_O_	7	373
5|3|OO__PO_____B_P_	8	372
5|3|O__O____B_O__PP	8	372
5|3|OO_O___B__P___P	7	372
5|3|_BO__O___O_P_P_	7	372
5|3|OO_P_______B_PO	6	372
5|3|O_B_P___O_P___O	12	371
5|3|OO__O____P_P_B_	9	371
5|3|OO_P___B__P___O	7	371
5|3|OO__P__B___O_P_	7	371
5|3|O_PO____B__P__O	7	371
5|3|OO__PO______B_P	12	369
5|3|OP_B_____O_P__O	11	369
5|3|O__OPO______B_P	11	369
5|3|P_P__B___O_O_O_	7	369
5|3|O_PB_____O_P__O	10	367
5|3|OBO______PO__P_	9	366
5|3|O_OP___B__P___O	7	366
5|3|O_P_P_O_____BO_	7	366
5|3|O_P_____B__OO_P	7	365
5|3|O_P__B___O_O_P_	5	365
5|3|P__O_O___B_O_P_	7	364
5|3|O__OP______OBP_	11	363
5|3|OB_PO_____P_O__	6	363
5|3|OO__P______OBP_	11	362
5|3|O__O_O____P_B_P	12	361
5|3|O_P__O___O_B_P_	8	361
5|3|OO_B_____OP_P__	9	359
5|3|O__O_O___B_P_P_	7	359
5|3|O_OB_____O_P__P	6	359
5|3|OO_B_____OP__P_	9	357
5|3|O_P__O___P_OB__	9	357
5|3|O_P_____OBO___P	7	357
5|3|OB_PO_____O_P__	6	357
5|3|OO_O_______PB_P	9	356
5|3|O___O_O___P__BP	9	356
5|3|O_O__B___O_P_P_	5	356
5|3|O__P_____OPOB__	9	355
5|3|OO_____B__O_P_P	8	355
5|3|OP__P___B_O__O_	7	355
5|3|O_OO____B_P___P	7	354
5|3|O_O_P______OPB_	6	353
5|3|O__O_____PPOB__	10	352
5|3|O_OO______PB__P	9	352
5|3|O_P______O_POB_	8	352
5|3|P_OB_____P_OO__	8	352
5|3|OP__O__B__O__P_	6	352
5|3|OPB______OO_P__	9	351
5|3|O_OO_______PB_P	9	351
5|3|P_O_PB__O__O___	7	351
5|3|_O_P_O___P__OB_	7	351
5|3|OO_O______PB__P	9	350
5|3|O_OB_____P_P__O	6	350
5|3|O_P__B___O_P_O_	5	349
5|3|O_O_O_B_____PP_	7	348
5|3|O__OP____BO___P	10	347
5|3|O_B_P_O___P__O_	9	347
5|3|P__O_B___O_O_P_	7	347
5|3|OP_B_____O_O__P	9	345
5|3|O_B_P_O_____P_O	9	345
5|3|OP_OB_______P_O	5	345
5|3|OO__OP_____B_P_	8	344
5|3|O_O_P______BPO_	7	344
5|3|O_PP_____O_OB__	7	344
5|3|O___PO______BOP	13	343
5|3|P_B_PO_____O_O_	10	343
5|3|P_PO_____O_OB__	7	343
5|3|P_OO____B__O__P	6	343
5|3|OO__P_____O_BP_	12	342
5|3|O_BP______O__OP	11	342
5|3|O__P_____B_OO_P	9	341
5|3|O__P_____B_O_OP	9	341
5|3|OP__O_B____O__P	8	341
5|3|OP__O___B_P__O_	7	341
5|3|O_B_PP____O___O	11	340
5|3|O_P_____OOP_B__	10	340
5|3|OP_O_____P_OB__	9	340
5|3|O_PO_____P_OB__	9	340
5|3|P_BO_____O_P_O_	7	339
5|3|P_P__O___O_OB__	8	338
5|3|P_O__O___B_P_O_	7	338
5|3|O___P____OPOB__	9	337
5|3|O_O_P____O_PB__	8	337
5|3|P_O_PBO______O_	7	337
5|3|OO__OP______B_P	12	336
5|3|OO__O____PP_B__	11	336
5|3|O__O_O___P_B_P_	11	336
5|3|O_P___O__OP__B_	9	336
5|3|O_O______P_POB_	8	336
5|3|O_B_PO____P___O	10	335
5|3|P_P__O___B_O_O_	7	335
5|3|O___OP______BOP	10	334
5|3|O_PB_____O_O__P	9	334
5|3|O___PO_____B_OP	9	334
5|3|O_P__O___B_O_P_	7	334
5|3|P_OP_____O_O_B_	10	333
5|3|PO_P_____O_O_B_	9	333
5|3|P_O__O___B_O_P_	7	333
5|3|P_BO_____O_O_P_	7	333
5|3|P_O___O__OP__B_	10	332
5|3|O_OB_____OPP___	9	332
5|3|O___P___OBP_O__	7	332
5|3|O__P__B__O_O_P_	6	332
5|3|P_OB_____O_OP__	8	331
5|3|OP__P__B___O_O_	7	331
5|3|O_P__O___B_P_O_	7	331
5|3|OBO_______O__PP	8	330
5|3|O_B_P____OP___O	12	329
5|3|PO_O_____B__O_P	9	329
5|3|O_O_P___OB_P___	8	329
5|3|OBO_______P__PO	8	328
5|3|O_PO_B___O__P__	6	328
5|3|O_B__O___OP_P__	9	327
5|3|O_O_____OBP___P	7	327
5|3|O_O__O___B_P_P_	7	326
5|3|PO_P_____O_OB__	7	326
5|3|O_BP_____OO__P_	8	325
5|3|O_O__O___P_B_P_	9	324
5|3|O_OP____B_O___P	10	322
5|3|OO_P____B_O___P	9	322
5|3|O_B_PO____P__O_	9	322
5|3|_OB__P___O_O_P_	10	320
5|3|O_O_P_O______BP	7	320
5|3|O_O__P___O_B_P_	8	317
5|3|O__O_____PPB_O_	8	317
5|3|OPB_______O_O_P	7	317
5|3|PO__PO______BO_	10	316
5|3|OO__O___B__P_P_	8	315
5|3|O___O__B__P_PO_	8	315
5|3|OO_O____B__P__P	7	315
5|3|P__O__O__OP__B_	7	315
5|3|O_O______PP_BO_	11	314
5|3|O_O______PP_B_O	11	314
5|3|OP_______OO_PB_	9	314
5|3|O__OP______PBO_	9	314
5|3|O_B_P____OO___P	13	313
5|3|O___O__B__PP_O_	7	313
5|3|O___P_OB____O_P	6	313
5|3|O_O_P___O_PB___	8	312
5|3|O__OP____O_P_B_	8	312
5|3|O__P____BOP_O__	7	312
5|3|OO__P__B____P_O	8	311
5|3|_OB__O___P_P_O_	7	311
5|3|OP_B_____OOP___	8	310
5|3|OO_B_____OP___P	9	309
5|3|OO_P____B__P__O	9	309
5|3|OO__P______PBO_	8	309
5|3|O_B_P___O_P__O_	10	308
5|3|O_B___O__OP_P__	9	308
5|3|OO_B_____PP_O__	6	308
5|3|O_OP____B__P__O	9	307
5|3|P_B__O___O_O_P_	9	307
5|3|OOB______PP__O_	8	307
5|3|OOP_B______P__O	6	307
5|3|OP__O_O_____B_P	10	306
5|3|P__O_O___P__BO_	10	306
5|3|OP__O___O_P_B__	9	306
5|3|O___P____OPO_B_	9	306
5|3|O___P__O__P_BO_	8	306
5|3|O_P__P___O_OB__	10	305
5|3|P_O__O___OP_B__	9	305
5|3|O_OO____B__P__P	7	305
5|3|O___P__O_BP__O_	7	305
5|3|O_P_____B__O_OP	6	305
5|3|O_O___O__PP__B_	9	304
5|3|OP_P_____O_OB__	6	304
5|3|O_O_____O_PB__P	9	301
5|3|OB_O_____PO___P	9	300
5|3|O_OP____B__O__P	9	300
5|3|O_O_P_O_____BP_	7	300
5|3|PO_B_____OP__O_	7	300
5|3|P_BO___O_OP____	6	300
5|3|O___O_B____PO_P	9	299
5|3|OO__P___B___P_O	6	298
5|3|O_PO____B__O__P	6	296
5|3|O_O_P___O__PB__	8	295
5|3|OO_P_____B_OP__	8	294
5|3|OO__O__B____P_P	8	294
5|3|OO_P____B__O__P	8	293
5|3|OB_PO______O__P	6	293
5|3|OO_P_____B__O_P	9	292
5|3|P_O___O__OP_B__	9	292
5|3|OO__P___B___O_P	6	292
5|3|OP__P__B____O_O	6	292
5|3|OO__P_O_____B_P	11	291
5|3|O__OP_O_____B_P	10	291
5|3|PO__P____O_OB__	9	291
5|3|OP_O__B_____O_P	8	291
5|3|P_O____B_OP__O_	6	291
5|3|O___P____OP_BO_	10	290
5|3|O_PO___B__P___O	8	290
5|3|POB______OPO___	12	289
5|3|O_OP_____P_O_B_	10	289
5|3|OO_P_____P_O_B_	9	289
5|3|O___P_O_____BOP	9	289
5|3|O_B_O_P___O___P	7	289
5|3|O_PO__B_____O_P	7	289
5|3|O_P____O_BP__O_	7	289
5|3|OP_O___B__P___O	7	288
5|3|OPB_P______O__O	10	287
5|3|OO__P____OP__B_	9	287
5|3|OOB______OP__P_	6	287
5|3|O_P____B__O__OP	10	286
5|3|O_O_P_O__B___P_	7	286
5|3|O_O_OP______BP_	12	285
5|3|OB______P_O__PO	9	285
5|3|OP__O_____O_BP_	9	285
5|3|OB______P_OP__O	8	285
5|3|OP_______OPOB__	8	285
5|3|O__O___B___PO_P	6	285
5|3|OO__O_P_____B_P	10	284
5|3|OO__O___P_P_B__	9	284
5|3|OO__O_B____P_P_	7	284
5|3|O_OP__B___O___P	7	284
5|3|P_O______OP_BO_	7	284
5|3|OP__O__B____O_P	6	284
5|3|OO_O_____B__P_P	9	283
5|3|P_B__O___O_P_O_	9	283
5|3|OP_P__B_____O_O	8	283
5|3|O__OP____P_OB__	12	282
5|3|OO__P____P_OB__	11	282
5|3|OO_______PPOB__	9	282
5|3|OPO_O___B__P___	8	282
5|3|O__O___O_PPB___	8	282
5|3|O_O_____B__PP_O	7	282
5|3|O_PO___B__O___P	8	281
5|3|O_O_POB______P_	6	281
5|3|O_B_P___O_O__P_	9	280
5|3|O_OP_____B_OP__	8	280
5|3|O_O__O___PP_B__	10	279
5|3|OO__P_B____P_O_	7	279
5|3|OP_O___B__O___P	7	279
5|3|P_OB_O___O_P___	8	278
5|3|P__O_O___O_P_B_	8	278
5|3|O___P__OB_P_O__	7	278
5|3|O__P___B___OO_P	6	278
5|3|P_O_____BO_P_O_	5	278
5|3|OP__O______PB_O	8	276
5|3|O_B_P_O___O__P_	7	276
5|3|PO_O_____B_OP__	8	275
5|3|PO_P_____B_OO__	8	275
5|3|O_B_P_O_____O_P	7	275
5|3|O__O___O_BP_P__	7	275
5|3|O__P___O_BP_O__	7	275
5|3|O___O_BO____P_P	7	275
5|3|O_P_OBO______P_	5	275
5|3|O_OP____B_P___O	9	274
5|3|P__B_O___O_P_O_	8	274
5|3|PO__PO_____B_O_	10	273
5|3|OP__O__B____P_O	8	273
5|3|OP_B_O___O__P__	7	273
5|3|O__P_____OPBO__	8	272
5|3|P_B__O___OP__O_	12	271
5|3|P_OP_____B_OO__	8	271
5|3|OO_PO_B______P_	7	271
5|3|O_O_P_B__O___P_	6	271
5|3|O___O_P_____BOP	8	269
5|3|P_OO_____B_OP__	8	269
5|3|O_O_PBO______P_	5	269
5|3|O__OPO_____B__P	9	268
5|3|O_B___O__PO_P__	8	268
5|3|OP_B_____O_PO__	10	267
5|3|PO__P____O_O_B_	9	267
5|3|O__OPB____P_O__	8	266
5|3|O_O_P_O__B__P__	7	266
5|3|O__O______PB_OP	10	265
5|3|O_PB_____O_PO__	9	265
5|3|O___P___O_POB__	8	265
5|3|P_O_POB______O_	6	265
5|3|O_P_PBO______O_	5	265
5|3|OO__O____PP__B_	9	264
5|3|O___P___BOP_O__	7	263
5|3|P_OB_O___P_O___	7	263
5|3|O_O___O__PP_B__	10	262
5|3|O__BP____OP___O	9	262
5|3|P_B_P__O___O_O_	9	262
5|3|OOB______PO___P	8	262
5|3|PB_____O_OP__O_	7	261
5|3|O___OP_____OB_P	11	259
5|3|O___OOB_____P_P	7	259
5|3|O___O_BO___P__P	7	259
5|3|O_O__B____P__OP	8	258
5|3|O__O_O___P_P_B_	8	258
5|3|O_P_P__O___OB__	5	258
5|3|PO_P_____O__OB_	9	257
5|3|O_OO_____BPP___	8	256
5|3|OPO_P_______OB_	7	256
5|3|OO_P___B___P__O	6	256
5|3|OOP______O_P_B_	11	255
5|3|O_O__B____O__PP	6	255
5|3|P_P_____BO_O_O_	5	255
5|3|O_OP_____BPO___	8	254
5|3|O_P_OOB______P_	6	254
5|3|PO_B_____O_O_P_	9	253
5|3|POO______O_P_B_	12	252
5|3|OO_P_____B_PO__	8	252
5|3|P_OO_____B_PO__	8	252
5|3|_B_P_O_O_O___P_	8	252
5|3|PO_B_____OPO___	8	251
5|3|O__P__O__B_P_O_	7	251
5|3|OOP_B_____P___O	6	251
5|3|P_B___O__OP__O_	12	250
5|3|_O_P_O___O_PB__	8	250
5|3|_O___P_O_O_P_B_	8	250
5|3|OP_______BP_OO_	8	249
5|3|PO_O_____B_PO__	8	249
5|3|OP_B_____O_OP__	8	248
5|3|O_OP_____B_PO__	8	248
5|3|O_O___B___O__PP	8	248
5|3|P__B_O___P_O_O_	8	247
5|3|POB______O_O_P_	7	247
5|3|P__O__O__B_O_P_	7	247
5|3|OP_______BO_OP_	9	246
5|3|P__B_P___O_O_O_	9	246
5|3|OO_O_____B_PP__	8	246
5|3|P_P_____OB_O_O_	7	246
5|3|O_B_PO_____P__O	10	245
5|3|O___P_O_O_P_B__	10	245
5|3|O___P___O_P_BO_	9	245
5|3|OO_P_____BOP___	8	245
5|3|O__O__O__B_P_P_	7	245
5|3|PO_B___O_OP____	7	245
5|3|O_P_O_OB______P	6	245
5|3|P_O_____OB_P_O_	7	244
5|3|_O_B_P___O_P_O_	7	244
5|3|O_PB____O__O__P	6	244
5|3|O_P_OO__B__P___	6	244
5|3|O__O_P___O_P_B_	9	243
5|3|O__OP___B__O_P_	7	243
5|3|P_O_PO__B__O___	6	243
5|3|OPB______PO_O__	10	242
5|3|O_P___O__O_P_B_	10	242
5|3|OOB______PP___O	8	242
5|3|P_OB_P___O_O___	8	242
5|3|P_O_____OB_O_P_	7	242
5|3|P_BP_____O_O_O_	9	241
5|3|P_O_PB__O___O__	7	241
5|3|OPB_O_____O___P	10	240
5|3|OP_______BO__OP	9	240
5|3|O_OO_____B_PP__	8	240
5|3|O_P____OB_P___O	7	240
5|3|O_P_____OB_P_O_	7	240
5|3|O_POP______O_B_	6	240
5|3|O_P_POB______O_	6	240
5|3|POB______P_O_O_	11	239
5|3|P_O___O__O_P_B_	11	239
5|3|P_B__O___P_O_O_	10	239
5|3|OO_______BP_OP_	8	239
5|3|O_O_O_P_____BP_	7	239
5|3|O_O____OB_P___P	7	239
5|3|O__P_P___O__BO_	7	239
5|3|OP_OP_______OB_	6	239
5|3|P_O_P_OB_____O_	5	239
5|3|O___P_O_O___B_P	11	238
5|3|_OP__O___O_P_B_	9	238
5|3|O_P_____OB_O_P_	7	238
5|3|O_PB_____O_OP__	8	237
5|3|O_O_____OB_P_P_	7	237
5|3|O_P_P_OB______O	6	237
5|3|O_OP___B___P__O	5	237
5|3|OPO_P______BO__	9	236
5|3|OP_____O_OP_B__	9	236
5|3|OP_OP______BO__	8	236
5|3|P_OB___O_O_P___	8	236
5|3|O_B_P_P___O__O_	7	236
5|3|O_P______P_OOB_	6	236
5|3|O_OPB______P__O	5	236
5|3|O_B_PP_____O__O	11	235
5|3|OP_______OPO_B_	8	235
5|3|O_O_____BOP___P	7	235
5|3|O_P_____BOP___O	7	235
5|3|O______O_PPOB__	6	235
5|3|OO_PB_______P_O	5	235
5|3|O__O__B__O__P_P	7	234
5|3|OO__O____B__P_P	8	233
5|3|P_OB__O__OP____	7	233
5|3|_OP__B___O_O_P_	6	233
5|3|O__P_BO_____O_P	5	233
5|3|OOO______P_P_B_	11	232
5|3|O__P__O__OP_B__	11	232
5|3|O___PO__O_P_B__	10	232
5|3|OO_____O_PP_B__	9	232
5|3|O_POP______BO__	7	232
5|3|O_P__B___OP__O_	6	232
5|3|O__O_BO_____P_P	5	232
5|3|PO_____O_OP_B__	10	231
5|3|O__O__B__O_P_P_	7	231
5|3|O___P__B_OP__O_	7	231
5|3|O_P_P_B__O___O_	6	231
5|3|OO__O______PBP_	11	230
5|3|POP______O_OB__	9	230
5|3|OB_O____P_O___P	8	229
5|3|O__P___B_OP___O	7	229
5|3|O___P_O__O__B_P	11	228
5|3|O_P____O_O_P_B_	10	228
5|3|O___OO____PB__P	10	228
5|3|O_P____O_P_OB__	7	228
5|3|P_O____O_O_P_B_	11	227
5|3|OO__PP______BO_	10	227
5|3|OB_P_O______P_O	9	227
5|3|O__OPP______BO_	9	227
5|3|P_O_____BO_O_P_	7	227
5|3|O___P_O____OB_P	10	226
5|3|P_BO_____O_O__P	9	226
5|3|O_OPP_______OB_	8	226
5|3|OO_PP_______OB_	7	226
5|3|O__O___B_OP_P__	7	226
5|3|O_O__B__O__P__P	5	226
5|3|O___O_P____OB_P	9	225
5|3|_O_P_O___O_BP__	7	225
5|3|O__P___OB_P___O	7	224
5|3|O___P___B__OO_P	6	224
5|3|O_O___B____P_OP	8	223
5|3|O_B_OP____P___O	8	223
5|3|O_O_P_BO_____P_	6	223
5|3|OB_P_O______O_P	10	222
5|3|P_B_P_O____O_O_	10	222
5|3|O_O___O__P_P_B_	10	221
5|3|O_B_P_O____P__O	9	221
5|3|PO__P_O_____BO_	9	221
5|3|OP__O____B__P_O	6	221
5|3|OOP______P_OB__	10	220
5|3|OO__P____B__P_O	8	220
5|3|P_B____O_P_O_O_	8	220
5|3|_O_P_O___O__BP_	8	220
5|3|O__O_OB_____P_P	7	220
5|3|OB_P_P______O_O	9	219
5|3|O__P_O___O__B_P	9	219
5|3|P_B__O_O_OP____	8	219
5|3|OO_P_____O_PB__	7	219
5|3|OBP_O______O_P_	5	219
5|3|O_B_P_P____O__O	9	218
5|3|_OP__B___O_P_O_	6	218
5|3|O__P_O___OP_B__	11	217
5|3|PO_O_O___B__P__	8	217
5|3|O___OO_B___P__P	7	217
5|3|P_OO_O___B__P__	7	217
5|3|OOB_____O_P___P	6	217
5|3|O_P__B__O__P__O	5	217
5|3|O__O_P______BOP	11	216
5|3|O___OO__P_P_B__	10	216
5|3|OO_B_____OPP___	8	216
5|3|O__P__B__O__O_P	7	216
5|3|P_O__B__O__O__P	7	216
5|3|O_P_____OB_P__O	5	216
5|3|OO_PO____B_P___	7	215
5|3|O__P__B__O_P_O_	7	215
5|3|O__P___BO_P___O	7	215
5|3|O_P_____OBPO___	6	215
5|3|O_____O__PP_OB_	6	215
5|3|OP__P___B___O_O	8	214
5|3|O___P_O__OP__B_	8	214
5|3|PO__P___O__OB__	8	214
5|3|OOB_____P_P___O	6	214
5|3|POOB_____O_P___	9	213
5|3|_OO__O___P_P_B_	9	213
5|3|OO_P_O___B__P__	7	213
5|3|O_B_O_O_____P_P	7	213
5|3|P_B____O_O_O_P_	7	213
5|3|_OB__P___P_O_O_	7	213
5|3|OP______OBP_O__	6	213
5|3|P_P______O_OBO_	6	213
5|3|_OO__B___O_P_P_	6	213
5|3|O_O_P_OB_____P_	5	213
5|3|PO_O_B___O__P__	8	212
5|3|PO_O_____O_PB__	8	212
5|3|P_O_____OOP_B__	8	212
5|3|O_P__O___BP__O_	7	212
5|3|PO_B_____O_P_O_	7	212
5|3|P_OO_B___O__P__	7	212
5|3|P_O_____OB_O__P	7	212
5|3|O_P_____BO_P_O_	5	212
5|3|O___O_O_P_P_B__	10	211
5|3|OP__O____B__O_P	8	211
5|3|_O_O_O___P_BP__	8	211
5|3|O_O_____BO_P_P_	7	211
5|3|P_B____O_O_P_O_	7	211
5|3|OP______OBO_P__	6	211
5|3|_B_P_O___O__OP_	10	210
5|3|O_O_____OPP_B__	9	210
5|3|_OB__P___O_OP__	9	210
5|3|OOB______POP___	7	210
5|3|OO______OBP_P__	6	210
5|3|O___P_O__OP_B__	11	209
5|3|O_B_P_O____O__P	10	209
5|3|O_B_____OPO_P__	9	209
5|3|OP_P__B___O___O	7	209
5|3|O_O_____OB_P__P	7	209
5|3|O_O_____OBPP___	6	209
5|3|O__O_O___PP_B__	12	208
5|3|_OO__P___O_P_B_	10	208
5|3|OO_P_____P__OB_	9	208
5|3|O_BO_P______P_O	8	208
5|3|O_P______P_OBO_	8	208
5|3|POBO_______O__P	8	208
5|3|OP_O_____P_O_B_	7	208
5|3|P_O__O___P_OB__	7	208
5|3|OBO_____P_O___P	8	207
5|3|OB__O___P_O__P_	8	207
5|3|P_B_P______OOO_	9	206
5|3|OP__O___B___P_O	8	206
5|3|O_P___O__BP__O_	7	206
5|3|OPO_P______O_B_	6	206
5|3|P_O_P_BO_____O_	6	206
5|3|O__O_P___O__B_P	10	205
5|3|OOP______B_O_P_	8	205
5|3|OP__O___B___O_P	8	205
5|3|P_OB__O__O_P___	8	205
5|3|O_P_____BO_O_P_	7	205
5|3|O__P_OB_____O_P	7	205
5|3|PO_P_O___B__O__	7	205
5|3|O_OOP_B______P_	7	204
5|3|O_P__O__B__P__O	7	204
5|3|O_P____BO_P___O	7	204
5|3|O_P____B_OP__O_	7	204
5|3|O___O_OB____P_P	7	204
5|3|P_O___B__OP__O_	5	204
5|3|O__O__O__PP_B__	12	203
5|3|POP______B_O_O_	8	203
5|3|P_O__O__B__O__P	6	203
5|3|OP__OP______BO_	10	202
5|3|O_OP_O_____B__P	9	202
5|3|PO_O_____B__PO_	9	202
5|3|P_B___O__O_O_P_	9	202
5|3|_O_O_O___P_PB__	9	202
5|3|OOP______B_P_O_	8	202
5|3|P_OO_____B__PO_	8	202
5|3|POO______OP_B__	10	201
5|3|P_P___O__O_OB__	8	201
5|3|OP_B_____O__O_P	7	201
5|3|OP_B_____O__P_O	7	201
5|3|O__O_P___P__BO_	7	201
5|3|PO_P_B___O__O__	7	201
5|3|O_BO_______PP_O	6	201
5|3|_O_O_O___P__PB_	7	200
5|3|OOP_P_______OB_	6	200
5|3|OP__O____P_OB__	9	199
5|3|P_B___O__O_P_O_	9	199
5|3|OO_P_O_____B__P	8	199
5|3|O_B_____OOP_P__	8	199
5|3|OB___O___PP_O__	7	199
5|3|O_P_P__BO__O___	7	199
5|3|O_P_P__B_O_O___	7	199
5|3|O_P_P__B___OO__	7	199
5|3|OP_OB____O__P__	5	199
5|3|O___PO__O___B_P	12	198
5|3|O___PO___OP_B__	11	198
5|3|O_O____O_P_P_B_	10	198
5|3|O__O__O__B__P_P	7	198
5|3|_O___O_O_P_P_B_	7	198
5|3|P_O_____BO_O__P	6	198
5|3|OO__PB______PO_	9	197
5|3|OOO______B_P_P_	8	197
5|3|OPB_P______O_O_	8	197
5|3|POO______B_O_P_	8	197
5|3|P_O__O__O__B__P	8	197
5|3|_B_P_O__OO___P_	8	197
5|3|O__O_O___BP_P__	7	197
5|3|O___P__BO_P__O_	7	197
5|3|_B_P_OO__O___P_	7	197
5|3|O__P_O___BP_O__	7	196
5|3|OPO______OP_B__	9	195
5|3|OO_____B__P__OP	8	195
5|3|O__O_P_O____B_P	8	195
5|3|_O___PO__O_P_B_	8	195
5|3|P_OB___O_P_O___	7	195
5|3|_O___P__OO_P_B_	7	195
5|3|O__O__P__OP__B_	9	194
5|3|O___P__OO_P_B__	9	194
5|3|POO______B_P_O_	8	194
5|3|OB_P_O___O___P_	7	194
5|3|O_P____BO_O___P	7	194
5|3|O__P__O__B__O_P	7	194
5|3|O______O_PPO_B_	6	194
5|3|O_P___O__P_OB__	9	193
5|3|OOP_O____B__P__	8	193
5|3|PO_O_O_____B__P	8	193
5|3|O_OP_____O_PB__	7	193
5|3|O_P_____BO_P__O	7	193
5|3|_O_P_O_O_P__B__	6	193
5|3|PO_P_____B__OO_	8	192
5|3|O___O_OB___P__P	7	192
5|3|O_POB____O_P___	5	192
5|3|PO_P__B__O__O__	5	192
5|3|O_P__O___OPB___	8	191
5|3|O___OO___PP_B__	12	190
5|3|OP__P____B__O_O	8	190
5|3|O_P__O__O__B__P	8	190
5|3|O__OP__B__PO___	8	190
5|3|O__P_O___O__BP_	8	190
5|3|P_OO_O_____B__P	8	190
5|3|OOB______PPO___	7	190
5|3|O__O___B___OP_P	7	190
5|3|O_BO___P_OP____	6	190
5|3|O_OB_P___O_P___	8	189
5|3|O__O__O__BP_P__	7	189
5|3|O_O_P_O__P___B_	6	189
5|3|P__O___O_B_P_O_	6	189
5|3|O_OO_____P_PB__	12	188
5|3|OO_O_____P_PB__	11	188
5|3|OPO_OB_______P_	8	188
5|3|O_P_O_BO_____P_	6	188
5|3|_O_P_B___O_PO__	6	188
5|3|_O_P_P_O_O__B__	6	188
5|3|O___OP__O___B_P	12	187
5|3|O___P_OO____B_P	10	187
5|3|P__B_OO__OP____	8	187
5|3|O_O___B__O_P_P_	6	187
5|3|O___PO___O__B_P	12	186
5|3|P__B__OO_OP____	8	186
5|3|_B_P_O_O_O__P__	8	186
5|3|P__B__O_OOP____	7	186
5|3|_O_O_O___B__PP_	6	186
5|3|O_P___B__OP__O_	5	186
5|3|O_O__P__O__B__P	8	185
5|3|O_O__P___P_OB__	7	185
5|3|O__P__O__BP_O__	7	185
5|3|P_OB____OO_P___	7	185
5|3|O_O_P_P__O__B__	6	185
5|3|P_OO_____P_O_B_	6	185
5|3|OO__OB______PP_	9	184
5|3|O_P______B_POO_	8	184
5|3|P_P______B_OOO_	8	184
5|3|O_B_PO_____P_O_	7	184
5|3|O_P_P_OB_____O_	6	184
5|3|O__O_B___OP_P__	6	184
5|3|O_PB_O___O_P___	8	183
5|3|P__P_O___O_BO__	7	183
5|3|OOP_PB______O__	9	182
5|3|OO_P_O______B_P	8	182
5|3|O_POPB______O__	8	182
5|3|P_O______B_POO_	8	182
5|3|P_P__O___O_O_B_	8	182
5|3|O__OP___P__OB__	10	181
5|3|OO__P___P__OB__	9	181
5|3|PO_O_O______B_P	9	181
5|3|O_P______O_OPB_	8	181
5|3|P_OO_O______B_P	8	181
5|3|OP_B_O___O_P___	7	181
5|3|O_O_PP__O__B___	7	181
5|3|OOP_OB______P__	9	180
5|3|O_P______B_OOP_	8	180
5|3|OB_P_O___O__P__	7	180
5|3|P_O__O___P_O_B_	7	180
5|3|OP__B____O__P_O	6	180
5|3|O_P_P_BO_____O_	6	180
5|3|P_B_____OOP__O_	11	179
5|3|OO__PB______OP_	9	179
5|3|O_O______B_POP_	8	179
5|3|OO_PO____B__P__	7	179
5|3|P_OP_B___O_O___	7	179
5|3|O__P_O___P_BO__	8	178
5|3|P_O______B_OOP_	8	178
5|3|O_O__O__B__P__P	7	178
5|3|O_P_PO_B___O___	7	178
5|3|O_____O_B_P_O_P	5	178
5|3|O_P_____OO_P_B_	9	177
5|3|O___O_PO____B_P	9	177
5|3|_B_P_O_O_P__O__	9	177
5|3|O_OP__B____P__O	8	177
5|3|OO_P__B____P__O	7	177
5|3|O_P__O___P_O_B_	7	177
5|3|P_OO_____O_PB__	7	177
5|3|OP_P_______OB_O	5	177
5|3|P_O_____OO_P_B_	10	176
5|3|P_B___O__P_O_O_	10	176
5|3|O__O_P___O__BP_	9	176
5|3|O_O_P_O_B_P____	5	176
5|3|O_BO_____OP___P	9	175
5|3|OO_P_____B__PO_	8	175
5|3|OP__PO______BO_	7	175
5|3|O__P_P___O_BO__	7	175
5|3|P_OB__O__P_O___	7	175
5|3|OP_O____BO_P___	6	175
5|3|O_P______OPB_O_	6	175
5|3|O__O__OB__P___P	6	175
5|3|OO_P__B__O__P__	5	175
5|3|OO_PPB______O__	8	174
5|3|OO_P____B___P_O	8	174
5|3|OP__PB______OO_	8	174
5|3|O_O_____BO_P__P	7	174
5|3|O__PPB______OO_	7	174
5|3|OOP_O_B______P_	6	174
5|3|O_P_____BO_O__P	6	174
5|3|O__P_B___OP_O__	6	174
5|3|O_P_P_B_O_____O	5	174
5|3|OO_POB______P__	8	173
5|3|P__O__O__O_P_B_	8	173
5|3|P__O_O_O_P_B___	7	173
5|3|O_P__O__B__O__P	6	173
5|3|O___P__OB__O__P	5	173
5|3|OO__PO______BP_	11	172
5|3|OO__P____B__O_P	10	172
5|3|O__OPO______BP_	10	172
5|3|O_B_PO_____O_P_	7	172
5|3|O__P__OB__P___O	7	172
5|3|O__P__BO__O___P	6	172
5|3|PBO______OP__O_	6	172
5|3|O__P_O__O___B_P	9	171
5|3|OB_P_O___P___O_	7	171
5|3|OOO_P_B______P_	6	171
5|3|OO_PO___B__P___	8	170
5|3|OB_P_O___P__O__	8	170
5|3|OP__OB______PO_	8	170
5|3|OP__O____B_OP__	7	170
5|3|O___P_OB__P__O_	7	170
5|3|O_PO_____P_O_B_	6	170
5|3|O__O__O__P_P_B_	8	169
5|3|O__P__O__O__B_P	8	169
5|3|P__O___O_O_P_B_	8	169
5|3|O_P___O__B_O_P_	7	169
5|3|O_P___O__B_P_O_	7	169
5|3|O_O_P_O_P___B__	6	169
5|3|O_O_P_P_O___B__	6	169
5|3|_OP__O___B_O_P_	6	169
5|3|O__P____OOP_B__	10	168
5|3|OPO_O_B______P_	9	168
5|3|OO_P____B___O_P	8	168
5|3|OP_OPB______O__	7	168
5|3|P_P___O__B_O_O_	7	168
5|3|O_O___O__BP__P_	6	168
5|3|_OB__P_O_P_O___	6	168
5|3|_OP__O___B_P_O_	6	168
5|3|PO__P_B_____OO_	8	167
5|3|O_O___O__B_P_P_	7	167
5|3|O_B_P_O_O_____P	7	167
5|3|O______O_PPB_O_	7	167
5|3|PO__P___B__OO__	7	167
5|3|OPO_B_____P___O	6	167
5|3|O_P_O_O_B_P____	5	167
5|3|P_B___OO_OP____	8	166
5|3|O_P_P_OB__O____	6	166
5|3|O_P___O__BO__P_	6	166
5|3|O__PP______OOB_	6	166
5|3|POO_P_B______O_	6	166
5|3|_O_P_O___B_PO__	6	166
5|3|OOO______PP_B__	10	165
5|3|PO_O__O_____B_P	9	165
5|3|P_OO__O_____B_P	8	165
5|3|OO__P__B_____PO	7	165
5|3|OO_____B__P__PO	7	165
5|3|OP__O__B_____OP	7	165
5|3|O__P_O_____OB_P	7	165
5|3|P_O___O__B_O_P_	7	165
5|3|P_O___O__B_P_O_	7	165
5|3|OOP_P_B______O_	6	165
5|3|OPO_P_B______O_	9	164
5|3|O_OO_P_____B__P	9	164
5|3|O_O_____OP_P_B_	9	164
5|3|OP_OP_B______O_	8	164
5|3|O_OO__B____P__P	8	164
5|3|O__O__P__O__B_P	8	164
5|3|O_____O_OPP_B__	8	164
5|3|P__P_O___O_O_B_	8	164
5|3|OO_O__B____P__P	7	164
5|3|OB_P_P___O__O__	7	164
5|3|O_OPPB______O__	7	164
5|3|P_B___O_OOP____	8	163
5|3|P_P____O_O_O_B_	8	163
5|3|OB___O__P_P___O	7	163
5|3|OPO_O____B__P__	7	163
5|3|OP__P_O_____BO_	7	163
5|3|O_P___B__O_P_O_	6	163
5|3|_O_O_O___B_PP__	6	163
5|3|OP_____B__O__OP	9	162
5|3|OO_O_P_____B__P	8	162
5|3|P_B__O_O_O_P___	8	162
5|3|OO_B_____O_P_P_	7	162
5|3|O__P____OB_P_O_	7	162
5|3|P_O___B__O_P_O_	6	162
5|3|_OO__O___B_P_P_	6	162
5|3|O__O____OPP_B__	11	161
5|3|OPB______OO__P_	9	161
5|3|PO_O_____O__PB_	9	161
5|3|O_OP_____OPB___	8	161
5|3|OO_P_____OPB___	7	161
5|3|OP_O_B___O__P__	5	161
5|3|O__P___O_B_P_O_	7	160
5|3|_OP__O___O_B_P_	7	160
5|3|O_P_____O_PB__O	6	160
5|3|O_OP____OB_P___	8	159
5|3|PB___O___OP_O__	8	159
5|3|P_B__O_O_P_O___	8	159
5|3|OOP_O___B__P___	7	159
5|3|OO_P____OB_P___	7	159
5|3|O_B__P___OP_O__	7	159
5|3|O__P____B__O_OP	7	159
5|3|O___O_OB__P__P_	7	159
5|3|P__O____OB_O_P_	7	159
5|3|O__P___B_O_P_O_	5	159
5|3|O___P___OOP_B__	10	158
5|3|P_BO___O___O__P	8	158
5|3|OO__O__B_____PP	7	158
5|3|O__O____OB_P_P_	7	158
5|3|O__P_P_O_O__B__	6	158
5|3|P__P___O_B_O_O_	6	158
5|3|O__OP____OPB___	8	157
5|3|O___P__O__PB_O_	8	157
5|3|P__B__O__O_P_O_	8	157
5|3|_BO__O_P_P__O__	8	157
5|3|O___P_O_B_P_O__	7	157
5|3|OP_______OP_BO_	9	156
5|3|OP_______OP_B_O	9	156
5|3|OO_P__O_____B_P	8	156
5|3|P__P_O___O_OB__	8	156
5|3|_B_P_P_O_O__O__	8	156
5|3|O_OP__O_____B_P	7	156
5|3|O_POP_B______O_	7	156
5|3|P_OP____OB_O___	7	156
5|3|OP______BOO_P__	6	156
5|3|P_OB____OP_O___	6	156
5|3|OPB______OO___P	9	155
5|3|P_B__P_O_O_O___	9	155
5|3|O_OP_B____P___O	8	155
5|3|O__OP___OB_P___	8	155
5|3|PO_O_____B__OP_	8	155
5|3|OO__P___OB_P___	7	155
5|3|P_OO____OB_P___	7	155
5|3|OP______BOP_O__	6	155
5|3|OP__P__O__O_B__	5	155
5|3|O__P___B_O_O_P_	5	155
5|3|POB__P___O_O___	11	154
5|3|O_PB___O_O_P___	8	154
5|3|P__B__O__P_O_O_	8	154
5|3|O__P__O__P__OB_	7	154
5|3|O__P____B__OO_P	7	154
5|3|O___O_O_B_P_P__	7	154
5|3|P__O___O_B_O_P_	7	154
5|3|O__P____BO_P_O_	6	154
5|3|O___OPO_____B_P	11	153
5|3|O__O_P__O___B_P	10	153
5|3|_OO__O___P_B_P_	8	153
5|3|O__O___O_B_P_P_	7	153
5|3|O___O_O_P_PB___	7	153
5|3|O_O___P__PO_B__	6	153
5|3|O_P_____BOPO___	6	153
5|3|O__P__P__O__BO_	5	153
5|3|O______OB_PO__P	5	153
5|3|O__P_O_____B_OP	10	152
5|3|OOP______BP__O_	8	152
5|3|O_P____B___O_OP	8	152
5|3|OO__P_P_____BO_	7	152
5|3|OPO_PB_______O_	7	152
5|3|OP_B___O_O_P___	7	152
5|3|O_P____B___OO_P	7	152
5|3|O__O__O__PPB___	7	152
5|3|P__P__O__O__OB_	7	152
5|3|O_____OO_PP__B_	7	151
5|3|OOO_P___B__P___	6	151
5|3|OO______BOP_P__	6	151
5|3|OPO_B_______P_O	6	151
5|3|OO_P_B___O__P__	5	151
5|3|OP_P_B___O__O__	5	151
5|3|O_BO____O_P___P	9	150
5|3|POO_PB_______O_	9	150
5|3|P__O_O___P_OB__	9	150
5|3|O__OP___O_PB___	8	150
5|3|OO__P___O_PB___	7	150
5|3|O_____OO_PP_B__	7	150
5|3|P_P____O_B_O_O_	7	150
5|3|OO__O_______PBP	9	149
5|3|OOO______BP__P_	8	149
5|3|O___OB____P_OP_	8	149
5|3|OB__PO__O_____P	7	149
5|3|O_P_____OOPB___	7	149
5|3|O_O_____BOPP___	6	149
5|3|PO_OP_B_____O__	6	149
5|3|OO_______PP_BO_	10	148
5|3|OO_______PP_B_O	10	148
5|3|O_OOP____B_P___	10	148
5|3|OO_OP____B_P___	9	148
5|3|P__O_____P_OBO_	9	148
5|3|OO_____B__O__PP	8	148
5|3|O__O__B_____POP	8	148
5|3|OO_____B__OP__P	7	148
5|3|PB_______OP_OO_	7	148
5|3|P_O____O_B_P_O_	7	148
5|3|OP__P______OOB_	5	148
5|3|OO__OP______BP_	12	147
5|3|OO__O____P_PB__	11	147
5|3|O___POO_____B_P	11	147
5|3|PO__PB______OO_	9	147
5|3|OOO_PB_______P_	7	147
5|3|O___P_O_B___O_P	5	147
5|3|POP______O_O_B_	9	146
5|3|OOB______P_O__P	8	146
5|3|O__P__P__O__OB_	8	146
5|3|POO______P_OB__	8	146
5|3|P_O__O___O_PB__	8	146
5|3|P___PO___O_O_B_	8	146
5|3|O_B_P_O__O____P	7	146
5|3|P_OO_B___O_P___	7	146
5|3|P_O____O_B_O_P_	7	146
5|3|O_OPB____O__P__	6	146
5|3|O_O__O__P__B__P	9	145
5|3|O__O_P_____B_OP	9	145
5|3|P_BO____O__O__P	9	145
5|3|OOP______BO__P_	8	145
5|3|OO_O___B____P_P	7	145
5|3|O_OPP_B_______O	7	145
5|3|_OO__P___O_B_P_	7	145
5|3|OO_PP_B_______O	6	145
5|3|O_BO_P___O__P__	6	145
5|3|PB_O___O_OP____	6	145
5|3|P__O_P_O_O_B___	6	145
5|3|_OBO_O___P__P__	6	145
5|3|PO_B_____O_O__P	9	144
5|3|O_P____O_B_P_O_	7	144
5|3|PB_O_____OP_O__	6	144
5|3|O_OOPB______P__	9	143
5|3|O___P_O___P_BO_	9	143
5|3|POO_P____B___O_	9	143
5|3|OO_OPB______P__	8	143
5|3|OOO_PB______P__	7	143
5|3|OP_P__B____O__O	7	143
5|3|_BOP_O___O___P_	7	143
5|3|OBO_PP_______O_	6	143
5|3|O_P__P___O_O_B_	8	142
5|3|P_O__P___O_O_B_	8	142
5|3|O_B_P_O____P_O_	7	142
5|3|O_P____O_B_O_P_	7	142
5|3|OO_PO_B_______P	6	142
5|3|O_P___B_O_P___O	5	142
5|3|OPOB_____O_P___	9	141
5|3|O_O__O___PPB___	9	141
5|3|OB___P_O_PO____	8	141
5|3|OOP_P__B___O___	7	141
5|3|OB__O___P_OP___	7	141
5|3|O_O____O_B_P_P_	7	141
5|3|O_B_P_O____O_P_	7	141
5|3|OOPB_____O_P___	9	140
5|3|O_O__O___P_PB__	9	140
5|3|O__OP____B_PO__	9	140
5|3|O_O_______PB_OP	8	140
5|3|O__P_____BPOO__	8	140
5|3|P_P___O__O_O_B_	8	140
5|3|OPO_O___B_P____	7	140
5|3|OO_O_____B__PP_	8	139
5|3|OPB______OOP___	8	139
5|3|O_OO_B____P___P	8	139
5|3|O__O___O_P_P_B_	8	139
5|3|P__P__O__O_O_B_	8	139
5|3|P_O____O_P_O_B_	7	139
5|3|O_BO_P___O___P_	6	139
5|3|O__BP_O_____O_P	6	139
5|3|OO__P__OB_P____	5	139
5|3|O__OP__O__PB___	8	138
5|3|O_O____B___OP_P	7	138
5|3|OOB____P_PO____	6	138
5|3|O___P__O___O_BP	6	138
5|3|P_O_____BO_PO__	6	138
5|3|_OBO_O___P_P___	6	138
5|3|O__O_____BPOP__	8	137
5|3|O__P__B_____OOP	8	137
5|3|POO______P_O_B_	8	137
5|3|O__O__BO____P_P	7	137
5|3|O__P__O____OB_P	7	137
5|3|O___PO__B_P_O__	7	137
5|3|O_O_P_B_O____P_	6	137
5|3|P__P_____O_OBO_	6	137
5|3|P_B_____OP_O_O_	9	136
5|3|OO_O__P_____B_P	8	136
5|3|O_PB__O__O_P___	8	136
5|3|O_P_____OP_OB__	8	136
5|3|O_OO__P_____B_P	7	136
5|3|O_P____O_P_O_B_	7	136
5|3|O_B_P_P_O_____O	6	136
5|3|_O___O___P_POB_	6	136
5|3|OPO______P_OB__	8	135
5|3|OP_OP__B_____O_	7	135
5|3|OP_P__B__O__O__	6	135
5|3|P_P____B_O_O_O_	6	135
5|3|OOP______P_O_B_	8	134
5|3|OO_P___B____P_O	7	134
5|3|OP_B__O__O_P___	7	134
5|3|O_P___O_B_P___O	7	134
5|3|P_O___O__P_OB__	7	134
5|3|O__OB____P_P__O	6	134
5|3|P__O_P___O_BO__	5	134
5|3|OO_OP__B__P____	7	133
5|3|OB_O_O___P___P_	7	133
5|3|O_O___O_B_P___P	7	133
5|3|O___OO__B_P_P__	7	133
5|3|O___PO_B__P__O_	7	133
5|3|PB______OOP_O__	7	133
5|3|OOO_P__B_____P_	6	133
5|3|O_BO__O_____P_P	6	133
5|3|OP__P__O____B_O	5	133
5|3|OP___O___OP_B__	10	132
5|3|OP______O_P_B_O	8	132
5|3|O___P_O__O___BP	8	132
5|3|P__B___O_O_P_O_	8	132
5|3|O__O____BO_P_P_	6	132
5|3|O__O_B_O___P__P	5	132
5|3|OO___O___PP_B__	11	131
5|3|OO__P_O_____BP_	10	131
5|3|O__OP_O_____BP_	9	131
5|3|P__B_OO__O__P__	8	131
5|3|_B_P_O__OO__P__	8	131
5|3|O_B_P_P____O_O_	7	131
5|3|O__P_O_B__P___O	7	131
5|3|POO_____B__O__P	7	131
5|3|P_O___O__P_O_B_	7	131
5|3|_B_P_OO__O__P__	7	131
5|3|O_B___P__OO__P_	5	131
5|3|O__P__O_O___B_P	8	130
5|3|OP_B__O__O__P__	7	130
5|3|O__P__O__O__BP_	7	130
5|3|OP_B____O___P_O	6	130
5|3|O_B_P_OO______P	6	130
5|3|O_PB__O__O__P__	6	130
5|3|O__P_B_O___O__P	5	130
5|3|OO_O_____P__PB_	9	129
5|3|O__O__O__P__B_P	9	129
5|3|OO______P_P_B_O	8	129
5|3|O___PB____P_OO_	8	129
5|3|P__P___O_O_O_B_	8	129
5|3|OP_B____O___O_P	6	129
5|3|O___PO____B_PO_	6	129
5|3|_OB__O___P_PO__	6	129
5|3|O_BOPP_______O_	10	128
5|3|POBO_____P_O___	10	128
5|3|OO__P__O_____BP	7	128
5|3|O_O____O_P_PB__	7	128
5|3|O_P___O__P_O_B_	7	128
5|3|P__O___O_P_OB__	7	128
5|3|P_O____OB__O__P	6	128
5|3|OP____O__OP_B__	10	127
5|3|OOP_____B__P__O	8	127
5|3|O_O_____OPPB___	8	127
5|3|P_B_____OO_P_O_	8	127
5|3|P_O_P_O_B__O___	6	127
5|3|P__O____BO_O_P_	6	127
5|3|P___PO_B___O_O_	6	127
5|3|O__O__P__O_P_B_	9	126
5|3|O___PO___P_B_O_	8	126
5|3|O__OPB_____PO__	7	126
5|3|O______B__POO_P	6	126
5|3|OO_OP____B__P__	10	125
5|3|PO_OPB______O__	10	125
5|3|O___OO__P_PB___	9	125
5|3|_BO__OP__P__O__	8	125
5|3|O__O__P__O__BP_	7	125
5|3|O___OB__O_P_P__	6	125
5|3|OO____O__PP_B__	11	124
5|3|O__O_O___PPB___	9	124
5|3|O___OO___PPB___	9	124
5|3|OPB_____O_O___P	8	124
5|3|OB___P__P_O___O	7	124
5|3|OB____P_P_O___O	7	124
5|3|O_PB____OO_P___	7	124
5|3|O___OO_B__P__P_	7	124
5|3|P__P___O_O_OB__	6	124
5|3|OO_PB____O__P__	5	124
5|3|P_OO____BO_P___	5	124
5|3|O_OOP____B__P__	10	123
5|3|O____OO__PP_B__	10	123
5|3|O____O__OPP_B__	9	123
5|3|POO_PB______O__	9	123
5|3|POO_P____B__O__	9	123
5|3|P__B__P__O_O_O_	9	123
5|3|OOP_____B_O___P	8	123
5|3|P_B_____OO_O_P_	8	123
5|3|P__O_____B_POO_	8	123
5|3|OB_P_O_____O__P	7	123
5|3|O__O__B_O___P_P	7	123
5|3|OPO_P__B_____O_	6	123
5|3|O_BO_P___P___O_	6	123
5|3|P__B_PO__O__O__	9	122
5|3|_B_P_O__OP__O__	9	122
5|3|_B_P_OO__P__O__	8	122
5|3|P_P_____OO_OB__	7	122
5|3|OP_B____OO_P___	6	122
5|3|O_P_O_O_B__P___	6	122
5|3|O___P__OB_PO___	6	122
5|3|PO___O___OP_B__	11	121
5|3|OOO_P____B__P__	9	121
5|3|PO__P____B__OO_	9	121
5|3|P___PO_O___B_O_	8	121
5|3|O_O___P__P_OB__	7	121
5|3|OOO_P__B__P____	6	121
5|3|O_BO__P_____P_O	6	121
5|3|P_P_____BO_OO__	6	121
5|3|_OBO_P___P_O___	6	121
5|3|O_B_PO___O___P_	8	120
5|3|O_O__O__B_P___P	7	120
5|3|O_P__O__B_P___O	7	120
5|3|O_B_P_O______OP	9	119
5|3|O__O_PO_____B_P	9	119
5|3|O__P_OO_____B_P	8	119
5|3|O_B_PP_O_____O_	7	119
5|3|O__PPB_____OO__	7	119
5|3|O__P__BO____O_P	7	119
5|3|P_BO___O_P_O___	7	119
5|3|O_P_____BO_PO__	6	119
5|3|O__O_O__B__P__P	6	119
5|3|O__P_B_O__P___O	6	119
5|3|O__P__B__O_O__P	6	119
5|3|O___O_BO_____PP	6	119
5|3|O___O__P__PB_O_	6	119
5|3|O___PB__O_P_O__	6	119
5|3|P_BO_O___O_P___	8	118
5|3|OB_P_P_____O__O	7	118
5|3|O__O__P____OB_P	7	118
5|3|P_P_____OO_O_B_	7	118
5|3|O_P_P_B_O____O_	6	118
5|3|O_P____OB__O__P	6	118
5|3|O__O__OB____P_P	6	118
5|3|O_______B_POO_P	6	118
5|3|PO____O__OP_B__	11	117
5|3|P___PO__O__B_O_	8	117
5|3|OP__O_P_____B_O	7	117
5|3|OP__O____B__PO_	7	117
5|3|_O___P___O_POB_	7	117
5|3|OP__O___P_O_B__	6	117
5|3|O_P____BO__P__O	6	117
5|3|O_P____B_O_P_O_	6	117
5|3|O_B_PP___O___O_	9	116
5|3|P_BO_O___P_O___	9	116
5|3|O___P___B_POO__	8	116
5|3|OO__O____B__PP_	7	116
5|3|O_OB__P__O___P_	6	116
5|3|O___P_O_____OBP	6	116
5|3|OOP_____B__O__P	7	115
5|3|P_P_____OB_OO__	6	115
5|3|OPOB_______O__P	5	115
5|3|OO______OPP_B__	10	114
5|3|POB______P_OO__	10	114
5|3|POO______O_PB__	9	114
5|3|O_OP____BO_P___	8	114
5|3|OO_P____BO_P___	7	114
5|3|OB__PO_____O_P_	7	114
5|3|O_P____OB__P__O	7	114
5|3|O__P__B_O___O_P	7	114
5|3|O___PP_O____BO_	7	114
5|3|OPOB________P_O	6	114
5|3|O_POP_B_____O__	10	113
5|3|OOO_P____B___P_	9	113
5|3|OP_OP_B_____O__	9	113
5|3|OPO_P_B_____O__	8	113
5|3|P__O_P___O_O_B_	8	113
5|3|O_O____P_P_OB__	7	113
5|3|O_B_____POP_O__	6	113
5|3|O_P____B_O_O_P_	6	113
5|3|P_O_____OB_PO__	6	113
5|3|OO__P____B__PO_	9	112
5|3|OP______OOP_B__	9	112
5|3|OOO_____B__P__P	8	112
5|3|O___O_PO_____BP	8	112
5|3|O______OOPP_B__	8	112
5|3|P__B_OO__P__O__	8	112
5|3|_B_P_P__OO__O__	8	112
5|3|O___P_OO_____BP	7	112
5|3|_B_P_PO__O__O__	7	112
5|3|O_P__B__O_P___O	6	112
5|3|O_P_____OB_PO__	6	112
5|3|O__BP__O___O__P	6	112
5|3|P_O_____OB_OP__	6	112
5|3|P_BO___O_O_P___	6	112
5|3|P_OP__B__O___O_	5	112
5|3|O_OP_O___B_P___	8	111
5|3|O__O____OPPB___	8	111
5|3|O___OPO______BP	8	111
5|3|O___O_B_____POP	8	111
5|3|PO_O__O__B__P__	8	111
5|3|OO_P_O___B_P___	7	111
5|3|PO_B__O__OP____	7	111
5|3|P_OO__O__B__P__	7	111
5|3|OOO_P___B_P____	6	111
5|3|O__O____BO_P__P	6	111
5|3|O__P_OB____O__P	6	111
5|3|O_PO____BO_P___	5	111
5|3|P_PO____BO_O___	5	111
5|3|O_B__O_P_OP____	8	110
5|3|O_POP__B___O___	8	110
5|3|OO__O__P_____BP	7	110
5|3|OP_OP__B___O___	7	110
5|3|P_OP____BO_O___	7	110
5|3|_O___O_O_P_PB__	7	110
5|3|_PB__O_O_O_P___	7	110
5|3|OPOB________O_P	6	110
5|3|OPO_P__B___O___	6	110
5|3|P__P__O__B__OO_	6	110
5|3|P___P_OB___O_O_	6	110
5|3|P_O__O__OB_P___	5	110
5|3|P_B__OO__OP____	9	109
5|3|P_B__O__OOP____	8	109
5|3|P__P__O__O_OB__	8	109
5|3|OOP_O__B______P	7	109
5|3|OOP_P__B______O	7	109
5|3|OO_P__O__B__P__	7	109
5|3|PO_P____BO__O__	7	109
5|3|OO_PO__B______P	6	109
5|3|OO_PP__B______O	6	109
5|3|O_OP__O__B__P__	6	109
5|3|O_O_____OB_PP__	6	109
5|3|O___PO_B___O_P_	6	109
5|3|O___P__B_O_P_O_	6	109
5|3|P_O___O_B__O__P	6	109
5|3|P_O_____OP_O_B_	6	109
5|3|O_P_P_OB____O__	5	109
5|3|O______B_OPO_P_	5	109
5|3|OOO______P_PB__	10	108
5|3|OO__O_P_____BP_	10	108
5|3|OO__O___P__PB__	9	108
5|3|O_OB__P__O_P___	8	108
5|3|O_POP__B__O____	8	108
5|3|_OB__P_P_O_O___	8	108
5|3|OOP_P__B_____O_	7	108
5|3|OP_OP__B__O____	7	108
5|3|O_B___P_OPO____	7	108
5|3|_BP__O__OO__P__	7	108
5|3|OPO_P__B__O____	6	108
5|3|O_B___PO_PO____	6	108
5|3|O__P__O__B__PO_	6	108
5|3|O___PO_B___P_O_	6	108
5|3|O___P__B_O_O_P_	6	108
5|3|O__OPO___B_P___	8	107
5|3|O__O__P_O___B_P	8	107
5|3|P__B___O_P_O_O_	8	107
5|3|O_O____OB__P__P	7	107
5|3|O_BP_O___O___P_	7	107
5|3|PO__P____O__OB_	7	107
5|3|_OBP_O___O___P_	7	107
5|3|O_O__B__O_P___P	6	107
5|3|O__O_O_B___P__P	6	107
5|3|O__P_O_B___O__P	6	107
5|3|O__P___O_BPO___	6	107
5|3|P__O__B__O__OP_	6	107
5|3|_OO__P___P_OB__	6	107
5|3|OBP_O_O______P_	5	107
5|3|O_OBP_O_______P	5	107
5|3|P_B__O___O_PO__	8	106
5|3|_O___P_O_O_PB__	8	106
5|3|O_P___O_B__P__O	7	106
5|3|_OOB_P___O_P___	7	106
5|3|O_P_____OP_O_B_	6	106
5|3|O__O__B__O__PP_	6	106
5|3|P_OO_O___B_P___	7	105
5|3|OPB______O_O_P_	6	105
5|3|OP__OO_B______P	6	105
5|3|OP__O_OB______P	6	105
5|3|OP_____OB_P___O	6	105
5|3|OP_____O_BP__O_	6	105
5|3|O__O___B_O_P__P	6	105
5|3|O__P___B_O_O__P	6	105
5|3|_OPB_O___O__P__	6	105
5|3|OOP_____B_P___O	8	104
5|3|O_P_P_OB___O___	7	104
5|3|PO_P__O__B__O__	7	104
5|3|PO__PO_B_____O_	7	104
5|3|PO__P_OB_____O_	7	104
5|3|PO__P__B____OO_	7	104
5|3|_OB__O_P_P_O___	7	104
5|3|OO_____OB_P___P	6	104
5|3|OO_____O_BP__P_	6	104
5|3|O_BO__O___P___P	6	104
5|3|O__O___O_BPP___	6	104
5|3|P_OP__O__B__O__	6	104
5|3|_P_P_O__OB__O__	5	104
5|3|P_B__O___P_OO__	9	103
5|3|OOO_____B_P___P	8	103
5|3|O_BP_P___O___O_	8	103
5|3|P_O___O__O_PB__	8	103
5|3|_OBP_P___O___O_	8	103
5|3|OB__PP_____O_O_	7	103
5|3|PO_B_O___OP____	7	103
5|3|OOB__O___P_P___	6	103
5|3|O__OP_BO_____P_	6	103
5|3|O__O___B_OPP___	6	103
5|3|O__P___B_OPO___	6	103
5|3|OO_P___B_OP____	5	103
5|3|PO______OOP_B__	10	102
5|3|P_O_____BO_OP__	6	102
5|3|O__P_O_B___P__O	5	102
5|3|O__O__O__P__BP_	8	101
5|3|_BP__O__OP__O__	8	101
5|3|OPB______O_P_O_	6	101
5|3|O_POP__B______O	8	100
5|3|O__O_____B_POP_	8	100
5|3|P___PO___O_OB__	8	100
5|3|_OB__PO__P_O___	8	100
5|3|OP_OP__B______O	7	100
5|3|P_OP_O___B_O___	7	100
5|3|OB_POO______P__	6	100
5|3|OPO_P__B______O	6	100
5|3|O_O_____BO_PP__	6	100
5|3|O_BO__P___O___P	6	100
5|3|O___OB_O__P__P_	6	100
5|3|O___PB_O__P__O_	6	100
5|3|P_P__O__OB_O___	5	100
5|3|P___P_BO___O_O_	5	100
5|3|O_O___O__P_PB__	9	99
5|3|P__O__O__P_OB__	9	99
5|3|O___P_____PBOO_	7	99
5|3|PO__P__BO__O___	6	99
5|3|P__O__O__B__OP_	6	99
5|3|O___PP___O__BO_	9	98
5|3|OOP_O__B__P____	8	98
5|3|O__P_____B_POO_	8	98
5|3|P__O_____B_OOP_	8	98
5|3|OO_PO__B__P____	7	98
5|3|OPBO_______O__P	7	98
5|3|P__O____OO_P_B_	7	98
5|3|OPO_O__B______P	6	98
5|3|O___P_OB___O_P_	6	98
5|3|O___P_OB___P_O_	6	98
5|3|OO_B_P___O_P___	7	97
5|3|O___PP_O___B_O_	7	97
5|3|OP__PO_B______O	6	97
5|3|OP__P_OB______O	6	97
5|3|O__O___P__PB__O	6	97
5|3|O__P__OB___O__P	6	97
5|3|_O_P_O__OB__P__	5	97
5|3|OO__P____B__OP_	9	96
5|3|OB___OP__PO____	9	96
5|3|P__P_____B_OOO_	8	96
5|3|OOB______P_OP__	7	96
5|3|O_P___O_B__O__P	6	96
5|3|O__O__O__B__PP_	6	96
5|3|O__BP_P_O_____O	6	96
5|3|O_____O_OPPB___	7	95
5|3|P_B____OOOP____	7	95
5|3|OP_B_____O__PO_	6	95
5|3|O_PO___B_OP____	6	95
5|3|O__P__B__O__PO_	6	95
5|3|O______B_OP_PO_	6	95
5|3|P__P__B__O__OO_	6	95
5|3|_O_P_BO__O__P__	5	95
5|3|OB__PO__O___P__	7	94
5|3|OB__PP__O___O__	7	94
5|3|O_O___O_B__P__P	7	94
5|3|O_B_P_O__O___P_	7	94
5|3|O_B_P_P__O___O_	7	94
5|3|OOB__O___P__P__	6	94
5|3|OP_O__B__O___P_	6	94
5|3|OP_P__B__O___O_	6	94
5|3|O_____O__PPB_O_	6	94
5|3|_POP_O___B__O__	6	94
5|3|OP__O__BO_P____	5	94
5|3|OP__P__O___OB__	5	94
5|3|O_P__O__OB_P___	5	94
5|3|O__OP______BPO_	7	93
5|3|_OB__OO__P_P___	7	93
5|3|_PO__O___O_PB__	7	93
5|3|OO_____BO_P___P	6	93
5|3|OO_____B_OP__P_	6	93
5|3|OB_O_P______O_P	6	93
5|3|OB_O_P______P_O	6	93
5|3|OP_____BO_P___O	6	93
5|3|OP_____B_OP__O_	6	93
5|3|O__O__OB___P__P	6	93
5|3|O___O_OB_____PP	6	93
5|3|O___P__BO_PO___	6	93
5|3|PO_B____OOP____	6	93
5|3|P_O______O_PBO_	6	93
5|3|O__PP_OB______O	5	93
5|3|O______B_OPP_O_	5	93
5|3|O_B__O__OP__P__	8	92
5|3|_OB__O__OP__P__	8	92
5|3|O__O____OP_P_B_	7	92
5|3|O___P_P__O__BO_	7	92
5|3|PO__PO__B___O__	6	92
5|3|_OOP_O___B__P__	6	92
5|3|O__P__OB___P__O	5	92
5|3|O___P_BO___O_P_	5	92
5|3|O____O__OPPB___	8	91
5|3|OO__P______OPB_	7	91
5|3|PO__P__O_B___O_	7	91
5|3|PO__P__B_O___O_	7	91
5|3|P_O__O__OP_B___	7	91
5|3|P_B____O_P_OO__	7	91
5|3|_BP__P__OO__O__	7	91
5|3|O_BP__O_____O_P	6	91
5|3|P__P_____O_OOB_	6	91
5|3|OP_O___B_OP____	5	91
5|3|O_B_PO__O____P_	8	90
5|3|O_B__PO__O__P__	8	90
5|3|_OO__O___P_PB__	8	90
5|3|_OB__PO__O__P__	8	90
5|3|P___PO__O__OB__	7	90
5|3|O_O___B_O__P__P	6	90
5|3|O__O___OB__P__P	6	90
5|3|O__PPB___O__O__	6	90
5|3|O__P__BO___O__P	6	90
5|3|O_PP__B__O___O_	5	90
5|3|P___PO__O___BO_	8	89
5|3|OP__OO___B__P__	6	89
5|3|O__O___BO__P__P	6	89
5|3|O__OP__BO__P___	8	88
5|3|O__OP__B_O_P___	8	88
5|3|O__OP__B___PO__	8	88
5|3|P_BO__O__O_P___	8	88
5|3|OO_P____BO__P__	7	88
5|3|OO__P__BO__P___	7	88
5|3|O_P__O__OP_B___	7	88
5|3|O___P__BO__O_P_	6	88
5|3|O___P__BO__P_O_	6	88
5|3|P_O__P___O_B_O_	5	88
5|3|O_B_PP__O____O_	9	87
5|3|P_BO__O__P_O___	9	87
5|3|O_B__OO__PP____	8	87
5|3|O__P_____P_OOB_	6	87
5|3|P_PO___B_O_O___	6	87
5|3|_OOP_B___O__P__	6	87
5|3|O_PO__B__O___P_	5	87
5|3|_P_P_OB__O__O__	5	87
5|3|OOP_P__B__O____	7	86
5|3|OO__P______BPO_	6	86
5|3|P_O__P__OO_B___	6	86
5|3|OO__P_BO_____P_	5	86
5|3|PO__P_BO_____O_	5	86
5|3|O_O_____OP_PB__	8	85
5|3|O_OP_P___O_B___	7	85
5|3|OO_P_P___O_B___	6	85
5|3|OB__O_P_P_O____	6	85
5|3|OPOB_____O__P__	6	85
5|3|OP_B________OOP	6	85
5|3|OP_P__B__OO____	6	85
5|3|OP__P__BO_O____	6	85
5|3|OP__P__B_OO____	6	85
5|3|O_BO_O_____P__P	6	85
5|3|O_BO__P__PO____	6	85
5|3|O_B_OP__P_____O	6	85
5|3|O__P___BO__O__P	6	85
5|3|O__O__O__P__PB_	7	84
5|3|OOB__P___P_O___	6	84
5|3|O__O__O_B__P__P	6	84
5|3|O__P__B_O__O__P	6	84
5|3|_O_P_O__BO__P__	5	84
5|3|P_B__OO__P_O___	10	83
5|3|P_B__O__OP_O___	9	83
5|3|O_B__OO__P__P__	7	83
5|3|P_B______O_OOP_	7	83
5|3|P__O__O__O__PB_	7	83
5|3|_OB__OO__P__P__	7	83
5|3|O_P___B_O__P__O	6	83
5|3|OP__P__O____BO_	5	83
5|3|P__B_____O_POO_	9	82
5|3|O_B___OP_OP____	8	82
5|3|O___P_O__P__BO_	8	82
5|3|O_OB____PO_P___	7	82
5|3|O_B___O_POP____	7	82
5|3|O__OPP___O_B___	7	82
5|3|OO_P__P__O__B__	6	82
5|3|O__P__O_B___O_P	6	82
5|3|O___P_____BOPO_	6	82
5|3|O_OP__P__O__B__	5	82
5|3|O___P__O_P_O_B_	5	82
5|3|O___P__P_O_O_B_	5	82
5|3|O_B__P__OO__P__	7	81
5|3|PO_O__P__O__B__	7	81
5|3|P_O_____OO_PB__	7	81
5|3|P__B__O__P__OO_	7	81
5|3|_OB__P__OO__P__	7	81
5|3|OO__PO_B_____P_	6	81
5|3|OO__P_OB_____P_	6	81
5|3|OO__P__B____OP_	6	81
5|3|OB__OO__P_P____	6	81
5|3|O_P__P__OO_B___	6	81
5|3|P_OO__P__O__B__	6	81
5|3|P_B__OO__O_P___	9	80
5|3|P_B__O__OO_P___	8	80
5|3|O_BO_P___OP____	7	80
5|3|O_B_OO___P____P	7	80
5|3|P_B______O_POO_	7	80
5|3|P__B__O__O__PO_	7	80
5|3|OOP________B_PO	6	80
5|3|O_O_____P__PB_O	6	80
5|3|P_OO_P___O_B___	6	80
5|3|O___PP__O___BO_	9	79
5|3|PO_B_____P_OO__	8	79
5|3|OBO__O___PP____	6	79
5|3|OPB_____O__P__O	6	79
5|3|OP__O__BO_____P	6	79
5|3|OP__PO_B_____O_	6	79
5|3|OP__P_OB_____O_	6	79
5|3|OP__P__B____OO_	6	79
5|3|P_O__O__BO_P___	5	79
5|3|OB__PO__P___O__	8	78
5|3|O_B_P_O__P___O_	8	78
5|3|O_B__OP__OP____	8	78
5|3|PO_B_____O_OP__	8	78
5|3|P_B___O__O_PO__	8	78
5|3|_OB__PP__O_O___	8	78
5|3|O_B_OP__O_P____	7	78
5|3|O_B__O__POP____	7	78
5|3|O__OPP__O__B___	7	78
5|3|_OB__P__PO_O___	7	78
5|3|OO__PP__O__B___	6	78
5|3|O_P__P___O_B_O_	5	78
5|3|OP_B___O_O__P__	7	77
5|3|P___P_O_O__OB__	7	77
5|3|P_PO___B_O___O_	6	77
5|3|O_B___P__O_P_O_	5	77
5|3|_OB__O_P_P__O__	5	77
5|3|PB___O__OOP____	8	76
5|3|O_BP__O__O___P_	6	76
5|3|O_BP__P__O___O_	6	76
5|3|O_B___P__O_O_P_	5	76
5|3|O_P__P__O__B__O	5	76
5|3|O__B__O__P__O_P	5	76
5|3|_P_P_O_O_B__O__	5	76
5|3|O_B__PO__PO____	10	75
5|3|O_B__P__OPO____	9	75
5|3|PO_B_____O_PO__	9	75
5|3|P_B___O__P_OO__	9	75
5|3|O__PP__BO__O___	7	75
5|3|O__PP__B_O_O___	7	75
5|3|O__PP__B___OO__	7	75
5|3|PO_B_O___O__P__	7	75
5|3|PO_P____OB__O__	7	75
5|3|P__P____OO_O_B_	7	75
5|3|OP__P__BO__O___	6	75
5|3|OP__P__B_O_O___	6	75
5|3|OP__P__B___OO__	6	75
5|3|O__OP______OPB_	6	75
5|3|OO__P____O__PB_	8	74
5|3|O_OP___O_B_P___	8	74
5|3|O__OPO_B___P___	8	74
5|3|O__BP_P__O____O	8	74
5|3|O______OOPPB___	8	74
5|3|PO_O____OB__P__	8	74
5|3|OO_P___O_B_P___	7	74
5|3|OO_P____OB__P__	7	74
5|3|P_OO____OB__P__	7	74
5|3|_OB__OP__P_O___	7	74
5|3|PO__P___B___OO_	6	74
5|3|O_B__PO__OP____	9	73
5|3|_O___OO__P_PB__	9	73
5|3|O_B__P__OOP____	8	73
5|3|_O___O__OP_PB__	8	73
5|3|O_B___OP_PO____	7	73
5|3|O__P__O_OP__B__	7	73
5|3|O___P_PO_O___B_	7	73
5|3|P_OP___O_B_O___	7	73
5|3|P___POO____B_O_	7	73
5|3|OB__OP__P_O____	6	73
5|3|O__P__OO_P__B__	6	73
5|3|PO_P___O_B_O___	6	73
5|3|O_BOP_P_______O	5	73
5|3|P_P__O__BO_O___	5	73
5|3|O__BPP___O____O	8	72
5|3|O____O___PPBO__	8	72
5|3|O____O___PPB_O_	8	72
5|3|O__BP_O__O____P	7	72
5|3|P_OO___O_B_P___	7	72
5|3|OP__P__BO_____O	6	72
5|3|O___P_P_OO___B_	6	72
5|3|PO_O___O_B_P___	6	72
5|3|PO__P___BO__O__	6	72
5|3|_O_P_O_O_B__P__	5	72
5|3|O_B_PPO______O_	8	71
5|3|O__OPO_____BP__	8	71
5|3|PO_B_P___O__O__	8	71
5|3|P_BO____OP_O___	8	71
5|3|O__P__OO____B_P	7	71
5|3|OB__OO__P__P___	6	71
5|3|O_BO__O__P__P__	6	71
5|3|O_BO__O____P__P	6	71
5|3|O_B_OP__O___P__	6	71
5|3|P__P_BO__O__O__	5	71
5|3|O__OP__O_B_P___	8	70
5|3|OO__P__O_B___P_	7	70
5|3|O__OPO_P___B___	7	70
5|3|O__OPP_O___B___	7	70
5|3|O___PPO__O___B_	7	70
5|3|PBO__O___OP____	7	70
5|3|P__O_O__OP_B___	7	70
5|3|OO__P__B_O___P_	6	70
5|3|P__O_OO__P_B___	6	70
5|3|P___PO_____OBO_	6	70
5|3|P__B_____P_OOO_	9	69
5|3|O__O__P__O__PB_	8	69
5|3|P_B___OO_O_P___	8	69
5|3|OPB__O___O_P___	7	69
5|3|OPB________O_OP	7	69
5|3|PO_B_O___P__O__	7	69
5|3|PO__PB_O_____O_	7	69
5|3|OO__P__O_P___B_	6	69
5|3|OO__P__P_O___B_	6	69
5|3|OPB________OO_P	6	69
5|3|O_B____OPOP____	6	69
5|3|O___P_OO_P___B_	6	69
5|3|POO_____OB_P___	6	69
5|3|OP__PB_O_____O_	5	69
5|3|O_P__O__BO_P___	5	69
5|3|P_B__PO__O_O___	10	68
5|3|P_B__P__OO_O___	9	68
5|3|_PB__OO__O_P___	8	68
5|3|O_B_P_O_O____P_	7	68
5|3|O__BP_PO______O	7	68
5|3|_PB__O__OO_P___	7	68
5|3|OO_P________BPO	6	68
5|3|OP__P__B_O___O_	6	68
5|3|O_BO__P____O__P	6	68
5|3|P_BO_____O_PO__	6	68
5|3|OO__PB_O_____P_	5	68
5|3|OPBO_______P__O	5	68
5|3|O__P__P__O_OB__	5	68
5|3|P__P_B_O_O_O___	5	68
5|3|P_B___O_OP_O___	9	67
5|3|P_B___OO_P_O___	8	67
5|3|P__B__P__O__OO_	8	67
5|3|O__P__P_OO__B__	6	67
5|3|OB_PO_O_____P__	5	67
5|3|OB_PO______OP__	5	67
5|3|_O_P_B_O_O__P__	5	67
5|3|O_B_POO______P_	7	66
5|3|O__O__PO____B_P	7	66
5|3|O__BPPO_______O	7	66
5|3|O_______OPPBO__	7	66
5|3|O_______OPPB_O_	7	66
5|3|POP_____OB_O___	6	66
5|3|O__P__PO_O__B__	5	66
5|3|P__O_B_O_O_P___	5	66
5|3|P_B___O_OO_P___	8	65
5|3|P__B__OO_O__P__	8	65
5|3|O_BP__O__P___O_	7	65
5|3|O__PPO_B___O___	7	65
5|3|P__B__O_OO__P__	7	65
5|3|OOP_____OB_P___	6	65
5|3|OP__PO_B___O___	6	65
5|3|P___P__B___OOO_	6	65
5|3|O_B____POPO____	8	64
5|3|O_B__OP__PO____	7	64
5|3|O___P_P_O___BO_	7	64
5|3|P_BO____OO_P___	7	64
5|3|OOB___P__PO____	6	64
5|3|OP__P_OB__O____	6	64
5|3|O_BO____POP____	6	64
5|3|O_B_OOP_______P	6	64
5|3|O_B_P_O_____OP_	6	64
5|3|PO__P_O_B___O__	6	64
5|3|OO__O____P__PB_	8	63
5|3|OO___O___PPB___	8	63
5|3|O__BP_OO______P	6	63
5|3|P___P_O____OBO_	6	63
5|3|OPB_O______P_O_	5	63
5|3|P_P__B__OO_O___	5	63
5|3|O_B_O_OP______P	6	62
5|3|O__PPB__O___O__	6	62
5|3|OPB_O______O_P_	5	62
5|3|P_O____OBO_P___	5	62
5|3|P_B_____OP_OO__	8	61
5|3|P__B__OO_P__O__	8	61
5|3|P__B__O_OP__O__	7	61
5|3|P__B____OO_P_O_	7	61
5|3|OOB___O__P_P___	6	61
5|3|PBO_____OOP____	6	61
5|3|O_B__O__P__P__O	5	61
5|3|O___P_O__P__OB_	5	61
5|3|P__B__PO_O__O__	9	60
5|3|P__B__P_OO__O__	8	60
5|3|O_P__O_____B_OP	7	60
5|3|PO_B_____O__O_P	7	60
5|3|OP__O_O__B__P__	6	60
5|3|O___P_P____OBO_	6	60
5|3|P_O__B__OO_P___	5	60
5|3|P_P____OBO_O___	5	60
5|3|OOB__P___OP____	7	59
5|3|O_B_P_P_O____O_	7	59
5|3|O_B____POOP____	7	59
5|3|OP_B____OO__P__	6	59
5|3|O_B_P_P_____OO_	6	59
5|3|O___P__B___OOP_	6	59
5|3|O___P__B___POO_	6	59
5|3|OP__PB__O___O__	5	59
5|3|O_B___O_P__P__O	5	59
5|3|O_B___P_O__P__O	5	59
5|3|O__B___O_P_O__P	5	59
5|3|O__B___P_O_O__P	5	59
5|3|_O___PO__O_PB__	9	58
5|3|P__O____OP_OB__	8	58
5|3|_O___P__OO_PB__	8	58
5|3|OO______OPPB___	7	58
5|3|P__B____OP_O_O_	7	58
5|3|O_P____OBO_P___	5	58
5|3|O_O__P_____B_OP	7	57
5|3|OOB____P_P_O___	6	57
5|3|P_O___O_OB_P___	5	57
5|3|P_B_____OO_PO__	7	56
5|3|OP__OB__O___P__	5	56
5|3|O___PPO_____BO_	8	55
5|3|OOP_B____O___P_	5	55
5|3|OOP_B________PO	5	55
5|3|P__P_OB__O__O__	5	55
5|3|P__P__B__O_OO__	5	55
5|3|_P_P_OO__B__O__	5	55
5|3|OOOP_____B_P___	9	54
5|3|POOO_____B__P__	9	54
5|3|POOP_____B_O___	8	54
5|3|POOP_____B__O__	8	54
5|3|OO_B__P__O_P___	7	54
5|3|PB_____OOOP____	7	54
5|3|O__PPBO_____O__	6	54
5|3|O__P_OB__O__P__	5	54
5|3|O__P__B__O_OP__	5	54
5|3|P_P___O_OB_O___	5	54
5|3|OOOP_____B__P__	8	53
5|3|POOO_____B_P___	8	53
5|3|P__P____OO_OB__	7	53
5|3|P___POO_____BO_	7	53
5|3|OOB__P___PO____	6	53
5|3|OP__O___OB__P__	6	53
5|3|O_P___O_OB_P___	5	53
5|3|O_OP__O__B_P___	8	51
5|3|PO_O___O_B__P__	8	51
5|3|OO_P__O__B_P___	7	51
5|3|PO_P___O_B__O__	7	51
5|3|P_OO___O_B__P__	7	51
5|3|P_OP__O__B_O___	7	51
5|3|OP__O__B_O____P	6	51
5|3|POO_____BO_P___	6	51
5|3|OO_P___O_B__P__	7	50
5|3|P_OO__O__B_P___	7	50
5|3|OOB___P__P_O___	6	50
5|3|P__P__BO_O__O__	5	50
5|3|O__OP_O__B_P___	8	49
5|3|OOB_____POP____	6	49
5|3|POP_____BO_O___	6	49
5|3|OP_P__O____B__O	5	49
5|3|O_B____O___OP_P	5	49
5|3|O__P__BO_O__P__	5	49
5|3|_O_P_OO__B__P__	5	49
5|3|_O_P_B__OO__P__	5	49
5|3|O___PP_____BOO_	6	48
5|3|P__P_O_O_B_O___	5	48
5|3|P__P__O_OB__O__	5	48
5|3|P___PO_OB__O___	5	48
5|3|PO__P__BO____O_	7	47
5|3|OOP_____BO_P___	6	47
5|3|OP__P__B_O____O	6	47
5|3|P__O_____O_OPB_	6	47
5|3|OPB___O__O_P___	7	45
5|3|OOB_PO_______P_	6	45
5|3|OOB_P_O______P_	6	45
5|3|OOB___O__P__P__	6	45
5|3|OO_B__P__O___P_	6	45
5|3|PO__P__OB___O__	6	45
5|3|O__P__O_OB__P__	5	45
5|3|O___P_BO_O___P_	5	45
5|3|P__O_O_O_B_P___	5	45
5|3|O__OB_P__P____O	4	45
5|3|O_POP__B____O__	7	44
5|3|OO_B____PO_P___	6	44
5|3|OP_OP__B____O__	6	44
5|3|O_B_P_OO_____P_	6	44
5|3|OBOPO_______P__	5	44
5|3|OPO_P__B____O__	5	44
5|3|O_B_P_PO_____O_	6	43
5|3|O___P_OB____OP_	5	43
5|3|P__O___B_O_PO__	5	43
5|3|P__P___B_O_OO__	5	43
5|3|P___P_OB____OO_	5	43
5|3|O__OP_OB___P___	8	42
5|3|PO_B__O__P__O__	7	42
5|3|OOB_P_P______O_	6	42
5|3|OPB_____OO_P___	6	42
5|3|OP__PO_B__O____	6	42
5|3|OBPO_______O__P	5	42
5|3|OPBO_____O_P___	5	42
5|3|OPB_O___O__P___	5	42
5|3|P_O___O_BO_P___	5	42
5|3|P__P___OBO_O___	5	42
5|3|P___POBO_____O_	5	42
5|3|O_POP__O____B__	7	41
5|3|PO_B__O__O__P__	7	41
5|3|OOP_P__B____O__	6	41
5|3|OP_OP__O____B__	6	41
5|3|P___P_OO____BO_	6	41
5|3|O___P_PO____BO_	6	40
5|3|OO_BP__O______P	5	40
5|3|O___POBO_____P_	5	40
5|3|PBOO_____OP____	5	40
5|3|P_P___O_BO_O___	5	40
5|3|P_P____BOO_O___	5	40
5|3|O__PPB_O____O__	6	39
5|3|OP_P__B__O_O___	5	39
5|3|OP__PO_B____O__	5	39
5|3|OP__P_OB____O__	5	39
5|3|OP__P__BO___O__	5	39
5|3|OP__P__B_O__O__	5	39
5|3|O__P__O_BO__P__	5	39
5|3|O___P_OB_O___P_	5	39
5|3|O________PPOOB_	5	39
5|3|P_PO___B_O__O__	5	39
5|3|P__O_O_B_O_P___	5	39
5|3|P__P_O_B_O_O___	5	39
5|3|P__P__O_BO__O__	5	39
5|3|P___PO_BO__O___	5	39
5|3|OBOPO________P_	4	39
5|3|O__PP_OB___O___	7	38
5|3|OO__P__BO____P_	6	38
5|3|OP__O__O_B__P__	6	38
5|3|OP__P_OB___O___	6	38
5|3|OP__P__BO____O_	6	38
5|3|O_P___O_BO_P___	5	38
5|3|P__P_OO__B__O__	5	38
5|3|__O__O_POP__B__	7	37
5|3|__O__OP_OP__B__	6	37
5|3|OO_BP__P______O	5	37
5|3|O_P____BOO_P___	5	37
5|3|__O__OPO_P__B__	5	37
5|3|P_O____OOB_P___	5	36
5|3|OOP_P__O____B__	6	35
5|3|OPO_P__O____B__	5	35
5|3|O_B__OP__P__O__	5	35
5|3|O_B__P__PO__O__	5	35
5|3|P_P____OOB_O___	5	35
5|3|_OB__OP__P__O__	5	35
5|3|_OB__P__PO__O__	5	35
5|3|PO_B__P__O__O__	8	34
5|3|PO_B___O_O__P__	7	34
5|3|O_P____OOB_P___	5	34
5|3|P_B____OOP_O___	8	33
5|3|__O__OOP_P__B__	6	33
5|3|OOPB________P_O	5	32
5|3|OOPOB________P_	5	31
5|3|OOPB________O_P	5	31
5|3|O__P_OO__B__P__	5	31
5|3|OPO_B____O___P_	5	30
5|3|OPO_B________PO	5	30
5|3|O_B___OP_P__O__	5	30
5|3|O__B__P_PO___O_	5	30
5|3|PO_B___O_P__O__	7	29
5|3|OB_OPO______P__	6	29
5|3|O___P_OBO____P_	5	29
5|3|P__O__OB_O_P___	5	29
5|3|P__P__OB_O_O___	5	29
5|3|P___P_OBO__O___	5	29
5|3|P_B____OOO_P___	7	28
5|3|OB_OPP______O__	6	28
5|3|P__P__B_OO__O__	5	28
5|3|P___PB_OO__O___	5	28
5|3|O__P__B_OO__P__	5	27
5|3|O___POOB_____P_	5	27
5|3|O___P_OO_B___P_	5	27
5|3|P__O___BOO_P___	5	27
5|3|P__P___BOO_O___	5	27
5|3|P___POOB_____O_	5	27
5|3|OBO___P__P_O___	4	27
5|3|OB__O_P_P__O___	4	27
5|3|OPOOB______P___	4	26
5|3|PO_B_____O__PO_	6	25
5|3|P__P___OOB_O___	5	25
5|3|P___PBOO_____O_	5	25
5|3|PO_B_____P__OO_	6	24
5|3|P__O___OOB_P___	5	24
5|3|OOPOB_______P__	4	24
5|3|P__P__OO_B__O__	5	23
5|3|OOPB_____O__P__	5	22
5|3|OPOOB________P_	5	20
5|3|O__P__OO_B__P__	5	20
5|3|PO_B____OO__P__	6	19
5|3|PO_B____OP__O__	6	19
5|3|O___P_____BPOO_	5	18
5|3|P__P__OO_B_O___	5	17
5|3|P___P_OOB__O___	5	17
5|3|OOBPO________P_	4	17
5|3|OOB____P_P__O__	4	17
5|3|OO__B__P_P____O	4	17
5|3|O____P___PBOO__	4	17
5|3|O___P_BOO____P_	5	16
5|3|P__O__OO_B_P___	5	16
5|3|OOPBO_______P__	4	13
5|3|OOOPB________P_	4	6