5|3|O_P_OB_____O_O_	10	2337
5|3|O_O_PB_____O_O_	10	2290
5|3|OB_P______O_O_O	10	1983
5|3|O_O_O_____P_BO_	11	1977
5|3|O_O_P_B___O__O_	9	1966
5|3|O_O_____B_O_P_O	11	1901
5|3|O_O_P__B___O__O	9	1860
5|3|O_P_OB____O__O_	9	1762
5|3|O_O_OB_____P_O_	10	1757
5|3|O_P_O_B___O__O_	9	1743
5|3|O_O_PB____O__O_	9	1560
5|3|O_O_P___B__O__O	8	1482
5|3|O_P_O______OBO_	10	1437
5|3|O_O_P_B____O_O_	9	1374
5|3|O_O_P__B___O_O_	8	1364
5|3|O_O_O_B___P__O_	8	1361
5|3|O_P_O__B__O__O_	10	1349
5|3|OBO_O_____O___P	12	1300
5|3|O_O_OB____O__P_	9	1235
5|3|O_O_O_B____O_P_	9	1203
5|3|O_P_O_B____O_O_	9	1180
5|3|O_OB_____OO__P_	11	1125
5|3|OBO_O_____O__P_	12	1123
5|3|O_O_P___B__O_O_	8	1117
5|3|O_O_O__B___O_P_	8	1092
5|3|O__OP_B___O___O	9	1047
5|3|OO__O_____P_BO_	13	997
5|3|OO__O______OB_P	13	997
5|3|OO__O______P_BO	11	953
5|3|OO__O_____OB_P_	10	935
5|3|O_OBP_____O___O	11	887
5|3|OO__P__B__O___O	11	878
5|3|O_O_O_B____P_O_	11	871
5|3|OO__O__B__P___O	11	868
5|3|P_OB_____O_O_O_	11	835
5|3|OO__O_____P__BO	11	828
5|3|OO__O___B_O_P__	9	818
5|3|O_O_____B_PO__O	9	818
5|3|O_O_O______OBP_	10	812
5|3|OO__P___B_O_O__	9	782
5|3|O__OP_B___O__O_	9	774
5|3|O__O_____OP_BO_	11	761
5|3|OOB______OO_P__	10	750
5|3|OO__P__B___O__O	11	740
5|3|O_OBP______O__O	11	740
5|3|O__OP__B___O__O	10	740
5|3|OO__P_B___O__O_	8	737
5|3|OO_BO_____P___O	11	733
5|3|OO__P__B__O__O_	10	719
5|3|O_BO_____OP__O_	10	705
5|3|OB_O_____OO__P_	9	693
5|3|OOB_P_____O___O	12	692
5|3|OO__O__B__O__P_	10	690
5|3|O_OB_____O_O_P_	10	681
5|3|O_OB_____O_P_O_	7	676
5|3|O_P__B___O_O_O_	8	675
5|3|OO______B_P_O_O	10	672
5|3|O_O_P_B_____OO_	10	667
5|3|O_O__B___O_P_O_	8	655
5|3|OB__O___O_O___P	9	651
5|3|OO_P_B_____O__O	10	648
5|3|O_OP_B_____O__O	10	648
5|3|OB_PO_____O_O__	9	613
5|3|O_BO______O__OP	12	609
5|3|OO__P_____O_BO_	13	608
5|3|O_OB_____P_O_O_	7	605
5|3|OO__P__B___O_O_	10	602
5|3|O__OP_B____O__O	8	597
5|3|OO__O___B_P__O_	9	595
5|3|O_OB_____OP___O	11	591
5|3|O_OB_____PO___O	10	591
5|3|O_O_PB__O__O___	8	591
5|3|O___O__B__PO_O_	10	589
5|3|OO_O_______OB_P	11	587
5|3|O___O__B__P_OO_	9	586
5|3|O__OP______OBO_	13	584
5|3|OB__P___O_O___O	10	584
5|3|O_OP__B_____O_O	10	584
5|3|OO_P__B_____O_O	9	584
5|3|O__OP__B___O_O_	9	583
5|3|O_OO_______OB_P	10	582
5|3|OO__P______OBO_	12	580
5|3|O_OB_____OO___P	11	576
5|3|OO__O___B__P_O_	9	573
5|3|OO_O______OB__P	10	569
5|3|OB__P_____O_OO_	10	569
5|3|OO_____B__O_O_P	9	569
5|3|OOB_O_____O___P	11	557
5|3|O_O_P___B__OO__	9	557
5|3|OO______B_O_O_P	9	554
5|3|O_BO_____OO__P_	9	553
5|3|O__OP_B____O_O_	8	550
5|3|O_O_P_O____B_O_	7	549
5|3|OO__O_B____O_P_	8	545
5|3|OO__O__B___O_P_	9	544
5|3|OO__O__B___P_O_	9	544
5|3|O__O__B____OO_P	10	541
5|3|O__O__B____O_OP	10	541
5|3|O_O___B___O__OP	9	539
5|3|OO__P__B____O_O	10	532
5|3|OO_O_B_____P__O	10	531
5|3|O_OO_B_____P__O	10	531
5|3|OB_O_____PO__O_	9	530
5|3|OOB_P_____O__O_	11	529
5|3|OO__P_B____O_O_	8	523
5|3|O_O_P_O_____BO_	8	515
5|3|O_OB_____O_P__O	11	513
5|3|OB______O_P_O_O	8	510
5|3|O_O_____B__O_OP	9	506
5|3|OO_P_____B__O_O	10	504
5|3|OO__O__B____O_P	9	504
5|3|O_O_____B__OO_P	9	504
5|3|OO__P___B___O_O	8	496
5|3|OO_O_____B__P_O	10	494
5|3|O_OO__B_____P_O	10	492
5|3|OO_O__B_____P_O	9	492
5|3|OOB______PO_O__	11	491
5|3|OB__OO____O___P	10	484
5|3|OB_____O_PO__O_	9	484
5|3|O_O_P___O__O_B_	6	479
5|3|OO_P___B__O___O	9	478
5|3|O_OP___B__O___O	9	478
5|3|O_O_OP______BO_	13	477
5|3|O__OP___B__O_O_	8	472
5|3|O_O__B____O__OP	9	470
5|3|OO_O___B__O___P	10	466
5|3|O_OB_____P_O__O	10	466
5|3|O_OO___B__O___P	9	466
5|3|O_O_OB__O__P___	8	457
5|3|O_O_O_B_____PO_	10	455
5|3|OP__O__B____O_O	9	455
5|3|OB_____O_OP__O_	8	453
5|3|OO__O___B___O_P	8	452
5|3|OO__O___B___P_O	8	452
5|3|O_OB_____O_O__P	10	445
5|3|OO_______PO_OB_	9	441
5|3|_O_O_O___P_BO__	9	429
5|3|_O_P_O___O_BO__	8	429
5|3|OO_B_____PO_O__	9	427
5|3|OP_______OO_OB_	10	426
5|3|O__O___B___O_OP	9	424
5|3|O__O___B___OO_P	8	424
5|3|OO_B_____OO_P__	10	423
5|3|P_BO_____O_O_O_	10	422
5|3|OB__PO____O___O	11	420
5|3|O_OB_____OPO___	10	420
5|3|OO_B_____OP_O__	10	418
5|3|OO_B_____OO__P_	10	415
5|3|O__O__B__O_O_P_	8	415
5|3|OO_O____B__O__P	10	413
5|3|O_OO____B__O__P	10	413
5|3|OO__O____B__P_O	9	413
5|3|O_O_O_P_____BO_	8	412
5|3|O_OP__B___O___O	9	411
5|3|OO_P__B___O___O	8	411
5|3|_O_O_O___P__OB_	8	402
5|3|O__O___B_OP_O__	8	396
5|3|OO__O______OBP_	13	394
5|3|OO__O______PBO_	12	394
5|3|OO__O_B____P_O_	11	386
5|3|OO__O___B__O_P_	10	386
5|3|O_O_P_B_O_O____	8	385
5|3|O_O_POB______O_	9	383
5|3|O_O___B____O_OP	9	383
5|3|_OB__O___O_P_O_	9	382
5|3|O_O_P_OB______O	7	382
5|3|OO__O__B____P_O	11	379
5|3|O_OO__B___P___O	8	378
5|3|OP__O____B__O_O	9	375
5|3|O_O_____BO_P_O_	8	373
5|3|O_O___B__O_O_P_	7	373
5|3|OO_P___B___O__O	8	372
5|3|O_OP___B___O__O	8	370
5|3|O_O_P_B_O___O__	8	369
5|3|O_P__B__O__O__O	8	369
5|3|PO_O_____O_OB__	9	368
5|3|_O_B_O___O_P_O_	8	368
5|3|OO_B_____OP__O_	10	367
5|3|OO_B_____OP___O	10	366
5|3|OO_O___B___P__O	9	365
5|3|O_OO___B___P__O	8	364
5|3|O_OB_____O_PO__	10	363
5|3|O_P_____BO_O_O_	8	363
5|3|O_O__B__O__P__O	8	362
5|3|O_O_P_B__O___O_	9	360
5|3|O___O_OB____O_P	8	358
5|3|P_O______O_OOB_	10	357
5|3|O_P__B___OO__O_	7	353
5|3|O_OP_B___O_O___	8	351
5|3|OOB_P______O_O_	9	349
5|3|O_O_P_OB_____O_	7	348
5|3|O_O___B__OP__O_	7	347
5|3|OO_B_____OO___P	10	346
5|3|O_OP__B__O__O__	8	345
5|3|O_O_P__BO__O___	8	344
5|3|O_O_P__B_O_O___	8	344
5|3|O_O_P__B___OO__	8	344
5|3|OOB______OO__P_	10	342
5|3|OO_P__B__O__O__	7	340
5|3|O_P___B__O_O_O_	7	334
5|3|O_O__B___OO__P_	7	332
5|3|O_P______O_OOB_	9	330
5|3|O_O____BO_O___P	8	330
5|3|O___O_B___P_OO_	8	330
5|3|O_BO___O_OP____	7	330
5|3|P_O___B__O_O_O_	7	330
5|3|O_OB____O__O__P	5	329
5|3|O_OB_____P_OO__	9	328
5|3|OOB______OO___P	10	326
5|3|O__P_O___O__BO_	9	323
5|3|O_P___B__OO__O_	7	323
5|3|O__O__B__OP_O__	7	321
5|3|O_OO_____P_OB__	13	320
5|3|OO_O_____P_OB__	12	320
5|3|OO__PO______BO_	12	320
5|3|O__OPO______BO_	11	320
5|3|O_O_P___BO_O___	8	320
5|3|O_O_P_O_B_____O	7	320
5|3|P_OO_____O_OB__	8	319
5|3|_OB__O___P_O_O_	10	318
5|3|OBO______OP__O_	7	318
5|3|OOB______PO__O_	11	315
5|3|O_O_PO_B___O___	8	315
5|3|O_O______P_OOB_	9	314
5|3|OO__P_B______OO	10	313
5|3|OO______B_PO__O	9	313
5|3|O_O_P_O_B___O__	7	312
5|3|O_OP__B____O__O	9	309
5|3|OO_P__B____O__O	8	309
5|3|O_OB_____O_OP__	9	307
5|3|_O_O_O___P_B_O_	8	307
5|3|OB_O___O_PO____	8	305
5|3|OO__O____B__O_P	11	303
5|3|O_O_P__O___OB__	6	303
5|3|PO_O__B__O__O__	7	301
5|3|O__O_P___O__BO_	10	300
5|3|OOB______PO___O	11	299
5|3|P_OO__B__O__O__	7	299
5|3|OO_O____B___P_O	9	295
5|3|O_O_P_BO_____O_	9	293
5|3|O_O____B___O_OP	9	293
5|3|O_O_PO__B__O___	8	293
5|3|O_O_P_B_O_____O	8	293
5|3|O_O____B___OO_P	8	293
5|3|O__B__O__OP__O_	8	292
5|3|PO_O_____O__OB_	10	290
5|3|OOB_____O_P___O	10	287
5|3|P_O__O___O_OB__	9	287
5|3|O_OO_B___O_P___	8	287
5|3|O__O__BO__P___O	7	286
5|3|OO_O____B___O_P	9	285
5|3|O_O_O_O_B_____P	7	284
5|3|O_OB_O___P_O___	8	283
5|3|O_O_O_OB_____P_	7	283
5|3|O_OO__B__O__P__	8	282
5|3|O_OB_O___O_P___	9	281
5|3|OB_O___O_OP____	7	279
5|3|O_O_P_OB__O____	7	278
5|3|O_OP_B____O___O	9	277
5|3|O__O____B__O_OP	8	277
5|3|OO_O__B__O__P__	7	277
5|3|O__O____B__OO_P	8	275
5|3|OOB______OOP___	9	274
5|3|O_OO__B____O__P	9	274
5|3|OO_O__B____O__P	8	274
5|3|O__P___B_O_O_O_	7	274
5|3|OO_B_____OPO___	9	273
5|3|OO__OP______BO_	13	272
5|3|OO__O____P_OB__	12	272
5|3|OO__O_______OBP	10	272
5|3|O_O__O___P_OB__	10	272
5|3|OOB_____O_O___P	9	270
5|3|OO_O___B____O_P	8	270
5|3|O___O_BO__P__O_	7	270
5|3|OOB_____P_O___O	9	269
5|3|OB___O___OP_O__	9	267
5|3|OB____O_P_O___O	8	267
5|3|OO_B_____OOP___	9	266
5|3|O_O_O_O_B___P__	8	265
5|3|OO_P___B____O_O	8	263
5|3|OB____O__PO__O_	8	260
5|3|OO__P__B_____OO	10	259
5|3|O__O___B_O_P_O_	7	257
5|3|OB_______OP_OO_	8	256
5|3|O_OB__O__OP____	8	256
5|3|O_OB_P___O_O___	9	255
5|3|O_O___B_O_P___O	7	255
5|3|OO_B___O_OP____	8	253
5|3|O__O___B_O_O_P_	7	253
5|3|P_O____B_O_O_O_	7	253
5|3|OO__O_______PBO	10	252
5|3|OB_O___O__P___O	7	251
5|3|O_O____O_P_OB__	8	249
5|3|O_P__B__O_O___O	7	249
5|3|O__OP_O____B_O_	7	249
5|3|OO__P_O_____BO_	11	247
5|3|OOB______POO___	10	247
5|3|O__OP_O_____BO_	10	247
5|3|OOO_P_B______O_	9	247
5|3|O_OOP_B______O_	9	247
5|3|O_O_P__OB__O___	8	247
5|3|OB_O_____OP_O__	7	247
5|3|OOB____O_PO____	7	246
5|3|OO_OP_B______O_	8	245
5|3|OB_OP_____O_O__	9	242
5|3|O_OB__O__PO____	7	242
5|3|O_O_P_O_B_O____	7	242
5|3|O__O____BO_P_O_	7	242
5|3|_O_B_P_O_O_O___	9	239
5|3|OO_O_____P__OB_	10	238
5|3|O_OOP_B_____O__	9	238
5|3|O_OO_B____O___P	9	238
5|3|OO_OP_B_____O__	8	238
5|3|OB__O___O_P_O__	7	238
5|3|O_OB___O_O_P___	9	236
5|3|O__OP_BO______O	8	236
5|3|O_O__B__O_O___P	7	236
5|3|O___O_O_B___O_P	7	236
5|3|O_OB__P__O__O__	8	235
5|3|_O_B_O_O_O_P___	9	233
5|3|P__O____BO_O_O_	7	233
5|3|O_P___B_O_O___O	7	232
5|3|O__O__P__O__BO_	8	231
5|3|O__O__O__P__BO_	9	229
5|3|O_OB__O__P__O__	7	229
5|3|O__P__O__O__BO_	8	228
5|3|OB___O__O_P___O	9	227
5|3|O_O____BO__P__O	7	227
5|3|O_O____B_O_P_O_	7	227
5|3|_OOB_P___O__O__	8	226
5|3|OO__P__OB_O____	7	226
5|3|OO__P_O____B_O_	6	226
5|3|OO__P__O_____BO	8	225
5|3|O_OB__O__O__P__	7	225
5|3|POO______O_OB__	10	224
5|3|OB______OOP_O__	8	224
5|3|O__O__OB____O_P	7	222
5|3|OO_OP__B_____O_	9	221
5|3|O_O____B_O_O_P_	7	221
5|3|O_OOPB_____O___	10	220
5|3|OO__P_B_____OO_	10	219
5|3|OB___O___PO_O__	10	219
5|3|OO_OP__B___O___	9	219
5|3|O__OP_B_____OO_	9	219
5|3|OOO_P__B___O___	8	219
5|3|OOO_P__B_____O_	8	219
5|3|OB___O__P_O___O	10	218
5|3|O_OOP__B___O___	9	217
5|3|OOOB_____O_P___	10	216
5|3|O_OOP_B_______O	9	216
5|3|OO_OP_B_______O	8	216
5|3|O_____BO_OP__O_	6	215
5|3|OB_O___P__O___O	7	214
5|3|_OB__P_O_O_O___	9	213
5|3|OO__O__B_____PO	10	212
5|3|_OOB_O___O__P__	7	212
5|3|OB___O___PO__O_	10	211
5|3|OB___O___PO___O	10	211
5|3|OOO______P_OB__	11	210
5|3|O__OP___B__OO__	10	210
5|3|OO__P___B__OO__	9	210
5|3|P_O___O__O_OB__	9	210
5|3|OOO_P___B__O___	8	210
5|3|O_OOP_B___O____	9	209
5|3|OO_OP_B___O____	8	209
5|3|O_OB__O__O_P___	9	208
5|3|OO_B___O_PO____	7	208
5|3|O_OOP___B__O___	8	207
5|3|OB_O_O___O___P_	8	205
5|3|O_B__O_O_OP____	9	204
5|3|_O_B_PO__O_O___	9	204
5|3|OO_OP___B___O__	8	204
5|3|_O_B_P__OO_O___	8	204
5|3|OO__O_P_____BO_	11	203
5|3|OO__O___P__OB__	10	203
5|3|O_OB___O_P_O___	8	203
5|3|OOO_P___B___O__	8	201
5|3|O_BO_O___O___P_	8	201
5|3|O__OPB_____OO__	10	200
5|3|_OBO_O___O_P___	8	199
5|3|O_O_P_B_O__O___	7	199
5|3|_OOB_O___P__O__	7	199
5|3|O_O___O__P_OB__	10	198
5|3|_O_B_OO__O_P___	9	198
5|3|PO_O___B_O_O___	8	198
5|3|_O_B_O__OO_P___	8	198
5|3|OB__O__O__P__O_	7	198
5|3|OB_____OP_O___O	9	197
5|3|OB______OPO_O__	9	197
5|3|_OB__O_O_O_P___	8	196
5|3|OBO_____O_P___O	7	196
5|3|OB_____OO_P___O	8	195
5|3|_OB__O_O_P_O___	8	195
5|3|P_OO___B_O_O___	7	195
5|3|O_O_P_OB____O__	6	195
5|3|O__B__OO_OP____	9	194
5|3|O__B__O_OOP____	8	194
5|3|O__OP_O____B__O	7	194
5|3|O__O_B_O__O___P	7	194
5|3|O__P_B_O__O___O	7	194
5|3|O_O_P_B_O____O_	9	192
5|3|OO__O__P_____BO	8	192
5|3|OB_O_O___P___O_	8	191
5|3|O_OB__O__P_O___	8	191
5|3|O__O__BO_OP____	6	191
5|3|OB______OPO__O_	9	190
5|3|OB______OPO___O	9	190
5|3|PO_O____BO__O__	8	190
5|3|_BO__O__OO__P__	8	190
5|3|O_OB____OO_P___	8	188
5|3|O_BO_P___O___O_	9	187
5|3|_OBO_O___P_O___	9	187
5|3|O_O___B_O__O__P	7	187
5|3|_O_B_O_O_P_O___	8	185
5|3|OBO_O___O_P____	6	185
5|3|O__B_OO__OP____	9	183
5|3|_O_B_P_O_O___O_	7	183
5|3|O_BO__O_____O_P	7	182
5|3|OO__O_B_____PO_	10	181
5|3|OOO_O___B___P__	9	181
5|3|OO__O___B__OP__	9	181
5|3|OO_OO_B_____P__	8	181
5|3|O__O__O__P__OB_	8	181
5|3|_OB__O___O_PO__	8	181
5|3|_O_P_OB__O__O__	6	181
5|3|OO_OP__B______O	9	180
5|3|O_OP__B__OO____	8	180
5|3|OO_P__B__OO____	7	180
5|3|OB__O__P__O__O_	7	180
5|3|OO_OO__B___P___	9	179
5|3|_BO__O__OP__O__	9	179
5|3|OOO_O__B_____P_	8	179
5|3|OOB______O_P_O_	7	179
5|3|OOO_P__B______O	8	178
5|3|O_P___B_O__O__O	7	178
5|3|P_O______O_OBO_	7	178
5|3|O_OOP__B______O	9	177
5|3|O______B_OPO_O_	8	177
5|3|OO_P___B_O_O___	7	177
5|3|O______B_OP_OO_	7	177
5|3|OOO_O____B___P_	10	176
5|3|P__O__O__O__OB_	8	176
5|3|O__O__O_B___O_P	7	176
5|3|OB____O_OPO____	8	175
5|3|O_OP___B_O_O___	7	175
5|3|O_O_P_O_B____O_	6	175
5|3|OB___O__OPO____	9	174
5|3|OO____B___O__OP	8	174
5|3|O_O_P_OB___O___	8	174
5|3|O__OP_BO__O____	8	174
5|3|O__OP_B_O_O____	8	174
5|3|O__OP_B__OO____	8	174
5|3|OO__P_B_O_O____	7	174
5|3|OOO_P___B_O____	8	173
5|3|OO__POB______O_	9	172
5|3|OOO_P___B_____O	8	172
5|3|O__OPOB______O_	8	172
5|3|OB__O_O_P_O____	7	172
5|3|O_OP__B__O___O_	8	171
5|3|OO_P__B__O___O_	7	171
5|3|O_OB____OP_O___	7	171
5|3|O_O_____OP_OB__	9	169
5|3|O_B___OO_OP____	9	169
5|3|_OO__O___P_OB__	9	169
5|3|O_B___O_OOP____	9	167
5|3|O_B_O_O_O_P____	8	167
5|3|O__OPOB_______O	8	167
5|3|O__OPB_O___O___	8	167
5|3|_O_O_OB__O__P__	6	167
5|3|OO_OP__B__O____	9	166
5|3|O_OOP__B__O____	9	166
5|3|OB_O__O__PO____	7	166
5|3|O__O__P__O__OB_	9	165
5|3|P_O_____OO_OB__	8	165
5|3|_OB__O_O_P__O__	6	165
5|3|PO_O___B_O___O_	8	164
5|3|P_OO___B_O___O_	7	164
5|3|O_B___O_OPO____	9	163
5|3|O__B__OO_PO____	8	163
5|3|O_O_____P__OB_O	7	163
5|3|OOO_P__B__O____	8	161
5|3|OO__P__OB_____O	7	160
5|3|OO__O____B__OP_	10	159
5|3|OO_O___B_O_P___	8	159
5|3|_BO__P__OO__O__	8	159
5|3|O__P_B_O_O_O___	6	159
5|3|OB__OO__O_____P	8	158
5|3|O_O_P_O_B__O___	8	158
5|3|O_B___OO_PO____	8	158
5|3|_OOB_O___O_P___	8	158
5|3|O_OO___B_O_P___	7	158
5|3|_OOB_O___P_O___	7	158
5|3|O__O_B_O_O_P___	6	157
5|3|_O_B_O_O_P___O_	6	157
5|3|O_____B__OP_OO_	7	156
5|3|OO__P_B__O___O_	9	155
5|3|OB___O__OOP____	9	155
5|3|O__OP_B__O___O_	8	155
5|3|OBO_OP_______O_	7	154
5|3|OOO_O___B_____P	8	153
5|3|OO_P___B_OO____	7	153
5|3|OO_O____BO__P__	8	151
5|3|O_B_OO__O_P____	8	150
5|3|OB_____OOPO____	9	148
5|3|OO__PO__B___O__	8	148
5|3|O__OP_B__O__O__	8	148
5|3|O_BO__O__P___O_	8	147
5|3|OOB_____O__P__O	7	147
5|3|OO_B_O___O_P___	8	145
5|3|O_BO__P__O___O_	7	145
5|3|O_B_O_O_P_O____	7	145
5|3|OOB__O___O_P___	8	143
5|3|_OOB_P___O_O___	8	143
5|3|OO_P___B_O___O_	7	143
5|3|O_P__B__OO_O___	6	143
5|3|O_OO__B__OP____	7	142
5|3|O_BO__O__O___P_	7	142
5|3|OO__PO_B_____O_	9	141
5|3|OO__P_OB_____O_	9	141
5|3|OO__P__B____OO_	9	141
5|3|O__OPO_____BO__	9	141
5|3|O__OP_OB_____O_	8	141
5|3|OO__O__OB_____P	7	140
5|3|O_B_O_OO______P	7	140
5|3|OO__OO__B___P__	8	139
5|3|OB__OO__P_O____	9	138
5|3|P_OO__B__O___O_	7	138
5|3|OOOB_____P_O___	6	138
5|3|_OB__OO__P_O___	10	137
5|3|_OB__O__OP_O___	9	137
5|3|OB__OO__O_P____	8	137
5|3|OBO__O___OP____	8	135
5|3|_OB__PO__O_O___	10	134
5|3|OOB__O___P_O___	9	134
5|3|_OB__OO__O_P___	9	134
5|3|_OB__P__OO_O___	9	134
5|3|OO_B_P___O_O___	8	134
5|3|_OB__O__OO_P___	8	134
5|3|O_B__OO__PO____	11	132
5|3|O_B__O__OPO____	10	132
5|3|OBO__O___PO____	9	132
5|3|OB_O_O___PO____	9	132
5|3|OB__OO___PO____	9	132
5|3|O_O__B__OO_P___	6	130
5|3|OOB_____P__O__O	7	129
5|3|O_B__OO__OP____	10	128
5|3|O_B__O__OOP____	9	128
5|3|OO__O__O_B___P_	8	128
5|3|OB__O__OP_O____	8	128
5|3|O__OP__OB__O___	8	127
5|3|OO__P__OB__O___	7	127
5|3|OO_O___B_O___P_	7	126
5|3|OO__P__B_O___O_	9	125
5|3|O_B____OOPO____	9	125
5|3|OB_____OOOP____	8	124
5|3|O__OP_B_O_____O	8	124
5|3|OO__P_B_O_____O	7	124
5|3|O__P__OB_O___O_	6	124
5|3|_O_P_O_B_O___O_	6	124
5|3|OO__P_BO_____O_	9	123
5|3|O__OP_BO_____O_	8	123
5|3|OB__O__OO_P____	7	123
5|3|OBO_____OPO____	8	122
5|3|OB_O____OPO____	8	122
5|3|OB__O___OPO____	8	122
5|3|OB____O___O__OP	7	122
5|3|P__O_____O_OOB_	7	122
5|3|_O_P_O_B_O_O___	6	122
5|3|OO__OO_B_____P_	9	121
5|3|OO__O_OB_____P_	9	121
5|3|OO__O__B____OP_	9	121
5|3|OO__O__BO__P___	8	121
5|3|OBO_____OOP____	7	121
5|3|OO__O____P__OB_	9	120
5|3|OO_B__O__OP____	8	120
5|3|OO___O___POB___	9	119
5|3|O_B____OOOP____	8	119
5|3|_O_O_O_B_O_P___	6	118
5|3|OOB____O_P_O___	7	117
5|3|O__O_____P_OOB_	7	114
5|3|OO_B___O_O_P___	8	112
5|3|OO_B_O___OP____	8	110
5|3|OO______OPOB___	8	110
5|3|O__O__OB_O___P_	6	108
5|3|O_OB__O__P___O_	5	108
5|3|P__O__BO_O_O___	5	108
5|3|OO__O__B_O___P_	9	104
5|3|OO_B__O__O_P___	8	104
5|3|O_OOP_B____O___	8	104
5|3|OO_OP_B____O___	7	104
5|3|O_P___B_OO__O__	6	103
5|3|O__OPOB_____O__	8	102
5|3|O__OP_B____OO__	8	102
5|3|OO_B____OOP____	7	102
5|3|O__P__OB_OO____	6	102
5|3|O_O___B_OO__P__	6	101
5|3|OO__P___BO__O__	8	100
5|3|OO__P___B___OO_	8	100
5|3|OO_B____OO_P___	7	100
5|3|P_O___B_OO__O__	6	100
5|3|OOB___O__P_O___	9	97
5|3|OO_B___O_P_O___	7	97
5|3|OOB___O__O_P___	8	96
5|3|OO__O___BO__P__	8	94
5|3|OO__O___B___PO_	8	94
5|3|OOB_____OP_O___	8	93
5|3|P__O__BO_O___O_	6	93
5|3|_O___O_OOP_B___	8	92
5|3|_O___OO_OP_B___	7	92
5|3|O__OP_B_O___O__	8	91
5|3|OO__P_B_O___O__	7	91
5|3|OO__P_O_B___O__	8	90
5|3|OOO_P___B____O_	7	90
5|3|OOB_____OO_P___	7	90
5|3|O__OP_O_B___O__	7	90
5|3|O___P_OOB_____O	6	89
5|3|O_____B_OOP_O__	6	89
5|3|OO_OP__B____O__	8	88
5|3|OOB_O___O__P___	6	88
5|3|O_OP__B__O_O___	7	87
5|3|PO_O___B_O__O__	7	87
5|3|OOB_O___P_O____	6	87
5|3|OO_P__B__O_O___	6	87
5|3|P_OO___B_O__O__	6	87
5|3|OOO_P__B____O__	7	86
5|3|O_O___B_OOP____	6	86
5|3|O_P___B_OOO____	6	86
5|3|O__O__O_BO__P__	6	86
5|3|P__O__O_BO__O__	6	86
5|3|O_OOP__B____O__	8	85
5|3|O__OPOB___O____	8	85
5|3|O__OP_B__O____O	8	85
5|3|O__OP_O____BO__	7	84
5|3|OOBO_____O_P___	6	84
5|3|O__OPOB____O___	7	83
5|3|O__OP_BO___O___	7	83
5|3|O__OP_B_O__O___	7	83
5|3|O__OP_B__O_O___	7	83
5|3|OO_P___B_O__O__	6	83
5|3|OO__P_B_O__O___	6	83
5|3|OO__P__OB____O_	6	83
5|3|OO__O_O_B___P__	8	82
5|3|OO__O_B_O___P__	7	82
5|3|OO__P_B_O____O_	9	81
5|3|O__OP_B_O____O_	8	81
5|3|OO__P___O___OB_	6	81
5|3|OOB_O___P__O___	6	80
5|3|O_BO___O___P__O	5	80
5|3|P_OO__B__O_O___	6	79
5|3|OO_BO__O______P	6	78
5|3|O___O_OOB_____P	6	78
5|3|P_O____BOO_O___	6	78
5|3|__O__OO_OP__B__	8	77
5|3|O_B___O_OP__O__	7	77
5|3|O__B__PO_O___O_	7	77
5|3|O_B___OO_P__O__	6	77
5|3|O__B__P_OO___O_	6	76
5|3|OB___O__OP_O___	7	75
5|3|O__B_PO__O___O_	7	75
5|3|_O_B_PO__O___O_	7	75
5|3|_O___O__OP_BO__	7	75
5|3|__O__OOO_P__B__	7	75
5|3|OBOO_____OP____	6	75
5|3|__O__O_OOP__B__	8	74
5|3|_O_B_P__OO___O_	6	74
5|3|OO_BO__P______O	6	73
5|3|O_O____BOO_P___	6	73
5|3|O__B__OO_P___O_	6	72
5|3|_O___P__OO_BO__	6	72
5|3|O_B___P_OO__O__	6	70
5|3|O__P__OB_O__O__	5	70
5|3|_O_P_O_B_O__O__	5	70
5|3|O___P___O__OOB_	5	69
5|3|_O___P_OOO_B___	7	68
5|3|O___PB_OO__O___	6	66
5|3|O_BO__P__O__O__	5	66
5|3|O___OB_OO__P___	6	65
5|3|O_B_O__O___O_P_	5	64
5|3|OO__P__BO____O_	9	63
5|3|O_B_O_O_P___O__	5	62
5|3|O___P_OOB_O____	6	59
5|3|O__OP_BO____O__	8	58
5|3|O_OP__O____B__O	7	57
5|3|O_B____O___O_OP	7	57
5|3|OO_P__O____B__O	6	57
5|3|O_B____O___OO_P	6	57
5|3|OO__O__BO____P_	9	56
5|3|OO_P___O____B_O	6	56
5|3|OO__P__OB___O__	8	55
5|3|_O___O_OBO_P___	5	55
5|3|OO__O__OB___P__	8	54
5|3|O_OOP_O____B___	8	54
5|3|OO_OP_O____B___	7	54
5|3|O__B____O__OO_P	6	54
5|3|OOO_P___O____B_	7	51
5|3|OOOB_____PO____	6	50
5|3|__O__OO_BO__P__	5	50
5|3|OOOB_____O__P__	6	49
5|3|OO_OP__O____B__	8	47
5|3|O_OOP__O____B__	8	45
5|3|O_P___B_OO_O___	5	45
5|3|O___P_OOB____O_	5	45
5|3|P_O___B_OO_O___	5	45
5|3|OOO_P__O____B__	7	44
5|3|OOOB_____P__O__	6	44
5|3|OO_B____O___P_O	5	42
5|3|_OOB_O___P___O_	5	42
5|3|OO_B____O___O_P	5	41
5|3|O_____OBOOP____	5	41
5|3|OO_B___O_P___O_	5	39
5|3|OO_B___P_O___O_	5	39
5|3|_O___O_BOO_P___	5	39
5|3|O_____OOBOP____	5	37
5|3|__O__OO_OB__P__	5	37
5|3|_O___B_OOO_P___	5	32
5|3|_O___O_OOB_P___	5	31
5|3|O_____BOOOP____	5	24
5|3|O_____OOOBP____	5	19