5|3|O___P_____P_B_P	8	212
5|3|P_B_P_____P__O_	7	172
5|3|O_P_P______P_B_	4	118
5|3|OP__P______B_P_	8	111
5|3|O__PP______B_P_	7	111
5|3|O__PP______B__P	7	111
5|3|OP__P______B__P	6	111
5|3|P_B______PP__O_	7	90
5|3|O_P_PP_______B_	5	64
5|3|O_P_P_P______B_	5	64
5|3|O___PP______B_P	7	63
5|3|O___P____PP_B__	7	62
5|3|P_B______OP__P_	5	62
5|3|O___P__B___P__P	4	59
5|3|P_P______BP__O_	4	59
5|3|P_B______P_O__P	7	56
5|3|O___P_B_____P_P	4	55
5|3|P_O_____B_P___P	4	55
5|3|O___P_P_____B_P	5	53
5|3|PP_O_______B__P	5	53
5|3|O_PB______P___P	4	53
5|3|O__PB_____P_P__	4	53
5|3|O__P_____B_P_P_	4	49
5|3|O__P______PB__P	6	47
5|3|P_B_____O_P___P	5	47
5|3|_P_P_O___P__B__	5	46
5|3|P_PO_______B__P	4	46
5|3|O___P___P_PB___	6	45
5|3|OP__B_______P_P	4	45
5|3|P_O______P_P_B_	4	43
5|3|_B_P_O___P___P_	5	41
5|3|O_P______P_PB__	6	40
5|3|B_PO______P___P	4	39
5|3|OP_______PP_B__	6	37
5|3|PO_______PP_B__	6	36
5|3|P_B______P_OP__	6	36
5|3|O__P_____P_P_B_	5	35
5|3|P__P_____O_P_B_	5	35
5|3|P_BP_______O__P	6	34
5|3|P_PO_____B__P__	4	34
5|3|O__PP____P_B___	6	33
5|3|OP__P____P_B___	5	33
5|3|O_P______P_P_B_	4	33
5|3|O__PP___P__B___	6	31
5|3|OP_P_____P__B__	5	31
5|3|OP__P___P__B___	5	31
5|3|P__B_____O_P_P_	5	31
5|3|P__B_____P_O_P_	5	31
5|3|P__P_P___O__B__	5	31
5|3|OP_P_____B_P___	4	31
5|3|OP__P_P______B_	5	30
5|3|O__PP_P______B_	4	30
5|3|O__P_____B_P__P	4	30
5|3|O_____P__PP_B__	4	28
5|3|P_B__P___P_O___	5	27
5|3|O__P__B____P__P	4	26
5|3|P_B__O___P_P___	5	25
5|3|P_PO_____P_B___	5	25
5|3|P_B__P___OP____	5	24
5|3|O__P____B__P__P	4	24
5|3|P_B____P_P_O___	5	23
5|3|BPO_P_______P__	4	22
5|3|PPB______P_O___	6	21
5|3|P__P__O__P__B__	5	20
5|3|P___PO__P__B___	5	20
5|3|_O___P___P_PB__	4	20
5|3|_PB__O___P_P___	4	20
5|3|P_PB_____P_O___	4	19
5|3|O__P_P_____B__P	5	18
5|3|P__B_____O_P__P	5	18
5|3|P_B_____POP____	4	18
5|3|P_B___P__P_O___	5	17
5|3|P_B___O__P_P___	5	16
5|3|PPO______P_B___	4	16
5|3|OPP______P_B___	4	15
5|3|P_O___P__P_B___	3	15
5|3|__O__BP__P__P__	3	15
5|3|_B___OP__P_P___	5	14
5|3|O_P___P__P_B___	3	14
5|3|O___P_P_P____B_	3	14
5|3|P__P_____O_PB__	4	13
5|3|OP__P____B__P__	4	12
5|3|OP__P_B_____P__	4	10
5|3|OP__P___B___P__	4	10
5|3|O___P_P_____BP_	4	10
5|3|P___P_O_____BP_	4	10
5|3|O____PP__PB____	3	6