5|3|O___O_____P_B_P	11	246
5|3|O_P______OP_B__	9	211
5|3|O_B_P_____P___O	10	197
5|3|O__O______P_B_P	10	193
5|3|P_B_P______O_O_	8	154
5|3|O_P_P______O_B_	5	148
5|3|O_O______PP_B__	10	120
5|3|O_P______BP__O_	6	120
5|3|O__P_____BP_O__	6	114
5|3|O__O_____BP_P__	6	112
5|3|P_P______B_O_O_	6	107
5|3|P_O______B_P_O_	6	105
5|3|P_O______B_O_P_	6	103
5|3|O_P______B_P_O_	6	101
5|3|O_P______B_O_P_	6	99
5|3|O_O______B_P_P_	6	98
5|3|O___P___B_P_O__	6	96
5|3|O_O_P_B______P_	5	96
5|3|P_O_P_B______O_	5	94
5|3|O___O_B_____P_P	6	93
5|3|O__P_____B_P_O_	6	91
5|3|O__P___B__P___O	6	90
5|3|O___P__B__P__O_	6	90
5|3|P__O_____B_O_P_	6	88
5|3|O__O_____PP_B__	10	87
5|3|O__P_____OP_B__	9	87
5|3|O__O_____B_P_P_	6	87
5|3|O_P_O_B______P_	5	87
5|3|O_P_____B_P___O	6	85
5|3|O___O__B__P__P_	6	85
5|3|O_O_____B_P___P	6	84
5|3|O_P_P_B______O_	5	84
5|3|O_P______O_P_B_	8	83
5|3|P_O______O_P_B_	9	82
5|3|O__O__B_____P_P	6	82
5|3|O_O______P_P_B_	8	81
5|3|O___OP______B_P	10	79
5|3|O___P____OP_B__	9	79
5|3|OB______P_O___P	7	79
5|3|O_P______P_OB__	7	79
5|3|P_BO_______O__P	7	79
5|3|O_P_P__B___O___	6	77
5|3|O__P__B_____O_P	6	76
5|3|O___O_P_____B_P	8	75
5|3|O___P___O_P_B__	8	75
5|3|OP__B_______P_O	5	74
5|3|P_O_____B__O__P	5	73
5|3|_B_P_O___O___P_	6	72
5|3|O_P_____B__P__O	6	71
5|3|O___P_O_____B_P	9	68
5|3|_B_P_O___O__P__	6	68
5|3|_B_P_O___P__O__	7	66
5|3|P_B______O_O_P_	6	66
5|3|O_PB_______O__P	5	66
5|3|OP_B________P_O	5	65
5|3|O_O_____B__P__P	6	64
5|3|OP_B________O_P	5	64
5|3|P_B______O_P_O_	6	63
5|3|O_P_____B__O__P	5	63
5|3|_B_P_P___O__O__	6	62
5|3|_O___P___O_P_B_	6	61
5|3|_OB__O___P__P__	5	57
5|3|P__B__O__OP____	6	56
5|3|OO_______PP_B__	9	54
5|3|OP_______OP_B__	8	54
5|3|P_OB_____P_O___	5	51
5|3|_O_B_P___O_P___	6	50
5|3|O___P_____B_PO_	5	50
5|3|P___P__B___O_O_	5	50
5|3|_OB__O___P_P___	5	50
5|3|POB______P_O___	9	48
5|3|O__P__O_____B_P	6	47
5|3|P_B____O_P_O___	6	46
5|3|P__O_____O_P_B_	6	44
5|3|_OB__P___P_O___	5	44
5|3|P_B__O___P_O___	8	43
5|3|O_OP_____B_P___	7	43
5|3|PO_O_____B__P__	7	43
5|3|OO_P_____B_P___	6	43
5|3|O__O_____P_P_B_	6	43
5|3|PO_P_____B__O__	6	43
5|3|P_OO_____B__P__	6	43
5|3|O___P__B___O_P_	5	43
5|3|O___P__B___P_O_	5	43
5|3|O_POB______P___	4	43
5|3|OO_P_____B__P__	6	42
5|3|O__O__P_____B_P	6	42
5|3|O__O___B___P__P	5	42
5|3|O__O____B__P__P	5	42
5|3|O__P__B____O__P	5	42
5|3|O__P___B___O__P	5	42
5|3|O__OP____B_P___	7	41
5|3|P_B__O___O_P___	7	41
5|3|P_OP_____B_O___	6	41
5|3|OP_OB_______P__	4	41
5|3|P_OO_____B_P___	6	40
5|3|P__B_____O_P_O_	6	40
5|3|OP__O__B______P	5	40
5|3|PO__P__B_____O_	6	39
5|3|_O___O___P_PB__	7	38
5|3|OP_B_____O__P__	5	38
5|3|O__P___B___P__O	4	38
5|3|P__B_____P_O_O_	6	37
5|3|OP__P__B______O	5	37
5|3|P_O_____OB_P___	4	37
5|3|_PB__O___O_P___	6	36
5|3|P__B__O__P__O__	6	35
5|3|__B__O__OP__P__	7	34
5|3|P__B__O__O__P__	6	34
5|3|O_P______P_O_B_	5	34
5|3|P_O______P_O_B_	5	34
5|3|_P_P_O___B__O__	4	34
5|3|O__OP__B___P___	7	33
5|3|OP__P__B__O____	5	33
5|3|O_B___P__PO____	5	33
5|3|P_B___O__P_O___	8	32
5|3|__B__OO__P__P__	6	32
5|3|P_P_____OB_O___	4	32
5|3|P__P_____O_OB__	5	31
5|3|O_P_____OB_P___	4	31
5|3|_O_P_O___B__P__	4	31
5|3|P_B___O__O_P___	7	30
5|3|O_B__P___OP____	6	30
5|3|P__B__P__O__O__	7	29
5|3|OO__P__B_____P_	5	29
5|3|P_O_____BO_P___	4	29
5|3|_O_P_B___O__P__	4	29
5|3|O__PP__B___O___	6	28
5|3|OP__P__B___O___	5	28
5|3|OP__P__B_____O_	5	28
5|3|O_B___O__P__P__	5	27
5|3|O__B__P__O___P_	5	27
5|3|P_P_____BO_O___	4	27
5|3|O____O___PPB___	7	26
5|3|P_B_____OP_O___	7	26
5|3|O_B_P_O______P_	5	26
5|3|PO__P___B___O__	5	26
5|3|P_BO_____O_P___	5	26
5|3|O_OPB_______P__	5	25
5|3|O_B_P_P______O_	5	25
5|3|OBP_O________P_	4	25
5|3|O_P_____BO_P___	4	25
5|3|O_______OPPB___	6	24
5|3|O_B_____POP____	5	24
5|3|O__PPB______O__	5	24
5|3|OO_PB_______P__	4	24
5|3|OP__O____B__P__	5	23
5|3|P___P_O_____BO_	5	23
5|3|O__P__P__O__B__	4	23
5|3|O___P_P_____BO_	5	22
5|3|OB_PO_______P__	4	22
5|3|P_B_____OO_P___	6	21
5|3|OOP_B________P_	4	21
5|3|P__P__B__O__O__	4	19
5|3|O__P__B__O__P__	4	18
5|3|P__P__O__B__O__	4	18
5|3|O___P_OB_____P_	4	16
5|3|P__O___B_O_P___	4	16
5|3|P__P___O_B_O___	4	16
5|3|P__P___B_O_O___	4	16
5|3|P___P_OB_____O_	4	16
5|3|P___P_BO_____O_	4	16
5|3|OP__P__O____B__	4	15
5|3|OP__P__B____O__	4	15
5|3|O__P__O__B__P__	4	15
5|3|O___P_BO_____P_	4	15
5|3|P__O___O_B_P___	4	15
5|3|__O__OP__P__B__	4	13
5|3|PO_B_____O__P__	5	10
5|3|PO_B_____P__O__	5	10
5|3|OPO_B________P_	4	10