5|3|O_P_OB_____H_O_	9	1006
5|3|O_O_PB_____H_O_	9	975
5|3|O__O__B___H_O_P	7	623
5|3|O_PH_____B_O_O_	9	612
5|3|O_OB_____H_O_P_	8	591
5|3|O__O___B__P_O_H	8	591
5|3|O_O______BHP_O_	9	582
5|3|O_O_OB_____H_P_	8	572
5|3|O_H______OP_OB_	11	568
5|3|P_OB_____H_O_O_	9	558
5|3|O_O_P__B___O_H_	7	517
5|3|O__O__B___P_O_H	7	517
5|3|P_O_H___B__O_O_	7	511
5|3|O_P_H___B__O__O	7	488
5|3|O_P_O__B___O_H_	9	478
5|3|O_PH_____B_O__O	8	470
5|3|O_O_OB_____P_H_	8	456
5|3|O_O______BPH_O_	9	454
5|3|O_O_O_B_____HP_	8	451
5|3|P_O_H__B___O_O_	7	449
5|3|O__O_B____P_O_H	9	444
5|3|O_O_____B_HP__O	9	440
5|3|O_O_O_B______HP	8	440
5|3|O_O_H___B__O__P	7	439
5|3|O_P_O_H_____BO_	9	438
5|3|O_O_O_B______PH	8	436
5|3|O_O_P____H_O_B_	6	423
5|3|OB_P_____HO_O__	9	419
5|3|O_O__B___P_H_O_	9	419
5|3|O_O_____B_PH__O	9	416
5|3|O_O_O_B___H__P_	7	416
5|3|P_O_H_B____O_O_	7	415
5|3|OOB______HO_P__	9	413
5|3|O_OB_____HP___O	9	408
5|3|O_O_P___B__O__H	7	400
5|3|O_O_P___H__OB__	6	388
5|3|O_O_O__B___P_H_	7	380
5|3|O_OB_____H_P__O	9	378
5|3|_O_P_O___H__OB_	9	372
5|3|O_P_HB_____O_O_	8	372
5|3|O_O_O_B_____PH_	8	371
5|3|O_P_H___B__O_O_	7	365
5|3|O_O_OB__P__H___	9	362
5|3|O_OB_____H_P_O_	6	362
5|3|OB__P___H_O_O__	9	360
5|3|O_O_O_B___P__H_	7	359
5|3|O_HP_____B_O_O_	9	356
5|3|O_PH_B_____O__O	8	356
5|3|O__O___B__HP__O	8	350
5|3|O__O__B____O_PH	8	346
5|3|O_H_____B_PO__O	8	342
5|3|O_O_P_H_____BO_	7	340
5|3|O_P______HBO_O_	6	340
5|3|O_O_P_B_____HO_	9	326
5|3|O_O_____B_PO__H	8	325
5|3|O_O_____B__HP_O	8	318
5|3|O__O_B_____HO_P	8	313
5|3|O__PH__B___O_O_	7	302
5|3|O__O_B_____PO_H	8	299
5|3|O_P__B___O_H_O_	7	299
5|3|OB______H_P_O_O	7	297
5|3|O___O__B__HP_O_	8	295
5|3|O_O__B__P__H__O	9	294
5|3|O___O__B__PH_O_	8	291
5|3|O_H_O_B____O_P_	8	289
5|3|O_H___B__PO__O_	8	288
5|3|O_O_H____P_O_B_	6	288
5|3|O_P_O_B_____HO_	9	287
5|3|O_PH___B__O___O	9	284
5|3|OO_B_____HO_P__	8	283
5|3|O_H_P___B__O__O	8	281
5|3|O___O__B__PO_H_	8	281
5|3|O_OB_____H_O__P	5	281
5|3|O_P_H_B___O__O_	7	279
5|3|OO_H_____B__P_O	9	278
5|3|OP_______HO_OB_	8	278
5|3|O___O__B__P_OH_	8	276
5|3|O_O_PB__O__H___	7	272
5|3|OO_B_____HP_O__	8	270
5|3|OO______B_P_O_H	8	267
5|3|O_O_____B__O_PH	9	266
5|3|OO_P_B_____H__O	9	262
5|3|O_OP_B_____H__O	9	262
5|3|P_BO_____H_O_O_	9	261
5|3|OB_P___H__O___O	8	260
5|3|O__O___B__PH__O	8	260
5|3|_O_O_O___B__PH_	7	259
5|3|O_OB_____HPO___	8	258
5|3|O_PH__B___O___O	7	258
5|3|O_O_____B__PO_H	8	257
5|3|OO__P__B___O_H_	9	256
5|3|OO__P__B__O__H_	9	254
5|3|O_PO_B_____H__O	9	253
5|3|O__O___B___O_PH	7	253
5|3|O_O_____B__P_OH	8	252
5|3|O_H___B__P_O_O_	8	252
5|3|OO_P_____H__OB_	11	251
5|3|OP_O_B_____H__O	9	251
5|3|O_OP__B_____H_O	9	250
5|3|O_P_HB____O__O_	7	250
5|3|OO_P__B_____H_O	8	249
5|3|O_O_____OBPH___	7	248
5|3|O_HP_____B_O__O	8	247
5|3|O_O_O_B_P___H__	9	244
5|3|P_O_H___B__OO__	8	242
5|3|_O_O_O___B__HP_	7	242
5|3|O__OP__B___O_H_	8	241
5|3|_O_O_P___H__OB_	7	240
5|3|O_OO_B___P_H___	9	239
5|3|O_O_P___H__BO__	8	239
5|3|O_P_____H_BO__O	6	238
5|3|O_H___B_P_O___O	8	237
5|3|O_O__B_____H_OP	8	236
5|3|O_O____B_P_O_H_	8	235
5|3|O_O_____B__PH_O	8	235
5|3|O_O_B___H__P__O	5	235
5|3|O_O_P_O__H___B_	7	234
5|3|P_O______H_OOB_	8	233
5|3|OO_O_____B_HP__	9	232
5|3|O_OB_____H_PO__	8	232
5|3|O_OO_____B_HP__	9	230
5|3|O_O___B____O_PH	7	230
5|3|OO__O__B__P__H_	9	228
5|3|OO__O__B_____HP	8	228
5|3|OB__P__H__O__O_	8	228
5|3|O_O_____B_H__OP	9	227
5|3|O_O_____B_HO__P	8	227
5|3|O_OO_____BPH___	9	226
5|3|O_P_H_B____O_O_	7	225
5|3|_O_P_H___O_BO__	7	224
5|3|O_O__B____O__PH	7	222
5|3|O_OPH_B______O_	8	220
5|3|O_PH___B___O__O	8	220
5|3|O_O__B_____P_OH	8	219
5|3|OO_O_____B_PH__	9	218
5|3|O_OO_____B_PH__	9	218
5|3|OO_PH_B______O_	7	217
5|3|O_O_P__H___B_O_	7	215
5|3|P__O__H__O__BO_	9	214
5|3|OB_____H__O__PO	9	213
5|3|O_OO__B__P__H__	9	213
5|3|OO_O__B__P__H__	8	213
5|3|O_OB_____P_O__H	5	213
5|3|OP__O__B__O__H_	9	212
5|3|O_O_P___BH_O___	8	212
5|3|O_O_____H__OB_P	8	212
5|3|O_OB_____O_PH__	10	211
5|3|OOB_____H_P___O	8	211
5|3|OO__O___B__PH__	8	210
5|3|O_PH_B____O___O	7	210
5|3|PO_O_____H_OB__	8	209
5|3|O_O____B___O_PH	7	209
5|3|O_O___B___H__OP	7	208
5|3|OB_____O_HP__O_	7	207
5|3|O_O_____OBHP___	7	206
5|3|O_PH__B____O__O	7	206
5|3|O_PH__B__O__O__	6	206
5|3|O_O_____B__H_OP	9	205
5|3|OO__O___B_P_H__	8	205
5|3|O_O_____B__HO_P	8	205
5|3|P_O_H___O__O_B_	5	205
5|3|O__O___B_P_O_H_	8	204
5|3|OOB______HO___P	9	203
5|3|O_H___B___O__OP	8	202
5|3|OP__O__B___O_H_	9	201
5|3|OO__O__B___P_H_	8	201
5|3|OO__O__B___H_P_	8	201
5|3|O_P______H_OOB_	8	201
5|3|_OB__O___H_P_O_	8	201
5|3|O_H_P___B__O_O_	8	200
5|3|O_H______OPO_B_	10	198
5|3|OP__O__B___H_O_	8	197
5|3|_O_O_P___H_BO__	7	197
5|3|O_OPH_B_____O__	8	196
5|3|OO_PH_B_____O__	7	196
5|3|O__O_B_P_O_H___	7	196
5|3|O_OO_____BHP___	9	195
5|3|O__P__O__H__OB_	9	195
5|3|O__OP___H__OB__	12	194
5|3|OO__P___H__OB__	11	194
5|3|OO_____B__H_O_P	9	194
5|3|O_O_P__BH__O___	8	194
5|3|OO__OB______HP_	10	193
5|3|O_P__B__O__H__O	7	193
5|3|OB_O___H__O___P	8	192
5|3|OO__O_B_____HP_	7	192
5|3|O__O___B___HO_P	7	192
5|3|BO_O_O___H__P__	6	192
5|3|_O_P_O___H_BO__	7	191
5|3|OO__OB______PH_	10	190
5|3|OO_O_____B__PH_	9	190
5|3|OO______B_H_O_P	8	190
5|3|OP__H___B_O_O__	8	190
5|3|OOB______HO__P_	9	189
5|3|O_OPHB_____O___	8	189
5|3|P_O_H_B_____OO_	8	187
5|3|O__O___B___H_OP	7	187
5|3|OO__O__B_____PH	8	186
5|3|OO__O____B__PH_	8	186
5|3|O_OB_____H_OP__	8	186
5|3|OB_____H__O__OP	7	186
5|3|O_HP__B___O___O	7	186
5|3|H__O_P_O_O_B___	7	186
5|3|OO______B_O_P_H	8	184
5|3|PO_O_____H__OB_	9	183
5|3|OO_PH__B___O___	7	183
5|3|O_OPH_B___O____	8	182
5|3|OO_PH_B___O____	7	182
5|3|OB_____PH_O___O	7	182
5|3|OB_____P_HO__O_	7	182
5|3|O_OPH__B___O___	7	182
5|3|_O_O_O___B_PH__	7	182
5|3|O__H___B_P_O_O_	8	181
5|3|_OB__H___O_P_O_	7	181
5|3|O_PH_B___O_O___	6	181
5|3|OP__O_H_____BO_	10	180
5|3|OP__O___H__OB__	9	180
5|3|O_OB_O___H_P___	7	180
5|3|O_O_H_O__P___B_	7	180
5|3|P__OH___B__O_O_	7	180
5|3|O_P_OB__O__H___	7	178
5|3|O__O__B__O__HP_	7	178
5|3|P__O_H_O_O_B___	7	178
5|3|O_P_HB__O__O___	6	178
5|3|O___O__B__H_OP_	9	177
5|3|O___O__B__HO_P_	8	177
5|3|_BO__O__PH__O__	8	177
5|3|OO_PH__B_____O_	7	177
5|3|OB____O_PHO____	7	177
5|3|OP_O__B_____H_O	10	176
5|3|O_PO__B_____H_O	9	176
5|3|O_OP_____H_BO__	8	176
5|3|O_O_P_O_H___B__	7	176
5|3|O_H_____BO_P_O_	7	176
5|3|OOB_____H_O___P	8	175
5|3|_O_O_O___B_HP__	7	175
5|3|OO__P_H_____BO_	10	174
5|3|O__OP_H_____BO_	9	174
5|3|OO_P_____H_BO__	7	174
5|3|OO_H___B_P_O___	8	173
5|3|P_BO__H__O___O_	8	173
5|3|OO_H___B_PO____	8	172
5|3|O_OH___B_P_O___	8	172
5|3|O_B_P_O_H_O____	8	172
5|3|O_H_P_B___O__O_	7	172
5|3|O_P_H___O__O_B_	5	172
5|3|OB__O__H__O__P_	8	171
5|3|O_O_P_B_O___H__	7	170
5|3|O___O_BO_____HP	7	170
5|3|OO__O__B__H__P_	9	169
5|3|OO__O____B__HP_	8	169
5|3|O__O____B__O_PH	8	169
5|3|O__P_H___O__BO_	8	169
5|3|P_OO_____H_OB__	7	169
5|3|O_OB__H_____P_O	6	169
5|3|OO_O_____B__HP_	9	168
5|3|OO__H___B___O_P	7	168
5|3|P_O_H_O____B_O_	5	168
5|3|OO__PH______BO_	11	167
5|3|O__OPH______BO_	10	167
5|3|O_O_H___BP_O___	8	167
5|3|O_O_P_OB_____H_	6	167
5|3|O_O_____BOPH___	7	166
5|3|O__O__H__P__BO_	7	166
5|3|O__P__H__O__BO_	7	166
5|3|O_H___B_P__O__O	8	165
5|3|OO_PH__B__O____	7	165
5|3|O_O_____PH_OB__	7	165
5|3|OBO______HP__O_	6	165
5|3|OO__P__B_____HO	9	164
5|3|OP_O_____H__OB_	9	164
5|3|OO__P___B___O_H	7	164
5|3|O_OB__P__H__O__	6	164
5|3|_OB__O___P_O_H_	9	163
5|3|O__O___B___PO_H	8	163
5|3|O__O___B___P_OH	7	163
5|3|O_H___B____O_OP	8	162
5|3|OO__O___B___H_P	7	162
5|3|O__O_BO__P___H_	7	162
5|3|_OB__O__PH_O___	7	162
5|3|BO_OPO_______H_	6	162
5|3|OO__O___B__HP__	8	161
5|3|O_BO__H_____P_O	8	161
5|3|O_B___O_PHO____	7	160
5|3|O__O___B_OPH___	7	160
5|3|P_O_H___BO_O___	7	160
5|3|_O_H_O_O_P__B__	7	160
5|3|O__OB__H___P__O	6	160
5|3|O_OB__H__O__P__	6	159
5|3|P_O__O___H_OB__	8	158
5|3|O_OP_B___O_H___	7	157
5|3|O__H___B___O_OP	8	156
5|3|OO_PH___B___O__	8	155
5|3|OP_H___B__O___O	8	155
5|3|O__O____B__PO_H	7	155
5|3|O___O_B___H_OP_	7	155
5|3|_O_O_OB__P__H__	7	155
5|3|O_OB__O__HP____	6	155
5|3|P_O_H_O_B___O__	6	155
5|3|O_OPH_B_______O	8	154
5|3|OO_PH_B_______O	7	154
5|3|O__O__O__B__HP_	7	154
5|3|O__O___B___O_HP	7	154
5|3|O_O___B__O__PH_	6	154
5|3|OO__O_B_____PH_	7	153
5|3|OO__O___B___P_H	7	153
5|3|O_O___B___P__OH	7	153
5|3|O__H___B___OO_P	7	153
5|3|OB___O__PHO____	9	152
5|3|O__O____B__P_OH	7	152
5|3|O__P__O__H__BO_	7	152
5|3|O__H_BO__P___O_	7	152
5|3|O_OB__O__H___P_	6	152
5|3|_O_B_H_O_O_P___	8	151
5|3|OO_PH__B______O	7	151
5|3|P_O_HO__B__O___	7	151
5|3|HP_O__B__O__O__	7	151
5|3|_O_O_O___P_BH__	9	150
5|3|O_O__B__PO_H___	7	150
5|3|O_HP__B____O__O	7	150
5|3|O__O___O_BPH___	7	150
5|3|OB_O___H__P___O	6	150
5|3|O_P_H___B__OO__	8	149
5|3|O_OP__B__O__H__	7	149
5|3|O___O_B___P_OH_	7	149
5|3|HO_P__B__O__O__	6	149
5|3|H_OP__B__O__O__	6	149
5|3|O_OPH___B__O___	8	148
5|3|O_O_____BOHP___	7	147
5|3|OP__O____H__OB_	10	146
5|3|O__O__O__B__PH_	7	146
5|3|O___O_OB_____HP	7	146
5|3|OB_______HP_OO_	7	145
5|3|O_O____B___O_HP	7	145
5|3|_O_B_O_O_H___P_	7	145
5|3|O_____B_O_H_O_P	6	145
5|3|OB_____OPHO____	8	144
5|3|O_O_____B__OP_H	8	144
5|3|OO__P__H_____BO	7	144
5|3|O_O_____BO_PH__	7	144
5|3|O__O_B_O_P_H___	7	143
5|3|OPO_H___B__O___	7	142
5|3|O______OB_PO__H	6	142
5|3|OB_O_____HP_O__	6	141
5|3|O_OB__O__H__P__	6	141
5|3|OOB______HOP___	8	140
5|3|OB_____HP_O___O	7	140
5|3|OB_____H_PO__O_	7	140
5|3|O_OB_P___H_O___	7	140
5|3|O_H_P_B____O_O_	7	140
5|3|O__HP__B___O_O_	7	140
5|3|OO_P__B__O__H__	6	140
5|3|OO__O___B_H_P__	8	139
5|3|O_H__P___O_O_B_	9	137
5|3|OB___O___HP_O__	8	137
5|3|_O_B_O___O_PH__	8	137
5|3|O_O_____BO_HP__	7	136
5|3|OO__P____H__OB_	6	136
5|3|OB_PO__H__O____	7	135
5|3|O_OB____PH_O___	7	135
5|3|O_O____B___H_OP	7	135
5|3|O_H___B_POO____	7	135
5|3|O___P___B__OO_H	7	135
5|3|O_OB___O_H_P___	7	134
5|3|O_O_____OB_HP__	7	134
5|3|O__OP__H___B__O	7	134
5|3|OB__O___H_P_O__	6	134
5|3|O_O__B___O_P_H_	6	134
5|3|O__O_B___O_HP__	6	134
5|3|O___P__H__BO_O_	6	133
5|3|O_____O_B_P_O_H	6	132
5|3|OP_O____B___H_O	8	131
5|3|O_O_____OB_PH__	7	131
5|3|O_O__B__O__P__H	6	131
5|3|O_____B_O_P_O_H	6	131
5|3|O_O_____HP_OB__	7	130
5|3|POO_H___B__O___	7	130
5|3|OB__O__H__P__O_	6	130
5|3|H_P___B__O_O_O_	6	130
5|3|O_P_O_OB_____H_	8	129
5|3|_O_B_HO__O_P___	8	129
5|3|O_P_O_O_B___H__	7	129
5|3|O__O__B__O__PH_	7	129
5|3|_O_B_H__OO_P___	7	129
5|3|OO__O__P_B___H_	9	128
5|3|_O_H_O_B_P_O___	7	128
5|3|OB_O___O_HP____	6	128
5|3|O__O_B___O_PH__	6	128
5|3|OB___O__H_P___O	8	127
5|3|P_O_HO_B_____O_	8	127
5|3|P_O_H_OB_____O_	8	127
5|3|P_O_H__B____OO_	8	127
5|3|P__O_H___O_BO__	6	127
5|3|OO_HP__B______O	7	126
5|3|OO_H___B____O_P	7	126
5|3|O_OB__O__H_P___	7	126
5|3|PO_H__B__O__O__	7	126
5|3|O__PH_OB_____O_	6	126
5|3|P_OH__B__O__O__	6	126
5|3|HP_O___B_O_O___	6	126
5|3|O__OPB_____HO__	9	125
5|3|P_OOH___B__O___	7	125
5|3|P_O_HOB______O_	7	125
5|3|O_PH__B__OO____	6	125
5|3|O_P_H_B_O_O____	6	125
5|3|OP__O__B_____HO	9	124
5|3|_OH__P___O_O_B_	8	124
5|3|O_OBH____P_O___	7	124
5|3|O__O__B__OP_H__	6	124
5|3|O__P_____H_OBO_	6	124
5|3|O_O_B____O_P_H_	4	124
5|3|O__O____B__H_OP	8	123
5|3|O__O____B__HO_P	7	123
5|3|P_O_H__OB__O___	7	123
5|3|P_O_H__BO__O___	6	123
5|3|O_OOPB_____H___	9	122
5|3|P_O__H__OO_B___	7	122
5|3|OBO_____H_P___O	6	122
5|3|O_O_P_O_B_____H	6	122
5|3|P_O_H_B_O___O__	6	122
5|3|H____P_O_O_B_O_	6	122
5|3|O_OB____O__P__H	4	122
5|3|OO_O___B___P__H	8	121
5|3|O_OO__B_____P_H	8	121
5|3|O__OP____H_BO__	8	121
5|3|OO_O__B_____P_H	7	121
5|3|O_O____B___P_OH	7	121
5|3|O_POH___B__O___	7	121
5|3|O__O__P__H__BO_	7	121
5|3|_O_B_O_O_H_P___	7	121
5|3|O_H___B__O_O_P_	6	121
5|3|OPO_O___B___H__	9	120
5|3|_O___P_O_O_HB__	9	120
5|3|_OB__HO__O_P___	8	120
5|3|OB______OHP_O__	7	120
5|3|O_OO___B___P__H	7	120
5|3|O_OB___H_O_P___	7	120
5|3|O___O_BO_____PH	7	120
5|3|_OB__H__OO_P___	7	120
5|3|_O_B_P_O_H_O___	7	120
5|3|OO_B___O_HP____	6	120
5|3|O_HP__B__O__O__	6	120
5|3|OO__OP__B___H__	9	119
5|3|OB___O___PO_H__	9	119
5|3|OO_H___B_P___O_	8	119
5|3|O_OOP_B_____H__	8	119
5|3|O__O__P__H__OB_	7	119
5|3|O__O___B_OHP___	7	119
5|3|P__O__O__H__OB_	7	119
5|3|O_OB__H__P__O__	6	119
5|3|OOB_____H__O__P	8	118
5|3|OO_OP__B_____H_	8	118
5|3|OO_O___B_P___H_	8	118
5|3|OO_O____B___P_H	8	118
5|3|OO_PO_B_____H__	8	118
5|3|O_OO_B_____P__H	8	118
5|3|OOO_P__B_____H_	7	118
5|3|O_OBP____H_O___	7	118
5|3|_BO__H__PO__O__	7	118
5|3|O_O__B__O__H__P	6	118
5|3|O_O__B___O_H_P_	6	118
5|3|O_O___B__O__HP_	6	118
5|3|OO__P_B_____HO_	9	117
5|3|POO______H_OB__	9	117
5|3|O__OP_B_____HO_	8	117
5|3|PO_OH___B___O__	7	117
5|3|O_OB____OH_P___	6	117
5|3|P_H___B__O_O_O_	6	117
5|3|P__O__B__OH_O__	6	117
5|3|_OOB_P___H__O__	6	117
5|3|P_O_H__B_O___O_	8	116
5|3|OO_P_____H__BO_	7	116
5|3|OO__H____P__OB_	6	116
5|3|O___O_OB_____PH	7	115
5|3|O_PO___B___H__O	9	114
5|3|OP_O___B___H__O	8	114
5|3|OO_OP_B_____H__	7	114
5|3|P_O_H_B__O___O_	7	114
5|3|P__O__H__O__OB_	7	114
5|3|_BO__H__OO__P__	7	114
5|3|O_BO__H_____O_P	6	114
5|3|O______B_OHP_O_	6	114
5|3|HP_O___B_O___O_	6	114
5|3|HP_O____BO__O__	6	114
5|3|O__OB____O_HP__	4	114
5|3|OPO_O____B___H_	9	113
5|3|OB_____OH_P___O	7	113
5|3|O__O___O_BHP___	7	113
5|3|OB_O___P_HO____	6	113
5|3|OB__O__PH_O____	6	113
5|3|O__PH_OB______O	6	113
5|3|O__OB____O_PH__	4	113
5|3|O_O__B__OP_H___	7	112
5|3|POO_H___B___O__	7	112
5|3|_O_O_O_B_P___H_	7	111
5|3|O___P__O_H_O_B_	6	111
5|3|O__B__O__OP_H__	8	110
5|3|O__P_____H_OOB_	8	110
5|3|O_O___B_PO__H__	7	110
5|3|O_P_H___BO_O___	7	109
5|3|P_OO_H___O_B___	7	109
5|3|O_HP__B__O___O_	6	109
5|3|_OB__O_O_P___H_	6	109
5|3|OO_O___B___H__P	8	108
5|3|OO_O____B___H_P	8	108
5|3|OB______OPO_H__	8	108
5|3|O_OO_B_____H__P	8	108
5|3|O_OO__B_____H_P	8	108
5|3|OOB_P___H_O____	7	108
5|3|OO_O__B_____H_P	7	108
5|3|O__H__OB_PO____	7	108
5|3|O__O__B__OH_P__	6	108
5|3|O__HP_OB______O	6	108
5|3|O__H__OB____O_P	6	108
5|3|P_O__H___O_B_O_	6	108
5|3|O_OB__P__O__H__	8	107
5|3|OO_HP__B___O___	7	107
5|3|O_OO___B___H__P	7	107
5|3|_OB__O__HP_O___	7	107
5|3|O_O_H_O_B_____P	6	107
5|3|O_BO_____H_O_P_	6	107
5|3|O_B___H__O_P_O_	6	107
5|3|O_P_H_B_O___O__	6	107
5|3|O___OB__O__PH__	6	107
5|3|O______B_OPH_O_	6	107
5|3|P_O____B_O_H_O_	6	107
5|3|OO__O__B_P___H_	10	106
5|3|OOP_O__B_____H_	9	106
5|3|OO_PO__B_____H_	8	106
5|3|P_O___O__H_OB__	8	106
5|3|OO_O___B_____PH	7	106
5|3|OO_HP__B__O____	7	106
5|3|O_OO__B___P___H	7	106
5|3|O_OHP__B___O___	7	106
5|3|O_B___O_HPO____	7	106
5|3|O_______B_POO_H	7	106
5|3|OBO______H_O_P_	6	106
5|3|O__B__O__H__O_P	6	106
5|3|O___O_BO__P__H_	6	106
5|3|P_O______H_OBO_	6	106
5|3|OPO_O_B_____H__	10	105
5|3|OO_PO___B___H__	9	105
5|3|_OOB_P___O__H__	8	105
5|3|OP_H___B___O__O	7	105
5|3|O__O__OB_P___H_	7	105
5|3|OO_OBH______P__	6	105
5|3|OO_OB____H__P__	6	105
5|3|O_PH__B__O___O_	6	105
5|3|O___P__OB__O__H	6	105
5|3|P____H_O_O_B_O_	6	105
5|3|O_POB____O_H___	5	105
5|3|OOP_O___B___H__	8	104
5|3|OP_OB____O__H__	5	104
5|3|PO_OH__B___O___	8	103
5|3|O_OB_H___P_O___	7	103
5|3|O_BO_H___O___P_	7	103
5|3|O_B___H_OOP____	7	103
5|3|O_P_HO__B__O___	7	103
5|3|O__B__OO_HP____	7	103
5|3|POO_H_B______O_	7	103
5|3|P_OOH__B___O___	7	103
5|3|_OBO_O___H_P___	7	103
5|3|O__P___B_O_O_H_	6	103
5|3|_OB__P_O_H_O___	9	102
5|3|O_H___B_PO__O__	7	102
5|3|O__H__OB_P___O_	7	102
5|3|O___H___B__OO_P	7	102
5|3|P_OOH_B______O_	7	102
5|3|_O_H_O_B_P___O_	7	102
5|3|_BO__H__OO_P___	7	102
5|3|O_BO__H__P___O_	6	102
5|3|O__H__O__P__BO_	9	101
5|3|POO_H__B_____O_	9	101
5|3|PO_OH__B_____O_	8	101
5|3|O__O__P_BO__H__	7	101
5|3|P_OOH__B_____O_	7	101
5|3|_BO__H__OP__O__	7	101
5|3|OP_H_____B__O_O	8	100
5|3|PO_O____BO__H__	7	100
5|3|O__OB_H__O__P__	6	100
5|3|_OOB_O___H_P___	6	100
5|3|_OOB_O___H__P__	6	100
5|3|OBO_P_O______H_	5	100
5|3|OOP_O____B___H_	9	99
5|3|OO__P__O_H___B_	7	99
5|3|O___OB_PO__H___	7	99
5|3|_OB__H_O_P_O___	7	99
5|3|_BO__O__OH__P__	7	99
5|3|O_O___B_O_P___H	6	99
5|3|O_O___B__OP__H_	6	99
5|3|HP_____B_O_O_O_	6	99
5|3|O_B__O_O_HP____	9	98
5|3|O__OP_BH__O____	8	98
5|3|O___P_OO_H___B_	7	98
5|3|O_BO__O__H___P_	6	98
5|3|O__O___B_O_H_P_	6	98
5|3|O______B_OPO_H_	6	98
5|3|P__O___H_O_O_B_	6	98
5|3|BOO_PO_______H_	5	98
5|3|OOB_P___H__O___	7	97
5|3|H_OO_P___O_B___	7	97
5|3|_OB__O___H_PO__	7	97
5|3|OOB______H_P_O_	6	97
5|3|P_O_H_O_B____O_	5	97
5|3|O_OB____O__H__P	4	97
5|3|O_O_B____O_H_P_	4	97
5|3|OO__O__B____HP_	9	96
5|3|OP__O____B__OH_	9	96
5|3|OO_HP__B_____O_	7	96
5|3|OO_H___B_P__O__	7	96
5|3|O_PH___B_O_O___	7	96
5|3|PO_OH_B_____O__	7	96
5|3|PO_O___B_O_H___	7	96
5|3|P_O_H_BO_____O_	7	96
5|3|_OB__O_O_H_P___	7	96
5|3|_O_B_P_O_O__H__	7	96
5|3|OOB_____H__P__O	6	96
5|3|O_P_H_O_B_____O	6	96
5|3|_OBO_O___H___P_	6	96
5|3|OBO_O___H_P____	5	96
5|3|O__OPH_____BO__	8	95
5|3|OO__H__O_P___B_	7	95
5|3|O_OPH_B____O___	7	95
5|3|H_O__P__OO_B___	7	95
5|3|OO_PH_B____O___	6	95
5|3|O_P______H_BOO_	6	95
5|3|O__PH_OB__O____	6	95
5|3|O___OB__O__HP__	6	95
5|3|_OOB_H___P__O__	6	95
5|3|_HP__O__OB__O__	5	95
5|3|O___H_OO_P___B_	7	94
5|3|P_OOH_B_____O__	7	94
5|3|P_O___H_OO__B__	7	94
5|3|OBO_OH_______P_	6	94
5|3|O_OOB___H__P___	6	94
5|3|O_OOB____H_P___	6	94
5|3|O___O_BO__H__P_	6	94
5|3|PO_H___B_O_O___	6	94
5|3|_OBH_O___P_O___	9	93
5|3|OO_O___B_____HP	7	93
5|3|O_OO__B___H___P	7	93
5|3|O__O__H__P__OB_	7	93
5|3|OO_PH__B____O__	6	93
5|3|O_BO__H__O__P__	6	93
5|3|O_B_O_O_H_P____	6	93
5|3|O_____O_B_H_O_P	6	93
5|3|H_OP__B__O___O_	6	93
5|3|O__O__OB_____PH	6	92
5|3|O__O__BO__P___H	6	92
5|3|O__O____BO_PH__	6	92
5|3|O___O_O_B___H_P	6	92
5|3|O______OBOPH___	5	92
5|3|_O___B_O_O_P_H_	5	92
5|3|O__OP__H___B_O_	7	91
5|3|O_O____BO__P__H	6	91
5|3|O_O____B_O_P_H_	6	91
5|3|H_P_____BO_O_O_	6	91
5|3|_OOB_H___O__P__	6	91
5|3|OO_PO__B___H___	9	90
5|3|OPOB_____H_O___	8	90
5|3|OPO_H___B_O____	7	90
5|3|O_PO_B___O_H___	7	90
5|3|O__OPB_O___H___	7	90
5|3|O__B__PO_HO____	7	90
5|3|P_O_____OH_OB__	7	90
5|3|_O_B_H_O_P_O___	7	90
5|3|O_OB__P__HO____	6	90
5|3|O_BO__H__O___P_	6	90
5|3|O__O____BO_HP__	6	90
5|3|OO__O__B____PH_	9	89
5|3|OPO_O__B_____H_	8	89
5|3|OP_OH___B___O__	7	89
5|3|_BO__P__OH__O__	7	89
5|3|OO__P__H___B_O_	6	89
5|3|O_BO__H__OP____	6	89
5|3|O_B_O_O_H_____P	6	89
5|3|O_P_H_O_B___O__	6	89
5|3|O_H___B_O__O__P	6	89
5|3|O__O___B_O_P_H_	6	89
5|3|O__H___B_O_O_P_	6	89
5|3|O___P_O_B___O_H	6	89
5|3|O___H_O_B___O_P	6	89
5|3|O___H__OB__O__P	6	89
5|3|O______OB_HO__P	6	89
5|3|P_O___B__OH__O_	6	89
5|3|O_OB__O__P____H	5	89
5|3|O_O_B_P__O___H_	5	89
5|3|OO__O_P_B___H__	9	88
5|3|OO__O_B_P___H__	8	88
5|3|OPO_H___B___O__	7	88
5|3|O___O_B___H_PO_	7	88
5|3|O_O___B_O___P_H	6	88
5|3|O_P_H_B_O_____O	6	88
5|3|P_OO___B_O_H___	6	88
5|3|H__P___B_O_O_O_	6	88
5|3|_O___O__OB_PH__	5	88
5|3|P_OH___B_O_O___	6	87
5|3|O______B__POO_H	9	86
5|3|O______B__PO_OH	8	86
5|3|O______B__P_OOH	7	86
5|3|P_B___H_OO__O__	7	86
5|3|_O___O_OPH_B___	7	86
5|3|_BO__O__OP__H__	7	86
5|3|OOB_____PHO____	6	86
5|3|OBO_O_H______P_	6	86
5|3|OB_O___H_PO____	6	86
5|3|OB__O__HP_O____	6	86
5|3|O_O_B___HO_P___	6	86
5|3|O_O___B_O_H___P	6	86
5|3|O_O___B__OH__P_	6	86
5|3|O_O____BO__H__P	6	86
5|3|O_O____B_O_H_P_	6	86
5|3|O_HP__B__OO____	6	86
5|3|O_H_P_B_O_O____	6	86
5|3|PH_____B_O_O_O_	6	86
5|3|P_H_____BO_O_O_	6	86
5|3|_O___OO_PH_B___	6	86
5|3|_O_B_P_O_H___O_	5	86
5|3|OOP_H___B__O___	7	85
5|3|O_B___P__O_H_O_	6	85
5|3|O_B___H_O__P__O	6	85
5|3|O__B__O__P__O_H	6	85
5|3|O__B___O_H_O__P	6	85
5|3|O___P_O__H__OB_	6	85
5|3|O___H_O__P__OB_	6	85
5|3|H_O__P___O_B_O_	6	85
5|3|H__O_P___O_BO__	6	85
5|3|PO_O__H__O__B__	8	84
5|3|O__O____B__OP_H	7	84
5|3|P_OO__H__O__B__	7	84
5|3|O_OPB____O__H__	6	84
5|3|O_P_H_O_B_O____	6	84
5|3|__O__OO_PH__B__	6	84
5|3|OP_O__B__O__H__	8	83
5|3|O_PO__B__O__H__	7	83
5|3|P_O_H_O_B__O___	7	83
5|3|O_B___O_H___O_P	6	83
5|3|O_B___P_O__H__O	6	83
5|3|O__B___O_P_O__H	6	83
5|3|O__B___H_O_P_O_	6	83
5|3|O___OB_O___H_P_	6	83
5|3|O___H__O_P_O_B_	6	83
5|3|P_O___H__O__BO_	6	83
5|3|OO_OB__H__P____	5	83
5|3|OBO_O___H_____P	5	83
5|3|O__P_B_O_O_H___	5	83
5|3|O_____BO_OP__H_	5	83
5|3|P__O__BO_OH____	5	83
5|3|_HP__O__BO__O__	5	83
5|3|O__O__O__P__BH_	9	82
5|3|O_____B___P_OOH	7	82
5|3|O__O__OB_____HP	6	82
5|3|O__O__BO__H___P	6	82
5|3|O__HP_OB_____O_	6	82
5|3|O__H__OB_P__O__	6	82
5|3|O___OB_O___P_H_	6	82
5|3|O___O_O_B___P_H	6	82
5|3|PH_O___B_O_O___	6	82
5|3|_O_H_O_B_P__O__	6	82
5|3|OBO_O___H___P__	5	82
5|3|O_OB__O__H____P	5	82
5|3|O_B___OO_HP____	9	81
5|3|O_B___O_OHP____	8	81
5|3|O_P_H__OB__O___	7	81
5|3|O_____O_OBP_H__	5	81
5|3|_O___B_O_O_H_P_	5	81
5|3|OP_O____BO__H__	7	80
5|3|O_____B___H_OOP	7	80
5|3|_O_B_O_P_H_O___	7	80
5|3|O_O___B_O___H_P	6	80
5|3|P__H___B_O_O_O_	6	80
5|3|OP_OB__H______O	5	80
5|3|O_OOB_H______P_	5	80
5|3|OO__PO_B_____H_	8	79
5|3|OO__P_OB_____H_	8	79
5|3|OO__P__B____OH_	8	79
5|3|O__OP_OB_____H_	7	79
5|3|OOB_____PH_O___	6	79
5|3|OP__H__OB_O____	6	79
5|3|O_H_P_B_O_____O	6	79
5|3|OB___O__OHP____	8	78
5|3|O_H__B__PO__O__	8	78
5|3|OOO_P____H___B_	7	78
5|3|O_OB___P_H_O___	7	78
5|3|O_H__BP__O__O__	7	78
5|3|H_OP___B_O_O___	7	78
5|3|OBO_____H__O__P	6	78
5|3|PH_O___B_O___O_	6	78
5|3|P__O_____H_OOB_	6	78
5|3|HO_P___B_O_O___	6	78
5|3|H_PO__B__O__O__	6	78
5|3|_OOB_P___H_O___	6	78
5|3|_BH__O__OP__O__	9	77
5|3|O_O__B__PO__H__	8	77
5|3|O__OPO_H___B___	8	77
5|3|OB_OP__H__O____	7	77
5|3|OP_H___B____O_O	7	77
5|3|OP__H___B___O_O	7	77
5|3|O_O__BP__O__H__	7	77
5|3|O_H___B_OPO____	7	77
5|3|O_H___B_PO_O___	6	77
5|3|O__OB__H_O_P___	6	77
5|3|O_____BO__H__OP	6	77
5|3|O_____B__OH_OP_	6	77
5|3|O__OP___H__BO__	8	76
5|3|OO__P___H__BO__	7	76
5|3|OO_OB_H_____P__	6	76
5|3|OO_OB___H___P__	6	76
5|3|OO_B___H_OP____	6	76
5|3|OP_B___H_O___O_	6	76
5|3|O_B_P_O_H___O__	6	76
5|3|O_H_P_B_O___O__	6	76
5|3|PO_H___B_O___O_	6	76
5|3|P_BO__H__O__O__	6	76
5|3|OBO_O___H__P___	5	76
5|3|O_OOB_H_____P__	5	76
5|3|O__PH__O___OB__	5	76
5|3|O_____BO_OH__P_	5	76
5|3|P_____BO_OH__O_	5	76
5|3|_O_P_OB__O__H__	5	76
5|3|OO_B___P_HO____	6	75
5|3|O_BO__P__H___O_	6	75
5|3|O__PHB_O___O___	6	75
5|3|P_O_H_B_O__O___	5	75
5|3|O__H__O_OP__B__	8	74
5|3|O_O___B_OP__H__	7	74
5|3|O__H__OO_P__B__	7	74
5|3|O_OOBH_____P___	6	74
5|3|O_OOB__H___P___	6	74
5|3|OO__P___BH__O__	8	73
5|3|O_______B_HOO_P	7	73
5|3|OBO_O__H_____P_	6	73
5|3|OBO_O____H___P_	6	73
5|3|O_____BO__P__OH	6	73
5|3|O_____B__OP_OH_	6	73
5|3|O_POB_H_______O	5	73
5|3|O_P_H_O____B_O_	5	73
5|3|O_B__OO__HP____	9	72
5|3|OO__O___B___PH_	8	72
5|3|OO__P__B_O___H_	8	72
5|3|O_B__O__OHP____	8	72
5|3|O_H__O__OP_B___	8	72
5|3|_OB__OO__H_P___	8	72
5|3|OOB__O___H_P___	7	72
5|3|OP__O__O_B___H_	7	72
5|3|O_H___B_OP__O__	7	72
5|3|O__B__OO_H___P_	7	72
5|3|_OB__O__OH_P___	7	72
5|3|O__O_B_O___P__H	6	72
5|3|O__O__O_B___P_H	6	72
5|3|O__P_____HBOO__	6	72
5|3|OO_OB__H___P___	5	72
5|3|BO_O_O______P_H	4	72
5|3|OBH__O___PO____	9	71
5|3|O_B___H_OO__P__	7	71
5|3|OO_P____H___B_O	6	71
5|3|OOOB_____H_P___	5	71
5|3|_PH__O__BO__O__	5	71
5|3|O______B__H_OOP	9	70
5|3|P__OH___B__OO__	9	70
5|3|_OB__PO__H_O___	9	70
5|3|O______B__HO_OP	8	70
5|3|PO__H___B__OO__	8	70
5|3|_OB__P__OH_O___	8	70
5|3|O______B__HOO_P	7	70
5|3|PO__HO__B___O__	7	70
5|3|O__O_B_O___H__P	6	70
5|3|O__O__O_B___H_P	6	70
5|3|OO_PB____O__H__	5	70
5|3|O_OOB_H___P____	5	70
5|3|O_BO__H____P__O	5	70
5|3|O______OBOHP___	5	70
5|3|_O___OBO_P___H_	5	70
5|3|O_PO___B_O_H___	8	69
5|3|OPO_H___B_____O	7	69
5|3|OP_O___B_O_H___	7	69
5|3|O_B____O_P_O_H_	6	69
5|3|O_H___O_P__B__O	6	69
5|3|O_H___O__P_B_O_	6	69
5|3|O__B_____H_OO_P	6	69
5|3|O__H___O_P_OB__	6	69
5|3|OBO_P___H__O___	5	69
5|3|O_PH__B__O_O___	5	69
5|3|O_P_H_B_O__O___	5	69
5|3|O__PH_OB____O__	5	69
5|3|HP_O___B_O__O__	5	69
5|3|OB__OO__H_P____	7	68
5|3|OO_PH__O____B__	6	68
5|3|O_____O_OBH_P__	5	68
5|3|O______OOBPH___	5	68
5|3|_O___O__OB_HP__	5	68
5|3|_OB__HO__P_O___	9	67
5|3|OO__O___B___HP_	8	67
5|3|OBH_____OPO____	8	67
5|3|O_BO__O__P___H_	8	67
5|3|P_O_H__BO____O_	8	67
5|3|_OB__H__OP_O___	8	67
5|3|OOO_P___B_____H	7	67
5|3|OB_____OOHP____	7	67
5|3|O_B____OOHP____	7	67
5|3|__O__OP_OB__H__	6	67
5|3|O____BOP_O___H_	5	67
5|3|_O_B_H_O_P___O_	5	67
5|3|O__O__P__O__HB_	9	66
5|3|OO__H___BP__O__	8	66
5|3|_B___H_OOO_P___	8	66
5|3|OO_H___O_P__B__	7	66
5|3|OBO__O___HP____	7	66
5|3|O_OPH_O____B___	7	66
5|3|OOB_____HPO____	6	66
5|3|OO_PH_O____B___	6	66
5|3|O__HP_OB__O____	6	66
5|3|O_B_O_H____P_O_	5	66
5|3|_PH__O__OB__O__	5	66
5|3|P_O_H_B_O____O_	7	65
5|3|HO_P___B_O___O_	6	65
5|3|_OB__O__PH__O__	5	65
5|3|O___OB_OP__H___	7	64
5|3|OP_B____O___H_O	6	64
5|3|O_B_P__O___O_H_	6	64
5|3|O__H___O___OB_P	6	64
5|3|O______B_OHO_P_	6	64
5|3|OO_OB__H_____P_	5	64
5|3|O_OOB_H_______P	5	64
5|3|O____BO_PO__H__	5	64
5|3|OP__OO_B_____H_	8	63
5|3|OP__O_OB_____H_	8	63
5|3|OP__O__B____OH_	8	63
5|3|OP__O__BO__H___	7	63
5|3|O__PH_O_B___O__	7	63
5|3|OO_B___O_H_P___	6	63
5|3|OB__O__OH_P____	6	63
5|3|OB_O___H___O__P	5	63
5|3|O_B___O_PH__O__	5	63
5|3|O__B__HP_O___O_	5	63
5|3|_O_B_H_P_O___O_	5	63
5|3|_O___O__BO_PH__	5	63
5|3|_O___B__OO_PH__	5	63
5|3|OOO_H___B_____P	7	62
5|3|OOO_H____P___B_	7	62
5|3|OO_H___O____B_P	7	62
5|3|P__OH__OB__O___	7	62
5|3|OO_P___B_O___H_	6	62
5|3|OO__P__OB_____H	6	62
5|3|O_B_O_O_H___P__	6	62
5|3|O_B___P_OO_H___	6	62
5|3|O__B__OO_P____H	6	62
5|3|PO__H__OB__O___	6	62
5|3|P_OO__B__OH____	6	62
5|3|H____P__OO_BO__	6	62
5|3|O_B____O___O_PH	5	62
5|3|O_PH__O____B__O	5	62
5|3|O_BH__O__P___O_	8	61
5|3|H____P_OOO_B___	7	61
5|3|OBO_____OHP____	6	61
5|3|_O___O_POB_H___	6	61
5|3|OO_OB__H______P	5	61
5|3|BO_O_O______H_P	4	61
5|3|OP__O__B_O___H_	8	60
5|3|__O__OB_PO__H__	6	60
5|3|_OB__PO__O_H___	10	59
5|3|_OB__P__OO_H___	9	59
5|3|PO__H_BO_____O_	7	59
5|3|OOB_____HP_O___	6	59
5|3|OO_HP__B____O__	6	59
5|3|OO_H___B_O___P_	6	59
5|3|OO_H____P___B_O	6	59
5|3|OO__H__OB_____P	6	59
5|3|O__B__OO_H____P	6	59
5|3|O__B_____P_OO_H	6	59
5|3|P_OH__B__O___O_	6	59
5|3|P__OH_BO_____O_	6	59
5|3|_OOB_O___H___P_	6	59
5|3|O_P_H_O_B____O_	5	59
5|3|_HP__B__OO__O__	5	59
5|3|O_OB__P__H_O___	7	58
5|3|O_B___H_OO_P___	6	58
5|3|P____H__OO_BO__	6	58
5|3|P_____B__OH_OO_	6	58
5|3|OO_B___H_O_P___	6	57
5|3|O___P___H_BOO__	6	57
5|3|_OOB_H___P_O___	6	57
5|3|_O_B_O_P_H___O_	5	57
5|3|O__OP_B__O__H__	7	56
5|3|O__PH__OB__O___	7	56
5|3|P____H_OOO_B___	7	56
5|3|OP_H___B_OO____	6	56
5|3|O_B_O_P_H_O____	6	56
5|3|_O___P_OBO_H___	6	56
5|3|O_P_H_O_B__O___	7	55
5|3|_O___PO__O_HB__	10	54
5|3|_O___P__OO_HB__	9	54
5|3|O_OP___H___B__O	7	54
5|3|O_B_____H__O_OP	7	54
5|3|OO_P___H___B__O	6	54
5|3|O_B_____H__OO_P	6	54
5|3|OBP_O_O______H_	5	54
5|3|OB_O__O__P__H__	5	54
5|3|OB__O_O_P___H__	5	54
5|3|OB__O__H___O_P_	5	54
5|3|O_BO__P__O_H___	5	54
5|3|O_B_O_O_P____H_	5	54
5|3|O__P__OB_O___H_	5	54
5|3|P__O__O_BO__H__	5	54
5|3|_O_P_O_B_O___H_	5	54
5|3|_O___B__OO_HP__	5	54
5|3|POO_H___B____O_	6	53
5|3|__O__OO_HP__B__	6	53
5|3|OOB_O___H_P____	5	53
5|3|O_P__B__OO_H___	5	53
5|3|OOP_H___B___O__	7	52
5|3|O__OPOB_____H__	7	52
5|3|O__OP_B____OH__	7	52
5|3|O__OP__H___BO__	7	52
5|3|O____BO_OP___H_	6	52
5|3|O_______H_BO_OP	6	52
5|3|O____BOO_P___H_	5	52
5|3|O______OOBHP___	5	52
5|3|O_______H_BOO_P	5	52
5|3|OO_OP___H___B__	8	51
5|3|O_OOP___H___B__	8	51
5|3|OOP_H___B_O____	7	51
5|3|O__OP_B_O___H__	7	51
5|3|O__B__OP_HO____	7	51
5|3|PO__H___BO__O__	7	51
5|3|PO__H___B___OO_	7	51
5|3|OO__P_B_O___H__	6	51
5|3|OOO_P___H___B__	7	50
5|3|H_PO__B__O___O_	6	50
5|3|O_BO__P____H__O	5	50
5|3|O_BO__H__O_P___	5	50
5|3|O_B_O_O_H____P_	5	50
5|3|O_B_O_P____H_O_	5	50
5|3|O_HP__B__O_O___	5	50
5|3|O_H_P_B_O__O___	5	50
5|3|O__HP_OB____O__	5	50
5|3|O__H__OB_O___P_	5	50
5|3|PO_H___B_O__O__	5	50
5|3|PO__H__OB____O_	5	50
5|3|PH_O___B_O__O__	5	50
5|3|_O_H_O_B_O___P_	5	50
5|3|O_OB__P__H___O_	4	50
5|3|O_OB__H__P___O_	4	50
5|3|O_O_B_P_H_____O	4	50
5|3|O_O_B_H_P_____O	4	50
5|3|O__OB_PH______O	4	50
5|3|O__OB_HP______O	4	50
5|3|O_OOP__H___B___	8	49
5|3|OO_OP__H___B___	7	49
5|3|O_B___O_OP___H_	7	49
5|3|O__B__PO_O__H__	7	49
5|3|O_B___OO_P___H_	6	49
5|3|O__B__P_OO__H__	6	49
5|3|O___P_H___B_OO_	5	49
5|3|OO__O__PB___H__	8	48
5|3|OP_H___B_O_O___	6	48
5|3|H_P___O_BO__O__	5	48
5|3|H__P__OB_O___O_	5	48
5|3|_O___O_B_O_P_H_	5	48
5|3|O_OOB_P____H___	4	48
5|3|_B___O_OOP__H__	8	47
5|3|_H___POO_O__B__	8	47
5|3|_H___PO_OO__B__	8	47
5|3|OOB___O__H_P___	7	47
5|3|OB___O__OP__H__	7	47
5|3|O__OP_BH___O___	7	47
5|3|O__B_PO__O__H__	7	47
5|3|_O_B_PO__O__H__	7	47
5|3|_B___OO_OP__H__	7	47
5|3|_O_B_P__OO__H__	6	47
5|3|OOO_B___H__P___	5	47
5|3|O___P____H_OOB_	5	47
5|3|O_____O_BOP_H__	5	47
5|3|PO__H___O___OB_	5	47
5|3|OO__O__BP____H_	9	46
5|3|PO__H_O_B___O__	7	46
5|3|P__OH_O_B___O__	6	46
5|3|OOBO_____HP____	5	46
5|3|OOB_O___H__P___	5	46
5|3|OO_BO__H__P____	5	46
5|3|O_B___O_HP__O__	5	46
5|3|O__B__PH_O___O_	5	46
5|3|O_____OBO_P___H	5	46
5|3|O_____OB_OP__H_	5	46
5|3|P_H___O_BO__O__	5	46
5|3|P__H__OB_O___O_	5	46
5|3|HP_____OBO_O___	5	46
5|3|_OB__O__HP__O__	5	46
5|3|_O_B_P_H_O___O_	5	46
5|3|_O___O_B_O_H_P_	5	46
5|3|_O___O__BO_HP__	5	46
5|3|OBO_O___P____H_	4	46
5|3|_H___P_OOO__B__	7	45
5|3|OOB_____OH_P___	6	45
5|3|OP__H__OB_____O	6	45
5|3|O_H___B_OP_O___	6	45
5|3|O_____B__OH_PO_	6	45
5|3|OB_PO_O_____H__	5	45
5|3|OB_PO__H___O___	5	45
5|3|H_OP__B__O_O___	5	45
5|3|_O___OB_PO__H__	5	45
5|3|_O___O_O_B_P_H_	5	44
5|3|OO_OB__P____H__	4	44
5|3|OBO_O___H____P_	4	44
5|3|O____BO_O___P_H	4	44
5|3|O____BO_O___H_P	4	44
5|3|O____BO__O__PH_	4	44
5|3|O____BO__O__HP_	4	44
5|3|O____B_O_O_P_H_	4	44
5|3|O____B_O_O_H_P_	4	44
5|3|O______P_HBO_O_	4	44
5|3|O______H_PBO_O_	4	44
5|3|P__H__BO_O_O___	4	44
5|3|H__P__BO_O_O___	4	44
5|3|POO_H__B____O__	8	43
5|3|OOP_H___B_____O	7	43
5|3|PO_OH__B____O__	7	43
5|3|OP__H__OB__O___	6	43
5|3|P_OOH__B____O__	6	43
5|3|__O__OB_OP__H__	6	43
5|3|O__B__PO_H___O_	5	43
5|3|H_P___O_OB__O__	5	43
5|3|H__P__BO_O___O_	5	43
5|3|_P___O_OBO_H___	4	43
5|3|OPO_H___B____O_	6	42
5|3|P_OOH_B____O___	6	42
5|3|OOBO_____H_P___	5	42
5|3|OO_BO__H______P	5	42
5|3|OO_B___H____P_O	5	42
5|3|OBOO_____H__P__	5	42
5|3|_OH__O__OP_B___	7	41
5|3|_O___O__OP_BH__	7	41
5|3|OP_H___B_O___O_	6	41
5|3|PO_B___H_O___O_	6	41
5|3|_O___B_POO_H___	6	41
5|3|OO_B_____H__O_P	5	41
5|3|O_B___H_OP__O__	5	41
5|3|O______BOOPH___	5	41
5|3|P_O____BOO_H___	5	41
5|3|_O___H__OP_BO__	5	41
5|3|_O___H_OOP_B___	6	40
5|3|BOOO_____H__P__	5	40
5|3|OO__P__BO____H_	8	39
5|3|O__OP_BO____H__	7	39
5|3|OO_B___O_H___P_	6	39
5|3|OO_B___H_O___P_	6	39
5|3|_O___P_BOO_H___	6	39
5|3|OBOO_____HP____	5	39
5|3|OBP_O___H__O___	5	39
5|3|O_B____O___O_HP	5	39
5|3|O_HP__O____B__O	5	39
5|3|O_H_P_O____B_O_	5	39
5|3|O__HP__O___OB__	5	39
5|3|O_____OBO_H___P	5	39
5|3|O_____OB_OH__P_	5	39
5|3|O_____O_BOH_P__	5	39
5|3|PH_____OBO_O___	5	39
5|3|P_OH__B__O_O___	5	39
5|3|P__OH_O____BO__	5	39
5|3|P__OH_BO___O___	5	39
5|3|HO_P___B_O__O__	5	39
5|3|_O___OBP_O___H_	5	39
5|3|O_OOB_H____P___	4	39
5|3|__O__POO_H__B__	8	38
5|3|_O___PO_OB_H___	7	38
5|3|__O__PO_OH__B__	7	38
5|3|OO_HP__O____B__	6	38
5|3|__O__P_OOH__B__	6	38
5|3|OBOO_____H___P_	5	38
5|3|P_H___O_OB__O__	5	38
5|3|P__H__BO_O___O_	5	38
5|3|_O___O_O_B_H_P_	5	38
5|3|OO_B___P_H_O___	6	37
5|3|_O___P_OOB_H___	6	37
5|3|_O___P_OOH_B___	6	37
5|3|H_P___B_OO__O__	5	37
5|3|H__P__OO_B___O_	5	37
5|3|_O___P__OH_BO__	5	37
5|3|OOP_B___H_____O	5	36
5|3|OOP_B____O___H_	5	36
5|3|OO_OB__H____P__	4	36
5|3|OP__O__BO____H_	8	35
5|3|O_H___O____B_OP	6	35
5|3|_O___H_OPO_B___	6	35
5|3|O_B___P_OH__O__	5	35
5|3|O__B__HO_P___O_	5	35
5|3|_O___B_OPO_H___	6	34
5|3|OOBO_____H___P_	5	34
5|3|OOB_O___H_____P	5	34
5|3|OOB____O_P___H_	5	34
5|3|OOB_____H___O_P	5	34
5|3|OO_BO__H___P___	5	34
5|3|OO_B___O_P____H	5	34
5|3|OO_B___P_O__H__	5	34
5|3|OO__B__P_O___H_	5	34
5|3|OO__B___H___P_O	5	34
5|3|O_P___B_OO__H__	5	34
5|3|O___PB_OO__H___	5	34
5|3|O___P_OOB_____H	5	34
5|3|O_____BOO_P___H	5	34
5|3|O_____B_OOP_H__	5	34
5|3|B_OO_O___P_H___	5	34
5|3|P_O___B_OOH____	5	34
5|3|P_H___B_OO__O__	5	34
5|3|P__H__OO_B___O_	5	34
5|3|HP_____BOO_O___	5	34
5|3|H____P___O_BOO_	5	34
5|3|_PH__B__OO__O__	5	34
5|3|O_B____O___P_OH	5	33
5|3|O__B____O__HO_P	5	33
5|3|PO__H__OB___O__	7	32
5|3|OOBO_____H__P__	5	32
5|3|OOB_O___H___P__	5	32
5|3|OOB_P__O_____H_	5	32
5|3|OOB_P___H___O__	5	32
5|3|OO_BO__H_____P_	5	32
5|3|OO_B___O_H____P	5	32
5|3|OO_B___P____H_O	5	32
5|3|OO_B___H_O__P__	5	32
5|3|OO_B_____P__O_H	5	32
5|3|OBOO_____H_P___	5	32
5|3|O_H___B_OO__P__	5	32
5|3|O__B____O__PO_H	5	32
5|3|O___H_OOB_____P	5	32
5|3|O___H____P_OOB_	5	32
5|3|O_____BOO_H___P	5	32
5|3|O_____B_OOH_P__	5	32
5|3|O______BOOHP___	5	32
5|3|PH_____BOO_O___	5	32
5|3|P____H___O_BOO_	5	32
5|3|P_____B_OOH_O__	5	32
5|3|_H___P_BOO__O__	5	32
5|3|_P___O_OOB_H___	4	32
5|3|O__OP_O____BH__	7	31
5|3|_O___O_PBO_H___	6	31
5|3|OOOB_____HP____	5	31
5|3|O_B____O___H_OP	5	31
5|3|O____B_POO_H___	5	30
5|3|OBO___O______PH	4	30
5|3|OBO___O______HP	4	30
5|3|OBO_____PH_O___	4	30
5|3|OBO_____HP_O___	4	30
5|3|OB_O__O_____P_H	4	30
5|3|OB_O__O_____H_P	4	30
5|3|OB_O___P_H_O___	4	30
5|3|OB_O___H_P_O___	4	30
5|3|OB__O_O_____PH_	4	30
5|3|OB__O_O_____HP_	4	30
5|3|OB__O__PH__O___	4	30
5|3|OB__O__HP__O___	4	30
5|3|O_BO__P__H__O__	4	30
5|3|O_BO__H__P__O__	4	30
5|3|O_BO___O___P__H	4	30
5|3|O_BO___O___H__P	4	30
5|3|O_B_O_P_H___O__	4	30
5|3|O_B_O__O___P_H_	4	30
5|3|PH_____OBO___O_	4	30
5|3|P_H___O_BO___O_	4	30
5|3|P__H__OB_O__O__	4	30
5|3|P___H_OBO___O__	4	30
5|3|P___H__O___OBO_	4	30
5|3|HP_____OBO___O_	4	30
5|3|H_P___O_BO___O_	4	30
5|3|H__P__OB_O__O__	4	30
5|3|_OBO_P___H__O__	4	30
5|3|_O___OB__O__PH_	4	30
5|3|_O___OB__O__HP_	4	30
5|3|_P_H_O_B_O__O__	4	30
5|3|__P__OO_OB__H__	4	30
5|3|O__OP_OH___B___	7	29
5|3|POO_H___O____B_	6	28
5|3|P_OOH_O____B___	6	28
5|3|_O___B_OOP_H___	6	28
5|3|POO_H__O____B__	8	27
5|3|PO_OH__O____B__	7	27
5|3|P_OOH__O____B__	6	27
5|3|OB_OP_O_____H__	5	27
5|3|OB_OP__H___O___	5	27
5|3|OP_H___B_O__O__	5	27
5|3|OP__H__OB____O_	5	27
5|3|H_PO__B__O_O___	5	27
5|3|_O___OB_OP__H__	5	27
5|3|OOP_H___B____O_	6	26
5|3|OOO_B___H_P____	5	26
5|3|O_____OOB_P___H	5	26
5|3|O_____OO_BP__H_	5	26
5|3|HP_____OOB_O___	5	26
5|3|OPO_H___O____B_	6	25
5|3|OOOB_____H__P__	5	25
5|3|O_B___H_PO__O__	5	25
5|3|O__B__OP_H___O_	5	25
5|3|_O___H__PO_BO__	5	25
5|3|O_OPB__H______O	6	23
5|3|O____BPO_O__H__	6	23
5|3|OO_PB__H______O	5	23
5|3|OP_H___O____B_O	5	23
5|3|OP__H___O___OB_	5	23
5|3|O__B____O__OP_H	5	23
5|3|O____BP_OO__H__	5	23
5|3|O_____OOB_H___P	5	23
5|3|O_____OO_BH__P_	5	23
5|3|PH_____OOB_O___	5	23
5|3|_O___H_POO_B___	6	22
5|3|OPO_B___H_____O	5	22
5|3|OPO_B____O___H_	5	22
5|3|BOOO_____H_P___	5	22
5|3|BOOO_____H___P_	5	21
5|3|__O__OPO_B__H__	8	19
5|3|__O__O_OPB__H__	7	19
5|3|__O__OO_PB__H__	6	19
5|3|O____B_OPO_H___	5	19
5|3|OOBO_____P____H	4	19
5|3|OOBO_____H____P	4	19
5|3|OOB_O___P____H_	4	19
5|3|OOB_O___H____P_	4	19
5|3|OOB____O_____PH	4	19
5|3|OOB____O_____HP	4	19
5|3|OOB_____PH__O__	4	19
5|3|OOB_____HP__O__	4	19
5|3|OO_BO__P____H__	4	19
5|3|OO_BO__H____P__	4	19
5|3|OO_B___P_H___O_	4	19
5|3|OO_B___H_P___O_	4	19
5|3|OO_B____O___P_H	4	19
5|3|OO_B____O___H_P	4	19
5|3|OO__B__PH_____O	4	19
5|3|OO__B__HP_____O	4	19
5|3|OO__B____O__PH_	4	19
5|3|OO__B____O__HP_	4	19
5|3|OBOO_____P____H	4	19
5|3|OBOO_____H____P	4	19
5|3|O____BOO_____PH	4	19
5|3|O____BOO_____HP	4	19
5|3|O____B_OO__P__H	4	19
5|3|O____B_OO__H__P	4	19
5|3|O____B__OO_PH__	4	19
5|3|O____B__OO_HP__	4	19
5|3|O_____P__HB_OO_	4	19
5|3|O_____H__PB_OO_	4	19
5|3|O_______PHBOO__	4	19
5|3|O_______HPBOO__	4	19
5|3|BOO__O_______PH	4	19
5|3|BOO__O_______HP	4	19
5|3|B_OO_O_____P__H	4	19
5|3|B_OO_O_____H__P	4	19
5|3|PH_____BOO__O__	4	19
5|3|P_H___B_OO_O___	4	19
5|3|P___H_OOB____O_	4	19
5|3|P___H_O____BOO_	4	19
5|3|P___H_BOO__O___	4	19
5|3|P___H___O__OOB_	4	19
5|3|P_____OOBOH____	4	19
5|3|P_____OBOOH____	4	19
5|3|HP_____BOO__O__	4	19
5|3|H_P___B_OO_O___	4	19
5|3|_OOB_P___H___O_	4	19
5|3|_OOB_H___P___O_	4	19
5|3|_P___O_BOO_H___	4	19
5|3|__P__OO_BO__H__	4	19
5|3|OOP_H___O____B_	6	18
5|3|OOOB_____H___P_	5	17
5|3|OOO_B___H___P__	5	17
5|3|OOO_B___H_____P	5	17
5|3|BOOO_____HP____	5	17
5|3|O____B_OOP_H___	5	13
5|3|O_____H___B_OOP	5	13
5|3|B_OOPO_____H___	5	13
5|3|OOOB_____P____H	4	10
5|3|OOOB_____H____P	4	10
5|3|OOO_B___P____H_	4	10
5|3|OOO_B___H____P_	4	10
5|3|BOOO_____P____H	4	10
5|3|BOOO_____H____P	4	10
5|3|P_____OOOBH____	4	10
5|3|P_____BOOOH____	4	10
5|3|_P___B_OOO_H___	4	10