5|3|O_P_O_____P_B_P	9	3506
5|3|OP_B______O_P_P	8	1822
5|3|O_PB______O_P_P	7	1586
5|3|OO__P_____P_B_P	9	1478
5|3|O__OP_____P_B_P	9	1416
5|3|OP__O_____P_B_P	8	1288
5|3|O_P_O_____PB_P_	7	1163
5|3|O_P_O_____P_BP_	8	1161
5|3|O_P_OP______B_P	9	1105
5|3|O__PP______BO_P	8	1075
5|3|O_P_P____OP_B__	8	1074
5|3|OP__P______BO_P	7	1005
5|3|P_O_PB_____P_O_	6	929
5|3|PP_B_____OP_O__	8	917
5|3|P_O______BP_PO_	7	897
5|3|O_B_P_____PO__P	9	888
5|3|O_B_P_____P__OP	8	884
5|3|O_PO______P_B_P	8	880
5|3|P_O_PB_____O_P_	6	878
5|3|OB__P_____O__PP	8	847
5|3|OB_P______O__PP	8	818
5|3|OB__P_____OP__P	7	806
5|3|O_P______OPP_B_	7	799
5|3|OP__P______BP_O	10	775
5|3|OP_B______P__PO	9	774
5|3|P_P_PB_____O_O_	6	773
5|3|O_PB______PP__O	9	762
5|3|OP_O______P_B_P	7	754
5|3|OP_B_____PP_O__	7	753
5|3|OP_B______PP__O	8	752
5|3|O_P_P____B_P_O_	6	751
5|3|O_PB______O__PP	9	746
5|3|O_O_P____B_P_P_	6	738
5|3|OP_B______O__PP	8	735
5|3|OP__P_____O_PB_	8	729
5|3|O_O______PPP_B_	7	723
5|3|OBP_P_____O___P	10	716
5|3|OB_PP_____O___P	9	709
5|3|O___O__P__P_B_P	10	708
5|3|OP_B_____PO_P__	6	697
5|3|O_P_P___O_P_B__	8	689
5|3|O__PP_____P_OB_	6	688
5|3|OB_P______OP__P	7	677
5|3|O_P______BP_PO_	6	677
5|3|OP_B______OP__P	7	667
5|3|O_PO_____BP_P__	6	667
5|3|OBP_P_____O__P_	9	662
5|3|PO__P______OB_P	7	660
5|3|O_PO_____PP_B__	9	651
5|3|PO__P_____P_BO_	7	647
5|3|O___P_____PBO_P	7	634
5|3|OP_O_____PP_B__	8	613
5|3|OP__O_____PB__P	10	611
5|3|OP__O_____P__BP	9	600
5|3|O_P_P____O_P_B_	6	599
5|3|O_PP_____OP_B__	7	598
5|3|P_PO_____BP__O_	6	598
5|3|O_P_P____B_O__P	7	593
5|3|OB_P______P_P_O	5	588
5|3|O___P_____POB_P	8	574
5|3|P_B_PO_____O__P	9	572
5|3|P_O_P_O_____B_P	6	564
5|3|POB_P______O__P	8	562
5|3|OPO_P______B_P_	9	561
5|3|OP_OP______B_P_	8	559
5|3|O_P_P_O_____B_P	7	558
5|3|O___P_____P_BOP	8	553
5|3|OP__P_____P_OB_	5	546
5|3|OB_P_____PO__P_	7	545
5|3|OP_P_____OP_B__	6	540
5|3|O__PP______B_OP	8	539
5|3|OP_P_____B_O_P_	7	536
5|3|O__OP_____P_BP_	9	528
5|3|O__P_____OPP_B_	8	525
5|3|P_B______OP_PO_	7	522
5|3|OP__O_____PB_P_	10	520
5|3|O_PBP_____P___O	9	520
5|3|OP_O_____B_P_P_	6	520
5|3|O_P_O_P_____B_P	6	520
5|3|OP_P_____B_P_O_	6	518
5|3|P_B_P__O__P__O_	7	516
5|3|P_OP_____O_P_B_	8	513
5|3|PO__PB______O_P	7	513
5|3|OP__O______P_BP	9	512
5|3|O_POP______B_P_	7	509
5|3|PO_P_____O_P_B_	8	507
5|3|OP__P______B_OP	7	506
5|3|OP_P_____BO__P_	6	493
5|3|OP_OP______B__P	8	486
5|3|O_PBP______P__O	8	486
5|3|OO__P_____P_BP_	8	482
5|3|OO_PP______P_B_	7	482
5|3|OO_P_____B_P_P_	6	479
5|3|OP_BP______P__O	8	474
5|3|O___O_____PBP_P	9	467
5|3|O__OP______PB_P	9	466
5|3|O__P_____OP_B_P	8	462
5|3|OO_PP_____P__B_	7	461
5|3|PO_P_____OP__B_	9	460
5|3|OPO_P______B__P	8	459
5|3|OO__P______PB_P	8	458
5|3|O_OPP______P_B_	8	458
5|3|O_POB_____P___P	5	458
5|3|O_P_OP_____B_P_	6	456
5|3|P_OB_____OP___P	9	455
5|3|O_P_P___B__P__O	5	451
5|3|O_OPP_____P__B_	7	447
5|3|P_BO_____PP__O_	6	445
5|3|O__O______PBP_P	9	443
5|3|O_P______PPOB__	6	443
5|3|O_PB_______O_PP	7	442
5|3|OP_B_______OP_P	7	439
5|3|P_B____O_PP__O_	7	439
5|3|O_POP______B__P	7	437
5|3|OP_P_____OP__B_	8	436
5|3|O__PP_B___O__P_	7	434
5|3|OP__P____B_P_O_	7	431
5|3|OP__P_____PB_O_	9	430
5|3|O_P_O______PBP_	8	430
5|3|O__PP_____PB_O_	8	430
5|3|OPO_P_____P__B_	7	429
5|3|O_P_O__B___P_P_	6	429
5|3|O__P_____OPB_P_	7	427
5|3|O__O_____PP_B_P	8	426
5|3|O__PP____BO__P_	7	426
5|3|O__PP____B_O_P_	8	425
5|3|OP__P____B_O_P_	7	425
5|3|PO__PO______B_P	10	424
5|3|OP__O_____P_BP_	8	423
5|3|O_P_P____B_OP__	7	423
5|3|PO__P____OP_B__	9	422
5|3|O___PP_O____B_P	7	419
5|3|O_PB_______OP_P	6	419
5|3|P_B__O___OP_P__	8	413
5|3|P_BP_____OP__O_	8	410
5|3|P_PB_____O_O_P_	8	410
5|3|P_BO_____OP__P_	6	410
5|3|OO_P_____P_P_B_	8	407
5|3|OP__P_B_____O_P	7	406
5|3|OB_______PP_P_O	6	405
5|3|POP_P______O_B_	9	404
5|3|P_OO_____B_P_P_	5	403
5|3|OOP_P______P_B_	6	402
5|3|OP_B_____OP__P_	6	401
5|3|OB______P_P_P_O	6	399
5|3|OO__P__B___P__P	6	398
5|3|PO_PP______O_B_	8	397
5|3|O_P______BPP_O_	5	395
5|3|O_P______BPO_P_	5	394
5|3|P_OP_____B_P_O_	5	394
5|3|O___PB_____PO_P	7	392
5|3|OO_P_____PP__B_	8	391
5|3|O_B______OPP_P_	7	390
5|3|O_B_P____OP__P_	7	389
5|3|OP__O______PB_P	7	388
5|3|OP_B_______O_PP	6	388
5|3|O__PP____OP_B__	8	387
5|3|OP__P____OP_B__	7	387
5|3|P_P_PO_____B_O_	8	383
5|3|O_P______B_OP_P	7	383
5|3|P_PO_____B_O__P	7	381
5|3|O_P_P___O__P_B_	5	380
5|3|P_BO_____OP_P__	6	379
5|3|O_O______BPP_P_	5	376
5|3|PPO_P______B_O_	7	372
5|3|OP_O_____BP_P__	5	370
5|3|OP_B_____P_O_P_	7	366
5|3|O_B_P____PP__O_	7	366
5|3|P_B_PO____P__O_	8	363
5|3|O_PB_____P_O_P_	7	361
5|3|OP_OP_____P__B_	6	361
5|3|OP_P_____O_P_B_	9	359
5|3|O___PO____P_B_P	10	357
5|3|O_PPP______O_B_	7	356
5|3|O_P_P______OPB_	6	356
5|3|P_B_P_O___P__O_	8	352
5|3|OP_P_____B_O__P	7	352
5|3|OP_P_____BP_O__	5	351
5|3|O__O______P_BPP	9	350
5|3|OP_O_____B_P__P	7	346
5|3|OOP_P_____P__B_	6	345
5|3|P_B_P_O____O__P	9	343
5|3|O_P_PP___O__B__	7	343
5|3|O___P___O_PB__P	7	343
5|3|OO_P_____BP_P__	5	341
5|3|OP__P____BO__P_	6	340
5|3|O___PO_____BP_P	9	337
5|3|P_PP_____B_O_O_	5	337
5|3|O_P__P___OP_B__	10	336
5|3|P_PO_____B_O_P_	5	336
5|3|P_B___O__OP_P__	8	332
5|3|O_PB_____OP___P	9	331
5|3|O_P_P____O_PB__	7	329
5|3|O_PB_____PP___O	8	326
5|3|O___PO_____B_PP	8	325
5|3|O___PP_____BO_P	6	325
5|3|O___P____OP_PB_	9	323
5|3|O__P_____OP_BP_	7	323
5|3|O__O_____PPB_P_	7	321
5|3|O__PP____OP__B_	9	320
5|3|OP_B_____OP___P	8	320
5|3|O__P_P___O_B_P_	7	320
5|3|O_BP______PO__P	10	317
5|3|O_BP______P__OP	9	317
5|3|O__P_O_____BP_P	9	316
5|3|OPP_P______O_B_	7	316
5|3|P_O____P_OP__B_	9	313
5|3|O__P____O_P_B_P	8	313
5|3|OP_PP______O_B_	6	313
5|3|OB__P_P___O___P	9	312
5|3|O_P_OP______BP_	8	311
5|3|OP__PO_____B__P	10	310
5|3|O_B_P___O_P___P	9	309
5|3|O_P_O_P______BP	8	309
5|3|P_OO_____BP___P	7	309
5|3|OP__P_B___O__P_	6	309
5|3|O_PP_____B_P_O_	5	309
5|3|O___P____OPP_B_	8	308
5|3|OBP_O_____P___P	5	308
5|3|OB__P____PO__P_	9	307
5|3|O__PPO_____B__P	9	307
5|3|O___OP_____BP_P	8	306
5|3|O_PO_____B_P_P_	5	306
5|3|OB__P_____PP_O_	6	305
5|3|OP__P____OP__B_	8	304
5|3|OPB_______O_P_P	6	303
5|3|O_B_P______PP_O	6	303
5|3|OP__OP_____B__P	9	302
5|3|_O_P_O___P_B_P_	6	302
5|3|OP__P_O____B_P_	9	301
5|3|O__PP_O____B_P_	8	301
5|3|OP_B_____O_P_P_	6	301
5|3|OP_P_____PO_B__	6	301
5|3|O__P_____PPB_O_	7	299
5|3|O_P_P_P___O__B_	6	299
5|3|OP__PO_____B_P_	10	298
5|3|O_O_P_P____B_P_	8	298
5|3|O_P_OB___P_P___	7	298
5|3|P_O__O___P_P_B_	6	298
5|3|PO__P____O_P_B_	7	297
5|3|PP_______OP_OB_	8	296
5|3|O_O_P_P____B__P	7	296
5|3|O__PP____BP_O__	6	296
5|3|O__PP_O____B__P	8	295
5|3|OP__P_O____B__P	7	295
5|3|O_P_OB__P__P___	7	294
5|3|O_O_P___P_P__B_	6	294
5|3|OP__OP______B_P	9	291
5|3|OP__O____PP__B_	8	291
5|3|O_P______OPPB__	8	291
5|3|P_O__P___O_P_B_	7	291
5|3|OB_P_____PO___P	8	290
5|3|OP__O____PP_B__	8	290
5|3|O_B_P_P___O___P	6	290
5|3|O__O_____PP_BP_	7	289
5|3|O_B_P_O___P___P	6	289
5|3|OP_B_____P_P__O	8	287
5|3|O_PO_______PB_P	8	286
5|3|POB______PP__O_	7	286
5|3|O___O_____PPB_P	10	285
5|3|P_PB_____O_O__P	8	284
5|3|OP__O_B___P__P_	6	283
5|3|O_B_P___P_P___O	6	283
5|3|OO__PP______B_P	9	282
5|3|O__OPP______B_P	8	282
5|3|OP_O_______PB_P	7	282
5|3|O_PPB______P__O	6	282
5|3|O__O_P_____BP_P	8	280
5|3|O_PB_____O_P_P_	5	280
5|3|O_PB_____P_P__O	7	279
5|3|O_BP_____OP__P_	6	279
5|3|O_P___O__PP_B__	7	277
5|3|O__PP___B_P_O__	6	277
5|3|OP_O______PB__P	8	276
5|3|OP_P______P_B_O	5	276
5|3|O___P__B___PO_P	5	274
5|3|OPB______PO_P__	7	273
5|3|O__PP____O_P_B_	9	272
5|3|OP__P____O_P_B_	8	272
5|3|O_O_P___P__P_B_	7	272
5|3|O_PO______PB__P	7	272
5|3|OP__P_B_____P_O	6	271
5|3|OB__PP____O___P	9	270
5|3|OB_______PO__PP	7	270
5|3|O_P_OP__B___P__	7	270
5|3|OB_______POP__P	6	270
5|3|OPP_B______P__O	6	268
5|3|OP__P______BOP_	9	267
5|3|O_B_P____OP___P	9	267
5|3|O_BPP_____P__O_	8	267
5|3|O__PP______BOP_	8	267
5|3|O_B_PP____P___O	7	267
5|3|O_P__P___O_P_B_	7	267
5|3|POP______OP_B__	9	266
5|3|PO_B_____OP__P_	6	266
5|3|O__O___P_PP_B__	9	265
5|3|OO_P_____B_P__P	6	265
5|3|P_B____P_OP__O_	10	264
5|3|PO_B_____OP___P	8	264
5|3|O__P______PB_OP	7	264
5|3|O__PB____OP_P__	5	264
5|3|OP_B_______P_PO	5	262
5|3|OP_PB_______P_O	6	261
5|3|O_BP_____PP__O_	6	259
5|3|O_P__O___P_P_B_	6	259
5|3|OP__P___B_P_O__	5	259
5|3|OP_O_____P_P_B_	6	258
5|3|OP__O____B_P__P	6	256
5|3|O__P___P_OP_B__	6	256
5|3|O_P_____OPP_B__	8	255
5|3|O__PP____B_O__P	8	255
5|3|OP__P____B_O__P	7	255
5|3|OP__O_B_____P_P	6	254
5|3|O__B______P_OPP	6	254
5|3|O_O_P__P__P_B__	6	253
5|3|O_P_____B_PP__O	5	253
5|3|P__B_O___O_P_P_	7	252
5|3|OO__PB______P_P	5	251
5|3|OPB_P_____P___O	10	250
5|3|O__P_O___P_B_P_	8	250
5|3|OP__P_B____O__P	6	250
5|3|P_O_P_P____B_O_	6	250
5|3|O_O_____B_PP__P	5	250
5|3|O___PO_P____B_P	10	249
5|3|O___OP_P____B_P	9	249
5|3|P__P_O___O_P_B_	7	249
5|3|O__O___P__P_B_P	8	247
5|3|OPP_O____B_P___	6	247
5|3|OP_______OP_PB_	8	246
5|3|P__B_P___O_O_P_	8	246
5|3|OP__O___B_P_P__	5	246
5|3|O_BPP_____P___O	9	245
5|3|PO_______OP_PB_	8	245
5|3|OB______P_O__PP	7	244
5|3|O__BP_P___P___O	7	244
5|3|OB______P_OP__P	6	244
5|3|O___P___P_P_OB_	5	244
5|3|O_B_PP_____O__P	8	242
5|3|O___P_B____PO_P	7	241
5|3|OPP_B_______P_O	6	241
5|3|PP_B_____O_PO__	8	240
5|3|O__B______POP_P	7	240
5|3|O__P_O___P_P_B_	7	240
5|3|O_B_P_O_____P_P	6	240
5|3|OOP______PP_B__	9	239
5|3|OP__OB_____P_P_	5	239
5|3|OP__P__B___P__O	5	239
5|3|OPB_P_____O___P	8	238
5|3|O_B_P____PO___P	7	237
5|3|O_P_PP__O____B_	6	237
5|3|P_PB_____O_PO__	8	234
5|3|OP__PO______B_P	7	234
5|3|OP__P_B____O_P_	6	234
5|3|O_PO_____B_P__P	6	233
5|3|O_PP_____B_O__P	6	233
5|3|OP_P_____B_P__O	5	233
5|3|O__P_P___O_P_B_	8	232
5|3|O___PP______BOP	7	232
5|3|PO__P____OP__B_	7	232
5|3|OP_______OPP_B_	7	231
5|3|PO_______OPP_B_	7	231
5|3|O_P__P___P_OB__	6	231
5|3|O_PB_____OPP___	8	230
5|3|O_PB_____PPO___	7	229
5|3|OO_______PP_PB_	7	228
5|3|O__PP___B_O__P_	7	228
5|3|P__B_O___P_O_P_	7	228
5|3|OP__P___B_O__P_	6	228
5|3|O_BPP_____O___P	12	227
5|3|OP__O_B____P__P	7	227
5|3|P_PO_B_____O__P	7	226
5|3|OPB_P______O__P	7	225
5|3|OP__O___B_P__P_	6	225
5|3|O_P_P___P__O_B_	6	225
5|3|O_B_P__P__P__O_	7	224
5|3|O___P____PPOB__	7	224
5|3|P_B______O_OP_P	7	224
5|3|O_P_P_O__B__P__	5	222
5|3|P_OO____B_P___P	5	222
5|3|O__P_____OPB__P	8	221
5|3|P_B__O___P_O_P_	7	221
5|3|O___P__B___OP_P	6	221
5|3|OP__P__B__P__O_	5	221
5|3|OP_PP_______B_O	7	220
5|3|OO__P__B__P__P_	5	220
5|3|P_PB_____P_O_O_	5	220
5|3|OP_B_____OPP___	7	219
5|3|OP_P_____BOP___	6	219
5|3|OP_O_P______B_P	9	218
5|3|O_PO_P______B_P	8	218
5|3|OP_P____B__P__O	7	218
5|3|O_P_P___O__PB__	7	218
5|3|P_O__O___PP_B__	7	218
5|3|O_PB____O_P___P	5	218
5|3|O___P____PP_BO_	7	217
5|3|O__P__P__OP__B_	8	216
5|3|OP_P_______BP_O	5	216
5|3|O_POP______P_B_	5	216
5|3|P_B__O___PP__O_	9	215
5|3|OPB_P_____P__O_	9	213
5|3|O___PP_____OB_P	8	213
5|3|P_B__O___OP__P_	8	213
5|3|O___P_B____OP_P	5	213
5|3|PO__P______OBP_	6	212
5|3|PO__P______PBO_	6	212
5|3|O_P_____B__PO_P	5	212
5|3|P_O_____OBP___P	5	212
5|3|OPP_P_______B_O	7	211
5|3|P_B__O___P_P_O_	7	211
5|3|O_O______PPPB__	7	210
5|3|O_B_P___O_P__P_	7	210
5|3|PO_B_______O_PP	6	210
5|3|P_OO_____P_P_B_	5	209
5|3|P_P_____OBP__O_	5	209
5|3|P_PB_____P_OO__	7	208
5|3|O_P_P___B__OP__	6	208
5|3|OOP_B_____P___P	5	208
5|3|OP__P_O_____B_P	7	207
5|3|P_PB_____O_OP__	7	207
5|3|O_P_P_P____B_O_	6	207
5|3|OB__P_____P_PO_	5	207
5|3|P_PO_____B_OP__	6	206
5|3|OB_______PP_PO_	6	205
5|3|P_B__P___O_O__P	10	203
5|3|O___PO____PB__P	8	203
5|3|OP_P_B_____P__O	5	202
5|3|O__O______PPB_P	9	201
5|3|OP_P____B__O__P	6	201
5|3|OO__P_P_____B_P	7	200
5|3|OP_B_____O_P__P	6	200
5|3|P_B_____OOP_P__	7	199
5|3|PPO_P______BO__	6	199
5|3|P_B___O__OP__P_	8	197
5|3|OO_P____B__P__P	6	197
5|3|PO__P____P_OB__	7	196
5|3|OO__P__B____P_P	6	196
5|3|P_O_P_O_____BP_	5	196
5|3|PO__PP______BO_	8	194
5|3|O_B_P___P_P__O_	7	194
5|3|O___P_P__O__B_P	7	194
5|3|PP__PO_____B_O_	7	194
5|3|PP__P____O_O_B_	7	194
5|3|P_O_PO___P__B__	7	194
5|3|OPP_B____O_P___	6	194
5|3|OP_P_____OPB___	6	194
5|3|O_P_P_O_____BP_	6	194
5|3|O__B____P_P_O_P	5	194
5|3|O___P_BO____P_P	5	194
5|3|OB______P_P__PO	6	193
5|3|OB______P_PP__O	5	193
5|3|P_O____OB_P___P	5	193
5|3|POO______P_P_B_	7	192
5|3|O_P_P_P____B__O	5	192
5|3|OP_B_____P_PO__	7	190
5|3|OP_O__B_____P_P	6	190
5|3|O__P_O___B_P_P_	5	190
5|3|O___P_P_O___B_P	7	189
5|3|P_O___O__PP_B__	7	189
5|3|P_P____O_BP__O_	5	189
5|3|O_B_PP____P__O_	8	188
5|3|OP_P_____P_O_B_	6	188
5|3|O_P_P_P_O____B_	6	188
5|3|PP_O_O___P__B__	8	187
5|3|PP_O_P___O__B__	8	187
5|3|P_PO_O___P__B__	7	187
5|3|P_PO_P___O__B__	7	187
5|3|_O_P_P___O__PB_	7	187
5|3|OP_P__B_____P_O	6	187
5|3|O_B______OP__PP	8	186
5|3|P_OB____P__O__P	6	186
5|3|P_B___O__PP__O_	9	185
5|3|PO_B_____O_P_P_	6	185
5|3|P_B__P___OP__O_	10	184
5|3|O__B_P___OP__P_	8	184
5|3|O_P_____B__OP_P	6	184
5|3|O__PP_____B_PO_	5	184
5|3|P_B___P__OP__O_	10	183
5|3|OP_O_____P_PB__	8	183
5|3|O_PO_____P_PB__	8	183
5|3|O__PP___B__O_P_	8	183
5|3|OP__P___B__O_P_	7	183
5|3|O_B_PO_____P__P	6	183
5|3|_BP__O___O_P_P_	6	183
5|3|O___P_BO___P__P	5	183
5|3|OP_P_O___P__B__	7	182
5|3|OP_P_P___O__B__	7	182
5|3|OP__P_______OBP	7	182
5|3|O_PB_____P_PO__	6	182
5|3|O_PP_P___O__B__	6	182
5|3|O_P_PP____O__B_	6	182
5|3|_O_P_O___P_PB__	6	182
5|3|PO_B_____OPP___	7	181
5|3|P_O___O__P_P_B_	6	181
5|3|OPO_P______P_B_	5	181
5|3|O_P_P_P__O__B__	5	180
5|3|O_P_PP__O___B__	7	179
5|3|O_PO__B_____P_P	5	179
5|3|O_PB_____O_P__P	5	179
5|3|O_PP__B_____P_O	5	179
5|3|O_P_P_O__P__B__	7	177
5|3|P_PP_____O_O_B_	7	177
5|3|P_PO_____O_PB__	6	177
5|3|O_P______P_POB_	5	177
5|3|P_O______O_PPB_	8	176
5|3|O_P_P_P__O___B_	7	176
5|3|OP_______PO_PB_	6	176
5|3|O_PP_____O_PB__	6	176
5|3|OP_P_____B_PO__	6	175
5|3|O__P_O___PP_B__	9	174
5|3|OP__P_B____P_O_	7	174
5|3|O_P__O___P_PB__	8	173
5|3|OOP______P_P_B_	7	173
5|3|OP_B_____P_OP__	6	173
5|3|POB______PPO___	6	173
5|3|O_P______O_PPB_	7	172
5|3|OP_______PPOB__	6	172
5|3|O_P_P_P____O_B_	6	172
5|3|P_PO_O___B__P__	5	172
5|3|O__P____O_PB__P	8	171
5|3|O_P_PO__P__B___	8	170
5|3|OP__P___P__B__O	6	170
5|3|P_PO_B___O__P__	5	170
5|3|P_OB_P___O_P___	7	169
5|3|O__P__O__PP_B__	9	168
5|3|_O_P_O___P__PB_	6	168
5|3|O___POB_____P_P	5	168
5|3|PPB______OP__O_	11	167
5|3|O__OP______PBP_	8	167
5|3|O__B__P___PP__O	7	167
5|3|P__P__O__O_P_B_	7	167
5|3|O___PO_B___P__P	5	166
5|3|OP_P______B_P_O	4	166
5|3|OPP_P_______BO_	6	165
5|3|OBP_______O__PP	7	164
5|3|OBP_______P__PO	7	163
5|3|O_PO_____P_P_B_	5	163
5|3|P_O_____BOP___P	5	163
5|3|O_P___O__P_P_B_	6	162
5|3|O__P__B__O_P_P_	5	162
5|3|PO__PO______BP_	9	161
5|3|P_BO_____OP___P	6	161
5|3|OBP______PO__P_	8	160
5|3|OP__O_P______BP	8	160
5|3|P_B__P___P_O_O_	7	160
5|3|P_OO_____B_PP__	5	160
5|3|O___P_OB____P_P	5	159
5|3|O__PP____P_B_O_	7	158
5|3|P_P__O___O_PB__	7	158
5|3|O_OPB______P__P	4	158
5|3|OO__P______PBP_	7	157
5|3|O__P__O__P_P_B_	7	157
5|3|O___P_P____OB_P	6	157
5|3|P_PO_____B__PO_	6	157
5|3|O__O_____PPPB__	9	156
5|3|O___PO___PP_B__	9	156
5|3|OP__O___P_PB___	7	156
5|3|O__P_P___O__B_P	7	156
5|3|O_PB_____P_OP__	6	156
5|3|P_O____O_P_P_B_	6	156
5|3|O__OP____P_PB__	11	155
5|3|OO__P____P_PB__	10	155
5|3|P_B___O__OP___P	8	155
5|3|O__P_P___OP_B__	7	155
5|3|O___P_PO____B_P	6	155
5|3|OP_PP_______BO_	5	155
5|3|O__P__O__B_P_P_	5	155
5|3|O___PO__P___B_P	10	154
5|3|O__PP____P_BO__	7	154
5|3|OP__P____P_BO__	6	154
5|3|O___P_OB___P__P	5	154
5|3|O___PP___O__B_P	9	153
5|3|OP__P__B___P_O_	5	153
5|3|O___P_O__PP_B__	9	152
5|3|O_O______P_PPB_	7	152
5|3|OP__O_P_____B_P	6	152
5|3|O_B_P_O____P__P	6	152
5|3|O_O___P__PP_B__	5	152
5|3|O__O_P___PP_B__	9	151
5|3|O__O__P__PP_B__	9	151
5|3|P_O_PO__P__B___	7	151
5|3|O_B_P_P____O__P	6	151
5|3|OP__P__B___O_P_	5	151
5|3|PO_P_____B_PO__	5	151
5|3|O___OP______BPP	9	150
5|3|O___PP__O___B_P	9	150
5|3|P__O_O___P__BP_	9	150
5|3|OB___P___PO__P_	8	150
5|3|OB___P___PO___P	8	150
5|3|P_BO___P_OP____	5	150
5|3|O_PO_B___P_P___	7	149
5|3|O___P__O__PB_P_	7	149
5|3|P_PO_____P_B_O_	6	149
5|3|_O_P_P___O__BP_	6	149
5|3|O_PPB____O_P___	7	148
5|3|OPP_P______OB__	5	148
5|3|OP__O___P_P_B__	5	148
5|3|O__P_____OPPB__	8	147
5|3|PO__P____O_PB__	8	147
5|3|O___P__P__P_BO_	7	147
5|3|P_PB_O___O_P___	7	147
5|3|OP__PP______OB_	6	146
5|3|O__PPP______OB_	5	146
5|3|OP_B_______PP_O	4	146
5|3|OB____P__PO__P_	8	145
5|3|OB____P__PO___P	8	145
5|3|OP__P_P___O__B_	6	145
5|3|OP_B_______PO_P	4	145
5|3|P_B__O___OP___P	8	144
5|3|P_O_PP__O___B__	7	144
5|3|P_O______P_OPB_	7	144
5|3|OP_B_O___P__P__	5	144
5|3|P__B__O__O_P_P_	7	143
5|3|O___PO______BPP	11	142
5|3|OP__P____P_B_O_	6	142
5|3|OP__OB____P__P_	5	142
5|3|P_P____B_OP__O_	5	142
5|3|O___P____OPPB__	8	141
5|3|P__P___O_O_P_B_	7	141
5|3|O_P____O_P_P_B_	6	141
5|3|P_BO____O_P___P	6	141
5|3|OO_P_____B_PP__	5	141
5|3|P___PO___O_B_P_	7	140
5|3|PO__P____B__O_P	7	139
5|3|O__B__P___O__PP	5	139
5|3|OPB______PP__O_	9	138
5|3|OP__O_P__B___P_	7	138
5|3|PO_P_O_____B__P	6	138
5|3|O_P__P___O_PB__	9	137
5|3|O___OP__P___B_P	9	137
5|3|OP__OB__P__P___	6	137
5|3|O___PO___P__B_P	10	136
5|3|O__O_P___P__B_P	7	136
5|3|O___P__O__P_BP_	7	136
5|3|PO_P_____O__PB_	8	135
5|3|P__B_O___O_P__P	7	135
5|3|OP__P___B___P_O	6	135
5|3|OP_P_____O_PB__	5	135
5|3|OO_______PPPB__	8	134
5|3|O___P___P_PB_O_	7	134
5|3|P__B__O__P_O_P_	7	134
5|3|OP_O___B___P__P	6	134
5|3|OB_P_P______P_O	5	134
5|3|OPP_B____O__P__	9	133
5|3|O___OP___PP_B__	9	133
5|3|OP_PB____O__P__	8	133
5|3|O_PPB____O__P__	7	133
5|3|OP__P___B___O_P	6	133
5|3|O_P______P_OPB_	6	133
5|3|PPOB_____O_P___	8	131
5|3|OP__B____O__P_P	5	131
5|3|O__PP______POB_	5	131
5|3|P_PB___O_O_P___	7	130
5|3|OP_P___B___O__P	6	130
5|3|P_B__P_O_P_O___	6	130
5|3|P_B__P___O_OP__	9	129
5|3|P_B_____OPP__O_	8	129
5|3|OPO______PP_B__	7	129
5|3|P_B___O__P_P_O_	7	129
5|3|O_B__O___P_P_P_	6	129
5|3|O_B__P___O_P_P_	6	129
5|3|P_P___O__BP__O_	5	129
5|3|PO_______OPPB__	10	128
5|3|O__P_P___O_B__P	7	128
5|3|O_P_B_P__O_P___	5	127
5|3|P_B___O__P_O_P_	7	126
5|3|PO_B_______OP_P	5	126
5|3|OP_______OPPB__	7	125
5|3|POO______PP_B__	7	125
5|3|OP__P____P_B__O	6	125
5|3|O_PO___B___P__P	6	125
5|3|O__P_P___O__BP_	6	125
5|3|OP_P___B___P__O	5	125
5|3|PPB______P_O_O_	8	124
5|3|O_B__P___OP__P_	6	124
5|3|OPO_P___B__P___	5	124
5|3|OO__P_P____B_P_	8	123
5|3|O__OP_P____B_P_	7	123
5|3|P_PB_O___P_O___	6	123
5|3|OP_P____OB_P___	5	123
5|3|O___P__BO__P__P	5	123
5|3|P_P__O___BP__O_	5	123
5|3|O__OP___P__P_B_	7	122
5|3|PP_O_O_____B__P	7	122
5|3|OO__P___P__P_B_	6	122
5|3|P_O_____OP_P_B_	5	122
5|3|O__P___O__PB__P	8	121
5|3|O_PB____P__O__P	6	121
5|3|O______P_PPOB__	5	121
5|3|O__P_O___P_B__P	8	120
5|3|P_B_____OOP__P_	7	120
5|3|P_PB_P___O_O___	7	120
5|3|P__P_P___O_O_B_	7	120
5|3|OP__O___B___P_P	6	120
5|3|O_PP___B___O__P	6	120
5|3|O__P_P_____B_OP	6	120
5|3|P__P_O___P_OB__	6	120
5|3|O__BP_P____P__O	7	119
5|3|O___P___P_PBO__	7	119
5|3|P___PO_O___B_P_	7	119
5|3|O_B___O__PP__P_	6	119
5|3|P_PO_O_____B__P	6	119
5|3|_O_O_P___P_PB__	6	119
5|3|O_P_P_O_P___B__	5	119
5|3|O_P_P_P_O___B__	5	119
5|3|PO_____P_OP_B__	9	118
5|3|OO_____P_PP_B__	8	118
5|3|OPO_P______BP__	8	118
5|3|OPB______PO__P_	7	118
5|3|OP_OP______BP__	7	118
5|3|O__P_____OPBP__	7	118
5|3|P__O_P___P_OB__	6	118
5|3|OP_O__B__P__P__	8	117
5|3|OPP______P_OB__	7	117
5|3|O_PO__B__P__P__	7	117
5|3|O__P___O_P_P_B_	7	117
5|3|P_P__P___O_O_B_	7	117
5|3|O_P____O_P_PB__	6	117
5|3|OP_B____P__O__P	5	117
5|3|OOP______P_PB__	9	116
5|3|P_B_____POP__O_	9	116
5|3|O_B_____O_P__PP	8	116
5|3|O___PPO_____B_P	8	116
5|3|PO__P_O_____BP_	8	116
5|3|OP_P_O_____B__P	7	116
5|3|O_B_____O_PP__P	7	116
5|3|O_P__O___PPB___	6	116
5|3|O__B__P__OP___P	6	116
5|3|OP_POB_______P_	5	116
5|3|OPB______PP___O	9	115
5|3|OO__P____B__P_P	7	115
5|3|O___PO___P_B_P_	7	115
5|3|P_B_____O__OP_P	7	115
5|3|OP_P_____P__BO_	6	115
5|3|O__P_P____BO__P	5	115
5|3|P__B__P__O_O_P_	8	114
5|3|O__PP____O_PB__	7	114
5|3|O__PP____B_OP__	7	114
5|3|P___PO__O__B_P_	7	114
5|3|_OP__O___P_PB__	7	114
5|3|OP__P____O_PB__	6	114
5|3|OP__P____B_OP__	6	114
5|3|PO_B_____O_P__P	6	114
5|3|PPO______P_BO__	5	114
5|3|OO__PP______BP_	9	113
5|3|O__OPP______BP_	8	113
5|3|OPO_B_______P_P	5	113
5|3|P_O_____POP_B__	5	113
5|3|O__P__P__O_P_B_	8	112
5|3|OPB______PO___P	7	112
5|3|O_OPP_______PB_	7	112
5|3|OO_PP_______PB_	6	112
5|3|OPO_P_______PB_	6	112
5|3|O__P____POP_B__	6	112
5|3|BPO_PO______P__	5	112
5|3|O___P_O__P__B_P	8	111
5|3|POPB_____O_P___	8	111
5|3|POP______O_PB__	8	111
5|3|P_B______P_OPO_	8	111
5|3|OB_P_O___P___P_	6	111
5|3|O_POP______BP__	6	111
5|3|O___P_O_____BPP	8	110
5|3|OP_______PP_BO_	7	110
5|3|OP_______PP_B_O	7	110
5|3|O__B_P____PP__O	7	110
5|3|POO______BP__P_	6	110
5|3|OO_P_____P__PB_	8	109
5|3|O_PB_P___O_P___	7	109
5|3|P_B__O_P_OP____	7	109
5|3|O_BP_P______P_O	7	108
5|3|O_B_PP_______OP	7	108
5|3|O_P______P_PBO_	7	108
5|3|O___P___O_PPB__	7	108
5|3|PO__P___O__PB__	7	108
5|3|O_P_P_O_B___P__	4	108
5|3|O__O_P______BPP	8	107
5|3|P_PB__O__O_P___	7	107
5|3|O__O_P___P__BP_	6	107
5|3|O__P____OB_P_P_	5	107
5|3|P_B___P__P_O_O_	7	106
5|3|OPB_______O__PP	6	106
5|3|OPB_______OP__P	5	106
5|3|O_PO__B___P___P	5	106
5|3|O__PP_O__P_B___	7	105
5|3|OP_B_P___O_P___	6	105
5|3|OP__P_O__P_B___	6	105
5|3|POP______BP__O_	6	105
5|3|OOP_PB______P__	5	105
5|3|O_B_P__P___P__O	5	105
5|3|O__P___B___OP_P	5	105
5|3|OP__OP______BP_	9	104
5|3|O___O_P_____BPP	7	104
5|3|PO_______PP_BO_	7	104
5|3|P_B_____OOP___P	7	104
5|3|P___PO___P_B_O_	7	104
5|3|O_P_____OP_P_B_	5	104
5|3|O___P_B_O___P_P	5	104
5|3|P_O___O_B_P___P	5	104
5|3|O___POP_____B_P	9	103
5|3|O_POP____B__P__	8	103
5|3|P__B_P_P_O__O__	8	103
5|3|OP__P____B__O_P	7	103
5|3|P__B___O_O_P_P_	7	103
5|3|OP__O____P_PB__	8	102
5|3|PO_P_O___P__B__	7	102
5|3|PO_P_P___O__B__	7	102
5|3|P_OP_P___O__B__	6	102
5|3|P_PO__O__P_B___	6	102
5|3|OB_______POPP__	5	102
5|3|OPP______P_BO__	5	102
5|3|P_O_____POP__B_	9	101
5|3|O__P_P__O___B_P	7	101
5|3|P_OB__P__O_P___	7	101
5|3|B_PO_O____P___P	5	101
5|3|OPB_____P_P___O	7	100
5|3|_OPP_O___P__B__	6	100
5|3|_OPP_P___O__B__	6	100
5|3|OB_______PPPO__	5	100
5|3|P_PO__O__B__P__	5	100
5|3|OPB______PPO___	8	99
5|3|_B_P_O_P_P__O__	8	99
5|3|OP_OP____B__P__	7	99
5|3|O__OP_P____B__P	7	99
5|3|O__P___O_B_P_P_	5	99
5|3|O__B____POP__P_	7	98
5|3|P_B____P_P_O_O_	7	98
5|3|OPO_P___B___P__	6	98
5|3|O_OPPP_______B_	6	98
5|3|O_P___P__P_OB__	6	98
5|3|P_P__B___OP__O_	5	98
5|3|O__OP___P__PB__	9	97
5|3|OO__P___P__PB__	8	97
5|3|OP___O___PP_B__	8	97
5|3|O_P___O__P_PB__	8	97
5|3|OPB_____P_O___P	6	97
5|3|PP_O__O____B__P	6	97
5|3|O_BP_______PP_O	5	97
5|3|P_PO__B____O__P	5	97
5|3|POP_PB______O__	7	96
5|3|POP_P____B__O__	7	96
5|3|OPB______POP___	6	96
5|3|O_____P_OPP_B__	6	96
5|3|PB___O___PP_O__	6	96
5|3|OP_OP_______PB_	5	96
5|3|O_____PO_PP_B__	5	96
5|3|P_BP_____O_O__P	8	95
5|3|OOP_P____B__P__	7	95
5|3|OPO_P___P__B___	7	95
5|3|OPO_P____P_B___	7	95
5|3|O__P__O___PB__P	7	95
5|3|OO__P_P____B__P	6	95
5|3|OB_P_O_____P__P	6	95
5|3|OP__P_P_____OB_	6	95
5|3|P_PB____OO_P___	6	95
5|3|OP__P____B__P_O	5	95
5|3|O_PB_O___P_P___	5	95
5|3|O__PP_P_____OB_	5	95
5|3|O__P_O___B_P__P	5	95
5|3|P_P______O_PBO_	5	95
5|3|_OP__P___O_PB__	8	94
5|3|OOP_PP_______B_	7	94
5|3|OB___P___POP___	7	94
5|3|O_B_PP______PO_	7	94
5|3|O__PP___P__BO__	7	94
5|3|P_BO_____P_OP__	7	94
5|3|OB_P_P_____P__O	6	94
5|3|OP__P___P__BO__	6	94
5|3|O_OPP_P______B_	6	94
5|3|O_P____P_P_OB__	6	94
5|3|P_O__O___P_PB__	6	94
5|3|P_PB___O_P_O___	6	94
5|3|OPB______OP__P_	5	94
5|3|O___P__B_O_P__P	5	94
5|3|O_POP___P__B___	8	93
5|3|O_POP____P_B___	8	93
5|3|OP_OP___P__B___	7	93
5|3|OP_OP____P_B___	7	93
5|3|POBP_______O__P	7	93
5|3|P__B__O__O_P__P	7	93
5|3|O__PP___P__O_B_	6	93
5|3|OP__P___P__O_B_	5	93
5|3|_O_P_O_P_P__B__	5	93
5|3|_O_P_P_P_O__B__	5	93
5|3|OOP_P_P______B_	7	92
5|3|OO_PP_P______B_	6	92
5|3|OP__P_____B_PO_	4	92
5|3|O___P_____PBOP_	6	91
5|3|OP_P_O___B_P___	5	91
5|3|OP_P_P___O_B___	5	91
5|3|_BO__P_P_P__O__	5	91
5|3|P_O___P__P_BO__	4	91
5|3|O__O_P_P____B_P	7	90
5|3|O__O_P__P___B_P	7	90
5|3|O__P_P__O__B__P	7	90
5|3|P_P___O__O_PB__	7	90
5|3|OP_P____BO_P___	5	90
5|3|P_PO__O____B__P	5	90
5|3|OP__P______POB_	4	90
5|3|OP____O__PP_B__	8	89
5|3|O___PP_O___B_P_	6	89
5|3|O_B_____OPP__P_	9	88
5|3|O_O__P___P_PB__	6	88
5|3|O_O_PP__P____B_	5	88
5|3|P_O__O__B_P___P	5	88
5|3|O_OPP___B__P___	7	87
5|3|OB__PO_____P_P_	6	87
5|3|OP_OP___B___P__	5	87
5|3|OPO_P____B__P__	6	86
5|3|P__P_O___O_BP__	6	86
5|3|O_P__BP__P__O__	4	86
5|3|P_PO__B__O__P__	4	86
5|3|OB____P__POP___	7	85
5|3|O_O_P_P_P__B___	6	85
5|3|O_O_P_P__P_B___	6	85
5|3|PP__PB______OO_	6	85
5|3|OOP_P_______PB_	5	85
5|3|OPB_______P__PO	5	85
5|3|O_O_PP_P____B__	5	85
5|3|O__P_P_P_O__B__	5	85
5|3|O_O__BP__P__P__	4	85
5|3|PP_O__O__P__B__	8	84
5|3|O__PP___O__PB__	7	84
5|3|O__PP___P__B_O_	7	84
5|3|P_PO__O__P__B__	7	84
5|3|P__B___O_P_O_P_	7	84
5|3|OB__PP_____P_O_	6	84
5|3|OP__P___O__PB__	6	84
5|3|OP__P___P__B_O_	6	84
5|3|PO__PB______OP_	6	84
5|3|OP__PP____B__O_	5	84
5|3|O_O_P_P_P____B_	5	84
5|3|O__P____OB_P__P	5	84
5|3|O___P_B__O__P_P	5	84
5|3|POPB_____P_O___	7	83
5|3|O_B__O___P_P__P	6	83
5|3|P__P____OO_P_B_	6	83
5|3|O___P____B_PO_P	7	82
5|3|OP_P__B____P__O	6	82
5|3|_BOP_O___P___P_	6	82
5|3|P_PO__P__O__B__	5	82
5|3|PPP______O_O_B_	8	81
5|3|OP_P__O__P__B__	7	81
5|3|OP__P_P__O___B_	7	81
5|3|O__P_O___P_BP__	7	81
5|3|OP_P_P______B_O	6	81
5|3|OP_P_____P__B_O	6	81
5|3|OP__PO______BP_	6	81
5|3|OP__P_P____O_B_	6	81
5|3|O_PP__O__P__B__	6	81
5|3|O__PP_P__O___B_	6	81
5|3|O__P____OP_P_B_	6	81
5|3|OPB_____O_P___P	5	81
5|3|O__PP_P____O_B_	5	81
5|3|OPOB______P___P	4	81
5|3|O_P___P__P_BO__	4	81
5|3|O__PPO__P__B___	8	80
5|3|OP__PO__P__B___	7	80
5|3|P_B__O_P_P_O___	7	80
5|3|P__B___O_O_P__P	7	80
5|3|O__P_P___O_BP__	6	80
5|3|OP_B__O__P__P__	5	79
5|3|O_PB___O_P_P___	5	79
5|3|O_PB__O__P__P__	4	79
5|3|O_BP_____OP___P	8	78
5|3|O__B_P_____OP_P	6	78
5|3|O__B__P____OP_P	6	78
5|3|P_PB__O__P_O___	6	78
5|3|O_B_PP__P_____O	5	78
5|3|O__B__P____O_PP	5	78
5|3|PO____P__OP_B__	9	77
5|3|P_B__P_P_O_O___	8	77
5|3|_P_P_O__OP__B__	8	77
5|3|OB___P_P_PO____	6	77
5|3|OP__P_O_____BP_	6	77
5|3|O___P_B_____POP	6	77
5|3|O__P__O__B_P__P	5	77
5|3|O__P____BO_P_P_	5	77
5|3|P_B___OP_OP____	7	76
5|3|OP_O__B____P__P	6	76
5|3|OP__P__P____B_O	6	76
5|3|OP______P_PB__O	6	76
5|3|O_B_PP___O___P_	6	76
5|3|O_B_PP___P___O_	6	76
5|3|O_POPP_______B_	6	76
5|3|O_POP_P______B_	6	76
5|3|POO_____B_P___P	6	76
5|3|P_BO_O___P_P___	6	76
5|3|P_B___O_POP____	6	76
5|3|O_____P__PP_BO_	5	76
5|3|OB____P__PP_O__	4	76
5|3|PO___P___OP_B__	9	75
5|3|O__P_O__P__B__P	8	75
5|3|OP_OP_B_____P__	7	75
5|3|P_P___P__O_O_B_	7	75
5|3|P_OB____PO_P___	6	75
5|3|OB____P__PO_P__	4	75
5|3|OO___P___PP_B__	8	74
5|3|POP_P___B___O__	7	74
5|3|P_OO_B____P___P	7	74
5|3|P_BO_P___P_O___	6	74
5|3|O__PB____P_P__O	5	74
5|3|OB____P_P_P___O	4	74
5|3|O__B__P_P_O___P	4	74
5|3|OP_P___O_P__B__	6	73
5|3|O___PP___P__BO_	6	73
5|3|O___P_P__O___BP	6	73
5|3|P___PO__P__B_O_	6	73
5|3|O_PB___P_O_P___	5	73
5|3|OP_P_______PB_O	4	73
5|3|OO____P__PP_B__	8	72
5|3|OPO_PP_______B_	7	72
5|3|OPO_P_P______B_	7	72
5|3|P_BP___O___O__P	7	72
5|3|OO__P_P_____BP_	6	72
5|3|OP_OP_P______B_	6	72
5|3|P___PO___P_OB__	6	72
5|3|O_B______P_PP_O	5	72
5|3|O_PO__B____P__P	5	72
5|3|O__P_OB____P__P	5	72
5|3|O__PP_O_P__B___	7	71
5|3|OPO__B___P_P___	6	71
5|3|OP__P_O_P__B___	6	71
5|3|O_B___O__P_P_P_	6	71
5|3|O_P____B___OP_P	6	71
5|3|O__B__P__O__P_P	6	71
5|3|P__P__O__P_OB__	6	71
5|3|O__P__B__O_P__P	5	71
5|3|PPB__P___O_O___	9	70
5|3|P_B__OP__OP____	7	70
5|3|OPO_P_B_____P__	6	70
5|3|OPO_P_B______P_	6	70
5|3|OPP_P_B______O_	6	70
5|3|OP__P_P_O____B_	6	70
5|3|P_B__O__POP____	6	70
5|3|OBP_PP_______O_	5	70
5|3|O__PP_P_O____B_	5	70
5|3|O__P____BO_P__P	5	70
5|3|_P_P_OO__P__B__	7	69
5|3|O__P_O__B__P__P	5	69
5|3|P__O_O___P_PB__	8	68
5|3|P__O_____P_PBO_	8	68
5|3|P_B__OO__PP____	7	68
5|3|O_B_PO___P____P	6	68
5|3|O_B_P_O__P____P	6	68
5|3|PP__P_B_____OO_	6	68
5|3|P_BO_P___OP____	6	68
5|3|P_B__O___P_PO__	6	68
5|3|P__O__P__P_OB__	6	68
5|3|P___POO____B_P_	6	68
5|3|O__P___O_B_P__P	5	68
5|3|OPPB_____O_P___	8	67
5|3|O___P_O___P_BP_	8	67
5|3|P__B_____O_POP_	8	67
5|3|O_P_____OP_PB__	7	67
5|3|POO______P_PB__	7	67
5|3|PO_P__O__P__B__	7	67
5|3|P__P_O___O_PB__	7	67
5|3|O_POP_B_____P__	6	67
5|3|O__P__O__P__PB_	6	67
5|3|P_OP__O__P__B__	6	67
5|3|P_B__P___P_OO__	6	67
5|3|P__P__O__O__PB_	6	67
5|3|BOPO______P___P	5	67
5|3|O____P_O_PPB___	7	66
5|3|OP__PP_____BO__	6	66
5|3|OP__P____P__OB_	6	66
5|3|PO__P____B__OP_	6	66
5|3|P_PO____OB__P__	5	66
5|3|P_PB____OP_O___	5	66
5|3|_OPB_O___P__P__	4	66
5|3|_BP__O_P_P__O__	7	65
5|3|O___O_P_P_PB___	6	65
5|3|OP_B___O_P_P___	4	65
5|3|OP_B___P_O_P___	4	65
5|3|O__PP___B__OP__	7	64
5|3|O__P_P_O___B__P	7	64
5|3|OP__P___B__OP__	6	64
5|3|O_____OP_PP_B__	6	64
5|3|O_BP__O_____P_P	5	64
5|3|PO__P______OPB_	5	64
5|3|O____PO__PP_B__	9	63
5|3|O____P__OPP_B__	8	63
5|3|OPO______P_PB__	7	63
5|3|O_PB__P__O_P___	7	63
5|3|OP__P_B_____PO_	6	63
5|3|OP_P___O_B_P___	5	63
5|3|O_BP_P___O___P_	5	63
5|3|O_BP_P___P___O_	5	63
5|3|_OBP_P___O___P_	5	63
5|3|_OBP_P___P___O_	5	63
5|3|O_BP____O_P___P	8	62
5|3|PO______POP_B__	8	62
5|3|P__O___P_P_OB__	6	62
5|3|P__P_____B_OOP_	6	62
5|3|O_BPPP_______O_	7	61
5|3|OOPB_____P_P___	6	61
5|3|OP_B__P__O_P___	6	61
5|3|O__P_____B_POP_	6	61
5|3|O_BP__P_____P_O	5	61
5|3|PO__P_P__O___B_	7	60
5|3|O___OP__P_PB___	6	60
5|3|P__O___O_P_PB__	6	60
5|3|PPBO_____P_O___	7	59
5|3|O_B_PP_P_____O_	6	59
5|3|O___PP_P____BO_	6	59
5|3|P_BO___P_P_O___	6	59
5|3|O_P__BP__P_O___	5	59
5|3|O___P__O_B_P__P	5	59
5|3|P_BP____O__O__P	8	58
5|3|P__B_____P_OOP_	8	58
5|3|O__P__P__O__PB_	7	58
5|3|PO__PO__P__B___	6	58
5|3|O__P__BO___P__P	5	58
5|3|POPO_______B__P	5	58
5|3|PP__P____B__OO_	6	57
5|3|P___PP__O___BO_	6	57
5|3|O_PB__O__P_P___	5	57
5|3|O___B___PPP___O	5	57
5|3|P__P_____O_PBO_	5	57
5|3|_BO__PP__P__O__	5	57
5|3|P_O___O__P_PB__	6	56
5|3|OPB________OP_P	5	56
5|3|O__P___OB__P__P	5	56
5|3|O_____P__PPOB__	5	56
5|3|P_B____OPOP____	5	56
5|3|OO__P____B__PP_	6	55
5|3|O___PP_O____BP_	6	55
5|3|O___PP__P___BO_	6	55
5|3|P__P___O_O_PB__	5	55
5|3|_PO__O___P_PB__	5	55
5|3|OPBO______P___P	4	55
5|3|P_B__PO__OP____	8	54
5|3|P__B_P__PO__O__	8	54
5|3|P__P_PO__O__B__	8	54
5|3|P_B__OO__P_P___	7	54
5|3|P_B__P__OOP____	7	54
5|3|OP__P____B__PO_	6	54
5|3|O_O____P_P_PB__	6	54
5|3|O_O__BP__P_P___	5	54
5|3|P_O__B__O_P___P	5	54
5|3|P__O__P__P_BO__	4	54
5|3|P_B__PO__P_O___	8	53
5|3|O_B__P__O__P__P	6	53
5|3|O_B___O__P_P__P	6	53
5|3|O__B__P__O_P__P	6	53
5|3|O____OP__PP_B__	6	53
5|3|P___PO__P__BO__	6	53
5|3|O___P_O__B__P_P	5	53
5|3|OPB_O_____P__P_	4	53
5|3|P__P_O__OP__B__	8	52
5|3|O______POPP_B__	7	52
5|3|PPB______P_OO__	7	52
5|3|O_O___P__P_PB__	6	52
5|3|P__B____OO_P_P_	6	52
5|3|P__B____OP_O_P_	6	52
5|3|O_B_POP_______P	5	52
5|3|O_B_P_OP______P	5	52
5|3|O______B__POP_P	5	52
5|3|P_BO____POP____	5	52
5|3|_OO__P___P_PB__	5	52
5|3|_BO__OP__P__P__	5	52
5|3|OPP_P_B_______O	6	51
5|3|O_PB____PO_P___	6	51
5|3|P_P_____OO_PB__	6	51
5|3|_POP_O___P__B__	6	51
5|3|OP_PP_B_______O	5	51
5|3|_B_P_OP__P__O__	8	50
5|3|OB__PO____P__P_	6	50
5|3|OPP_O_B_______P	6	50
5|3|_O___O_P_P_PB__	6	50
5|3|OOP_P__B__P____	5	50
5|3|OP_PO_B_______P	5	50
5|3|O__P__B_O__P__P	5	50
5|3|P__P_OO__P__B__	7	49
5|3|P__P_P__OO__B__	7	49
5|3|_O___P_P_O_PB__	7	49
5|3|OB__PP____O__P_	6	49
5|3|OPP_P_B_____O__	6	49
5|3|O_B_PP__P____O_	6	49
5|3|POB__P___OP____	6	49
5|3|P_P_____PO_O_B_	6	49
5|3|OP_B____PO_P___	5	49
5|3|OP_P___B_O_P___	4	49
5|3|O___PP___O__BP_	8	48
5|3|O_B_PP__O____P_	6	48
5|3|OOP_P___B___P__	5	48
5|3|O__P__O_B__P__P	5	48
5|3|OB____PP_PO____	6	47
5|3|OPP_P_B___O____	6	47
5|3|P_BO__O__P_P___	6	47
5|3|P_BO__P__P_O___	6	47
5|3|OOPB_______P__P	4	47
5|3|O__P___P_P_OB__	4	47
5|3|P_B__OP__P_O___	7	46
5|3|P___PO___O_PB__	7	46
5|3|OP__PO___B__P__	5	46
5|3|O__BP_P_P_____O	5	46
5|3|P__P__O__O_PB__	7	45
5|3|P__O__O__P_PB__	8	44
5|3|_PB__OO__P_P___	6	44
5|3|O__PP__OB__P___	5	44
5|3|PPO___O__P_B___	5	44
5|3|PPO______P_B_O_	5	44
5|3|OP__P__OB__P___	4	44
5|3|O____OP__PPB___	8	43
5|3|P_B__PP__O_O___	8	43
5|3|P_B__P__PO_O___	7	43
5|3|P_B___P_OP_O___	7	43
5|3|_O___PO__P_PB__	7	43
5|3|OPBP_______O__P	6	43
5|3|P_B___PO_P_O___	6	43
5|3|OPP___O__P_B___	5	43
5|3|O_BP__O___P___P	5	43
5|3|O_B__PO__PP____	7	42
5|3|_BP__OP__P__O__	7	42
5|3|O___P_P__O__BP_	6	42
5|3|PO__P____O__PB_	6	42
5|3|P_B___O__P_PO__	6	42
5|3|O_O___BP_P__P__	5	42
5|3|O_BP__P___O___P	5	42
5|3|P_PO___O_B__P__	5	42
5|3|O__B_PP__OP____	8	41
5|3|O__B_P__POP____	7	41
5|3|P_B___P__P_OO__	6	41
5|3|P___PO__O__PB__	6	41
5|3|OPB__O___P_P___	5	41
5|3|OP__PO__P___B__	5	41
5|3|OP__P_P__O__B__	5	41
5|3|O_B______P_PPO_	5	41
5|3|_O_P_OP__P__B__	5	41
5|3|_O_P_P__PO__B__	5	41
5|3|P_O___P__P_B_O_	4	41
5|3|P_B____POOP____	6	40
5|3|OPP_____P__B__O	5	40
5|3|OPP______P_B_O_	5	40
5|3|OPP______P_B__O	5	40
5|3|O_B______P_OPP_	5	40
5|3|O__B_P______OPP	5	40
5|3|O__B__P_____OPP	5	40
5|3|O___PP_____BOP_	5	40
5|3|P_O___BP_P__O__	5	40
5|3|P___PO__O___BP_	7	39
5|3|OP_B___O_P__P__	5	39
5|3|OP_P__O__B_P___	5	39
5|3|O_P___BP_P__O__	5	39
5|3|POB_____POP____	5	39
5|3|O__PPP____B_O__	6	38
5|3|O_BP_O_____P__P	5	38
5|3|O____P___PPOB__	5	38
5|3|O_B____P_P_P_O_	4	38
5|3|O___P_P_P__O_B_	4	38
5|3|O___PP__O___BP_	8	37
5|3|OB___OP__P_P___	6	37
5|3|O__B_P__PO___P_	6	37
5|3|P_B____P_P_OO__	6	37
5|3|_O_B_P__PO___P_	6	37
5|3|_BO__OP__P_P___	6	37
5|3|O_B____P_P_O_P_	4	37
5|3|O_P___P_P__B__O	4	37
5|3|O_P___P__P_B_O_	4	37
5|3|O_P___P__P_B__O	4	37
5|3|O__B_P__P___O_P	4	37
5|3|O__B__P_P___O_P	4	37
5|3|OB___OP__PP____	6	36
5|3|O__BP_P__P____O	5	36
5|3|O___OBP_P__P___	5	36
5|3|O___PBP_P__O___	5	36
5|3|O_B____P_P_P__O	4	36
5|3|O__B__P_P__O__P	4	36
5|3|O___PP__P___OB_	4	36
5|3|O___P_P_P___OB_	4	36
5|3|O__P_PO____B__P	6	35
5|3|P__B____OO_P__P	6	35
5|3|OP__PO__B___P__	5	35
5|3|OP__P_O_P___B__	5	35
5|3|OP__P_P_O___B__	5	35
5|3|O__BP_P__O____P	5	35
5|3|O___P_O__P__BP_	7	34
5|3|PPOO_____P_B___	6	34
5|3|P___P_O_O__PB__	6	34
5|3|_O___OP__P_PB__	6	34
5|3|OPP_P_O____B___	5	34
5|3|PBO__O___PP____	5	34
5|3|P__P_____O_OPB_	5	34
5|3|_O___PP__O_PB__	7	33
5|3|OB___PP__PO____	6	33
5|3|_O___P__PO_PB__	6	33
5|3|OP__P_B__O__P__	5	33
5|3|O__P_OP__P__B__	5	33
5|3|O__P_P__PO__B__	5	33
5|3|P_OO__P__P_B___	5	33
5|3|OPOP_____P__B__	6	32
5|3|OP__P_O__B__P__	5	32
5|3|O_BP__O____P__P	5	32
5|3|O___P_P_PO___B_	5	32
5|3|P___PO_____OBP_	5	32
5|3|OBPO_______P__P	4	32
5|3|OPOP_____P_B___	7	31
5|3|POPO_____P__B__	7	31
5|3|O_BP__P____O__P	5	31
5|3|OOPP_____P__B__	6	30
5|3|O_OP__P__P_B___	6	30
5|3|O__B___PPOP____	6	30
5|3|PO_O___P_P__B__	6	30
5|3|OO_P__P__P_B___	5	30
5|3|O__P__OP_P__B__	5	30
5|3|P_OO___P_P__B__	5	30
5|3|P_B___OP_P_O___	7	29
5|3|O__OP_P_P__B___	6	29
5|3|O__OP_P__P_B___	6	29
5|3|O___P_P_O___BP_	6	29
5|3|P__P____PO_O_B_	6	29
5|3|P___POP____B_O_	6	29
5|3|OO_P___P_P__B__	5	29
5|3|OO__P_P_P__B___	5	29
5|3|OO__P_P__P_B___	5	29
5|3|P___P_O____OBP_	5	29
5|3|__O__BOP_P__P__	4	29
5|3|P__O____OP_PB__	7	28
5|3|OO__P_P_P____B_	5	28
5|3|OP__P___OB__P__	5	28
5|3|O___P_P____OBP_	5	28
5|3|O__OP_P_P____B_	4	28
5|3|O___PPO_____BP_	7	27
5|3|OP__POB_____P__	5	27
5|3|OP__P_B____OP__	5	27
5|3|OP__P___BO__P__	5	27
5|3|OP__P___B___PO_	5	27
5|3|POPO_____P_B___	6	26
5|3|P___POO_____BP_	6	24
5|3|P__P____OO_PB__	6	23
5|3|OP__P_O_B___P__	5	23
5|3|OP__P_B_O___P__	5	23
5|3|OPB___O__P_P___	5	22
5|3|OPP_P_B____O___	5	20
5|3|OP__P__O_B__P__	5	20
5|3|O___P_PO____BP_	5	19
5|3|P___P_OO____BP_	5	19
5|3|OP__P_BO____P__	5	18
5|3|OP__P__OB___P__	5	18
5|3|__O__OBP_P__P__	4	18
5|3|OB____PP_P_O___	4	15
5|3|O___BP__PP____O	4	15
5|3|O___B_P_PP____O	4	15
5|3|O____PP__PBO___	4	15
5|3|O____PP__PB_O__	4	15
5|3|O____PP__PB__O_	4	15
5|3|BPOO______P___P	4	15
5|3|_O___OPP_P_B___	5	12
5|3|POO___P__P_B___	4	8
5|3|OOP___P__P_B___	4	7