5|3|O_O_P____H_P_B_	8	817
5|3|O_PH_____B_P_O_	10	710
5|3|OB_P_____HO__P_	10	618
5|3|O_O_PB_____H_P_	7	561
5|3|O_P_OB_____H_P_	7	542
5|3|O_PH_____B_O_P_	8	508
5|3|O_OB_____H_P_P_	7	506
5|3|O_O_P_B_____HP_	7	475
5|3|O_O______BHP_P_	7	469
5|3|OB_P_____HO_P__	10	459
5|3|OPH______BP_O__	11	456
5|3|O_P______HBO_P_	8	454
5|3|OB_P_____HP_O__	8	444
5|3|O_O_PB_____P_H_	7	436
5|3|O_P_B___H__P__O	6	432
5|3|O_P_O_B_____HP_	7	417
5|3|OB__P___H_O_P__	10	406
5|3|O_HP_____BO__P_	10	399
5|3|O_O_P___B__PH__	8	391
5|3|OB______H_P_O_P	7	389
5|3|OB______H_P_P_O	7	383
5|3|OBH______PP_O__	13	376
5|3|O_P_OB_____P_H_	7	371
5|3|OB__P___H_P_O__	8	369
5|3|O_O_B___H__P__P	6	366
5|3|O_P__B___P_H_O_	8	364
5|3|O_O_P_B______PH	7	364
5|3|O_PH_____B_P__O	7	364
5|3|O_O_P_B_____PH_	7	355
5|3|O_O_P_B___P__H_	7	351
5|3|O_O_P__H___B_P_	8	349
5|3|O_O_PB__P__H___	8	346
5|3|O_OB_____H_P__P	6	346
5|3|O_O_P__B___P_H_	6	341
5|3|O_P_____H_BO__P	8	340
5|3|_O_P_B___O_HP__	8	327
5|3|O_O_____B_HP__P	7	327
5|3|O_HP_____B_P_O_	8	326
5|3|O_P_H___B__O__P	6	319
5|3|O_O_P___B__P__H	6	316
5|3|_O_O_B___P_HP__	8	313
5|3|OB_P___H__O___P	9	310
5|3|OB______PHO___P	9	303
5|3|O_O_B____HP__P_	8	301
5|3|O_P_O_B_____PH_	8	300
5|3|O_OH_____PP_B__	12	296
5|3|OO_H_____PP_B__	11	296
5|3|O_P_O_B___P__H_	7	294
5|3|O_HP_____B_O_P_	10	293
5|3|O_P_O__B___P_H_	8	293
5|3|O_O__B_____P_PH	6	284
5|3|O_O_B___H__P_P_	6	280
5|3|OB__P__H__O__P_	9	278
5|3|O_BH_____PP__O_	13	276
5|3|O_O______B_P_PH	8	270
5|3|_OB__H___O_P_P_	8	265
5|3|O_P_____H__OB_P	9	262
5|3|O__O_B___P__HP_	7	261
5|3|OO__P__B_____HP	8	258
5|3|O_PB_____H_O__P	7	257
5|3|O_O_P___H__PB__	8	255
5|3|O_O_B____H_P_P_	8	253
5|3|O_P_B____O_P_H_	5	253
5|3|O_OB____H_P___P	8	252
5|3|O_P_OB__P__H___	8	252
5|3|_OB__O___H_P_P_	9	251
5|3|O_PH__B_____O_P	7	251
5|3|OB______PHO_P__	9	250
5|3|O_PH_____P_OB__	10	249
5|3|O__OB__H___P__P	7	249
5|3|O_OB___H__P___P	8	247
5|3|OP__OB______HP_	12	246
5|3|OP__O____B_PH__	11	246
5|3|O_P__B__P__H__O	8	246
5|3|OP_O_____B__PH_	10	245
5|3|OP_O_____B_PH__	9	244
5|3|OB_P___H__P___O	7	242
5|3|O_PH__B__P__O__	7	239
5|3|OB______PHO__P_	9	237
5|3|O_O_P_B_P___H__	8	236
5|3|_O_O_B___P__PH_	8	231
5|3|OO_B_____HP_P__	7	230
5|3|OP_P_____H_BO__	8	227
5|3|_O_O_B___P_P_H_	8	227
5|3|O__PH__B___O__P	7	227
5|3|OP_B_____H__O_P	7	225
5|3|O_PP_B_____H__O	8	223
5|3|O_PP_____H_BO__	8	223
5|3|O__O_B_P_P_H___	8	223
5|3|OP_P_B_____H__O	8	222
5|3|O_O_B__H__P__P_	8	221
5|3|O_PO_____B_PH__	8	221
5|3|_O_P_O___B_HP__	8	221
5|3|O_O___B___P__PH	6	219
5|3|O_P__P___O_HB__	12	218
5|3|O_PO_____B_HP__	9	217
5|3|O_HP_____B_P__O	9	217
5|3|OP_O_____B_HP__	8	217
5|3|O__O_____B_P_PH	8	216
5|3|O_O__P___B_PH__	9	215
5|3|O_OB__H_____P_P	7	214
5|3|O__P_B___O__HP_	10	213
5|3|O_OB_H_____P__P	8	213
5|3|O__O__B____P_PH	8	213
5|3|O__P__B__O__HP_	8	213
5|3|OB_______HP_PO_	8	212
5|3|OB__P__H__P__O_	7	211
5|3|O_OB____H__P__P	8	210
5|3|O_O_____B__P_PH	8	210
5|3|O__O__B__P__HP_	8	210
5|3|OP__O_B_____HP_	11	208
5|3|OP__O___B__PH__	10	208
5|3|OO_P_____B_PH__	8	207
5|3|O_OP_____B_PH__	8	207
5|3|OBO______HP__P_	7	207
5|3|OB_____O_HP__P_	8	205
5|3|OO__P__B__P__H_	8	204
5|3|O__OB__H___P_P_	6	203
5|3|O_O_BH_____P_P_	8	202
5|3|O___P__B___O_PH	7	202
5|3|O_OP_B___P_H___	8	199
5|3|OP__P____H__OB_	7	199
5|3|OP_P_____H__OB_	10	197
5|3|O___O__B__HP_P_	7	197
5|3|O_P__H___P_OB__	9	196
5|3|O_P_H____P_O_B_	5	196
5|3|_O_P_P___O_HB__	12	193
5|3|OB_____H__P__OP	7	193
5|3|O_P_O_B_P___H__	8	191
5|3|_OB__P___H_O_P_	10	189
5|3|OB_____H__P__PO	8	189
5|3|O__P_P___O__HB_	12	188
5|3|O_H__P___O_P_B_	10	188
5|3|OP__P_H_____BO_	9	188
5|3|_OB__H___P_O_P_	9	188
5|3|OO__P___B__PH__	8	188
5|3|O_OP__B__P__H__	8	187
5|3|OB______PHP_O__	6	187
5|3|OO_______BP_PH_	7	186
5|3|OB_____P_HO__P_	8	185
5|3|O__P__P__H__OB_	8	185
5|3|O_B___H__OP__P_	7	185
5|3|OP__P___H_O_B__	7	184
5|3|O_P_____B__PH_O	7	184
5|3|O__O__P__B__PH_	8	182
5|3|OB_O___H__P___P	7	182
5|3|OB_O_____HP_P__	7	182
5|3|O_O______B_PPH_	7	182
5|3|O_PH__B__O__P__	7	182
5|3|O_P_B____O_H_P_	5	182
5|3|OB___O___HP_P__	9	181
5|3|O_O__P___BP_H__	9	181
5|3|OO_P__B__P__H__	7	181
5|3|OO__PB______PH_	9	178
5|3|O_P_B_H__O___P_	7	178
5|3|O_P__P___H_OB__	10	177
5|3|O__P_O___B__HP_	9	177
5|3|OP__B_H_____P_O	8	177
5|3|OOB______HP__P_	7	177
5|3|O_B_P_H____P_O_	7	177
5|3|O_P_____H_BP__O	7	177
5|3|O_H___B__P_O_P_	7	175
5|3|O_OB__H___P___P	6	175
5|3|_O_P_O___B__PH_	6	175
5|3|OB_____PH_O___P	8	174
5|3|O__O_B___P_HP__	7	174
5|3|O_O__B__PP_H___	8	173
5|3|_OB__P___P_O_H_	8	173
5|3|OOB_____H_P___P	7	173
5|3|O_POB_H______P_	6	173
5|3|OP__P__B__O__H_	8	172
5|3|O_O___B__P__PH_	7	172
5|3|OB_____PH_P___O	6	172
5|3|OB_____HP_O___P	8	171
5|3|OB_____H_PO__P_	8	171
5|3|OB______PHOP___	8	171
5|3|OP__P___H__OB__	7	171
5|3|O_O_B_H___P__P_	6	171
5|3|O_HP__B__O___P_	7	170
5|3|O__O__P__B__HP_	8	168
5|3|O__O___B___P_PH	6	168
5|3|_OH__P___O_P_B_	9	167
5|3|O_HP_B___P___O_	7	167
5|3|_OP__P___O_HB__	11	166
5|3|OB__O___H_P_P__	7	166
5|3|O_OB_____H_PP__	7	166
5|3|O_P_B_P__O___H_	6	166
5|3|O_O_P_BH_____P_	9	165
5|3|OP__O__B__P__H_	8	165
5|3|OO__P__B___P_H_	8	164
5|3|OP_B__H_____P_O	8	164
5|3|O_P_B__H_O___P_	8	164
5|3|O_PB__H_____P_O	7	164
5|3|OP_OB__H___P___	6	164
5|3|O_O___P__BP_H__	9	163
5|3|OO_HP__B______P	8	163
5|3|OB_______HP_OP_	8	163
5|3|O_PH_B___O_P___	7	163
5|3|O_O_P_P__H___B_	6	163
5|3|O_H___B_PPO____	8	162
5|3|_OB__H___P_P_O_	6	162
5|3|O_P_____HP_OB__	8	161
5|3|OB__O__H__P__P_	7	161
5|3|OP_B___H_OP____	7	161
5|3|O_OB___H___P__P	7	160
5|3|O_P_B___HO_P___	7	160
5|3|O_POB_H_____P__	6	160
5|3|OP_P__B_____H_O	9	159
5|3|OP__P__B___O_H_	8	159
5|3|O_PP__B_____H_O	8	159
5|3|OP__P__H___B_O_	7	159
5|3|O__P___B_P_O_H_	7	159
5|3|_OB__O___P_P_H_	8	158
5|3|OP_OB_H_____P__	6	158
5|3|_O_P_B___O__PH_	6	158
5|3|OP_P_____H__BO_	8	157
5|3|O_PH___B_P_O___	8	157
5|3|OO_P_____B__PH_	8	156
5|3|OO__P__H___B_P_	7	155
5|3|OO______B_P_P_H	7	155
5|3|O_O__B__P__H__P	7	155
5|3|O_O__B___P_H_P_	7	155
5|3|O_O___B__P__HP_	7	155
5|3|O_B___H__O_P_P_	7	155
5|3|O__O_____B_PHP_	7	155
5|3|OBO_____H_P___P	7	154
5|3|O_B_P_O_H_P____	7	154
5|3|O__P_B_P_O_H___	6	154
5|3|OO__B___H_P_P__	7	153
5|3|OP_B___H_O_P___	7	153
5|3|BOO______H_P_P_	7	153
5|3|O_HP__B__P__O__	7	152
5|3|OP_OB__H_____P_	6	152
5|3|O_B___H_O_P___P	7	151
5|3|_OPH_O___P__B__	9	150
5|3|OP_B__H__O__P__	8	150
5|3|OP__P____H__BO_	7	150
5|3|O_PB__H__O__P__	7	150
5|3|OB_____P_HP__O_	6	150
5|3|OP_PHB______O__	6	150
5|3|O_POB__H___P___	6	150
5|3|O_P_____PH_OB__	8	149
5|3|O_O____B_P_P_H_	7	149
5|3|BO_O_____H_PP__	7	149
5|3|O_PP_____HBO___	8	147
5|3|_OO__P___B_PH__	8	147
5|3|OBO______H_P_P_	7	147
5|3|O_HP__B__P___O_	7	147
5|3|OO__P_B_____HP_	6	147
5|3|OP_OB__H__P____	6	147
5|3|O_PB___H_O_P___	7	146
5|3|O_B___P__PO__H_	8	145
5|3|O_O____B___P_PH	6	145
5|3|_BO__P__PH__O__	6	145
5|3|OB______OHP_P__	8	144
5|3|OP_OB___H___P__	7	144
5|3|OP__O____B__PH_	7	144
5|3|O_O_____B__PH_P	7	144
5|3|OP_OBH______P__	8	143
5|3|OP_OB____H__P__	8	143
5|3|O_OB__H____P__P	6	143
5|3|O_O_B_H____P_P_	6	143
5|3|OPO______B_PH__	10	142
5|3|O_O_B__H___P_P_	7	142
5|3|O_O___B____P_PH	7	142
5|3|O_O______B_PHP_	7	142
5|3|O_P_____PHBO___	6	142
5|3|O_P______P_OBH_	10	141
5|3|OO__P_B_____PH_	9	141
5|3|OP__P___H__BO__	8	141
5|3|_O_H_O_P_P__B__	8	141
5|3|O__O_B___P_PH__	7	141
5|3|OBO_P___H_P____	6	141
5|3|O_P_____OB_PH__	6	141
5|3|OB___O__H_P___P	9	140
5|3|OB_P___H_PO____	7	140
5|3|OB__P__HP_O____	7	140
5|3|O_B_P_O_H_____P	7	140
5|3|O_POB___H__P___	7	140
5|3|O_HP__B__PO____	7	140
5|3|_OB__P__PH_O___	6	140
5|3|O_H___B_P__O__P	7	139
5|3|O__P__P__H__BO_	6	139
5|3|O__O__B__P__PH_	8	138
5|3|O__P__O__B__HP_	8	138
5|3|OO__P__B_____PH	7	138
5|3|O__O____B__P_PH	7	138
5|3|OP__OB______PH_	9	137
5|3|BO_O_P___H__P__	6	137
5|3|BO_O_H___P__P__	6	137
5|3|_OB__P___H_P_O_	6	137
5|3|O_O_BH____P__P_	7	136
5|3|O_BO_____H_P_P_	7	136
5|3|O__H___B_P_O_P_	7	136
5|3|OP__B___H___P_O	6	136
5|3|_OB__O__PH_P___	6	136
5|3|OBH_____P_O___P	10	135
5|3|O_B___O_PHP____	6	135
5|3|O_POB____H_P___	8	134
5|3|OB______HPP_O__	6	134
5|3|O_OB__H__P__P__	5	134
5|3|O_PH__O__P__B__	9	133
5|3|_OB__H___P_OP__	8	133
5|3|_O_B_H_P_O_P___	6	133
5|3|O___OB_P___H_P_	7	132
5|3|O___OB__P__HP__	7	132
5|3|OP_OB__H______P	6	132
5|3|O_POB_H___P____	6	132
5|3|OO__P____B__PH_	9	131
5|3|OP__P___H___B_O	7	131
5|3|O_OB_H____P___P	7	131
5|3|O_PPHB_____O___	6	131
5|3|O__P__H__P__BO_	6	131
5|3|O_PO_B___P_H___	8	130
5|3|OB_____H_PP__O_	6	130
5|3|OO_B___H__P___P	7	129
5|3|_O_B_P_O_H___P_	6	128
5|3|OP_O_____B__HP_	8	127
5|3|OP_____H__B_P_O	8	127
5|3|O_O___B_PP__H__	8	127
5|3|O_P___B__O__PH_	7	127
5|3|_OB__P___H_OP__	9	126
5|3|O_P__B___O_P_H_	7	126
5|3|O__O___B_P_P_H_	7	126
5|3|OBO_P___H___P__	6	126
5|3|O_POBH_____P___	8	125
5|3|OO_PH____P__B__	6	125
5|3|OBO_P___H_____P	6	125
5|3|O_O___P__B_PH__	9	124
5|3|OP______H_B_P_O	7	124
5|3|O_O______B_HPP_	7	124
5|3|O_OB_____P_P__H	4	124
5|3|OP__PH______BO_	9	123
5|3|OB___O__PHP____	7	123
5|3|BO_O_____H__PP_	7	123
5|3|O__B__HP_OP____	6	123
5|3|OP__P__O_H___B_	8	122
5|3|O___OB__P__PH__	7	122
5|3|O_POB_H_______P	6	122
5|3|B__O_O_P_P_H___	6	122
5|3|O_O_B___P__P_H_	4	122
5|3|OP__P__B_____HO	8	121
5|3|O_O_____PBP_H__	8	121
5|3|O___P__B___PO_H	8	121
5|3|O___P__B___P_OH	7	121
5|3|O__P__H__P__OB_	8	120
5|3|O_OB____PH_P___	6	120
5|3|O_OB__P__H___P_	5	120
5|3|_OBH_O___P_P___	8	119
5|3|OBO_____H__P__P	7	119
5|3|O_PPH___B__O___	7	119
5|3|OOP_B___H__P___	6	119
5|3|O__P__P__O__HB_	11	118
5|3|OOB______H_P_P_	7	118
5|3|O_BO__H___P___P	6	118
5|3|OP__O__B___P_H_	8	117
5|3|O_H___B_PP__O__	8	117
5|3|OO_P____H___B_P	7	117
5|3|O_O_B___H__PP__	7	117
5|3|O_O_P_P_H___B__	6	117
5|3|OP_O__B__P__H__	9	116
5|3|O_PO__B__P__H__	8	116
5|3|O___OB_PP__H___	8	116
5|3|_OB__O___P__PH_	8	116
5|3|OOB_____H__P__P	7	116
5|3|OO__B__H__P__P_	7	116
5|3|OB_____HP_P___O	6	116
5|3|O_O_B___PH_P___	6	116
5|3|O_HP__B____O__P	6	116
5|3|O___P_H___B_PO_	6	116
5|3|_O_B_H_O_P_P___	6	116
5|3|OB_____OPHP____	6	115
5|3|OP__O__B___H_P_	7	114
5|3|O__O__B_____PPH	7	114
5|3|O__O_____B_HPP_	7	114
5|3|OBO_P____H___P_	6	114
5|3|O_OB_H___P_P___	6	114
5|3|_BO__O__PH__P__	6	114
5|3|OBO_P___H__P___	6	113
5|3|OB_____PHPO____	6	113
5|3|OOP_P___H___B__	8	112
5|3|OP_B__H__P__O__	8	112
5|3|OP_PH_B______O_	7	112
5|3|O_PB__H__P__O__	7	112
5|3|O_PPH_B______O_	6	112
5|3|O_P_____BO_PH__	6	112
5|3|O_O___B_P___H_P	7	111
5|3|O__B___H_O_P_P_	7	111
5|3|_OBH_O___P__P__	8	110
5|3|O_OPH____P_B___	7	110
5|3|OO_PH____P_B___	6	110
5|3|O_B_O_H___P__P_	6	110
5|3|_O___P_P_O_HB__	10	109
5|3|OOP_P____H___B_	8	109
5|3|O_O_____B__PP_H	7	109
5|3|O_P_H___BP_O___	7	109
5|3|B_OO_____H_P_P_	7	109
5|3|_O_B_P_P_O__H__	6	109
5|3|O_H___O__P_B_P_	7	108
5|3|OP_B___H____P_O	6	108
5|3|O_O_BH__P__P___	6	108
5|3|BO_O__H__P__P__	6	108
5|3|_O_P_OB__P__H__	6	108
5|3|O__OB_HP______P	5	108
5|3|O______O_BHP_P_	5	108
5|3|O_B_P___H__O_P_	6	107
5|3|O_P_____HP_BO__	6	107
5|3|OP__O__P_B___H_	8	106
5|3|O_P_____HPBO___	6	106
5|3|OB_____OH_P___P	8	105
5|3|OO_PP_B_____H__	7	105
5|3|O_H___O_P__B__P	7	105
5|3|O_P_____PH_BO__	6	105
5|3|O_OB__P__H__P__	5	105
5|3|O__PH____P_OB__	5	105
5|3|OB___O___PP_H__	9	104
5|3|OO__P___B___P_H	6	104
5|3|OB_PO__H__P____	6	103
5|3|OB_P___H___O__P	6	103
5|3|_BO__OP__P__H__	10	102
5|3|OP_B___H_O___P_	7	102
5|3|OP_PH_B_____O__	7	102
5|3|O_B_P_O_H___P__	7	102
5|3|O_PPH_B_____O__	6	102
5|3|O_P_H_O__P___B_	6	102
5|3|O_P__B__PO_H___	6	102
5|3|_OB__P__HP_O___	6	102
5|3|_BO__H__PP__O__	6	102
5|3|O_P_H____P_B_O_	5	102
5|3|_O_B_HP__O_P___	8	101
5|3|OB____P_PHO____	7	101
5|3|OP_PH_B___O____	7	101
5|3|O_O_P__HP__B___	7	101
5|3|O_B___H_O__P__P	7	101
5|3|O__O_B_P___H__P	7	101
5|3|O__O_____BHPP__	7	101
5|3|O_PPH_B___O____	6	101
5|3|O__P_B_O_P_H___	6	101
5|3|_BO__O__PP__H__	9	100
5|3|OP_P____H___B_O	7	100
5|3|O_OP_B_____H__P	7	100
5|3|O__P__B__O__PH_	6	100
5|3|_O_B_P_O_H_P___	6	100
5|3|O__O_____B_PPH_	7	99
5|3|O___PB__O__PH__	7	99
5|3|OBO_____H___P_P	6	99
5|3|OB__O___H___P_P	6	99
5|3|_O_B_O_P_H___P_	6	99
5|3|OPO_P_B_____H__	9	98
5|3|_OBH_P___P_O___	8	98
5|3|_BO__O__HP__P__	6	98
5|3|_BH__OP__P__O__	10	97
5|3|OO__P__B_P___H_	9	97
5|3|_BH__O__PP__O__	9	97
5|3|OP_OP_B_____H__	8	97
5|3|OB_PO__H______P	6	97
5|3|O_OB_P___H_P___	6	97
5|3|O_P_B_P_H_____O	5	97
5|3|OPO_P____H___B_	8	96
5|3|OBO_P__H_____P_	7	96
5|3|OP_P___H___B__O	7	96
5|3|O_OP__B_____H_P	7	96
5|3|O____BOP_P___H_	7	96
5|3|_OB__O_P_P___H_	7	96
5|3|_BO__H__OP__P__	6	96
5|3|OO_P___B_P___H_	7	95
5|3|OB___P__PHO____	7	95
5|3|O_OPH_B_______P	7	95
5|3|O_H___B_PP_O___	7	95
5|3|OO_PH_B_______P	6	95
5|3|OO_P__B_____H_P	6	95
5|3|OB_O___H___P__P	6	95
5|3|OB______OPP_H__	8	94
5|3|O__B_HP__O___P_	7	94
5|3|_O_B_HP__O___P_	7	94
5|3|OHP_PB_______O_	6	94
5|3|O_OPB___H__P___	6	94
5|3|O___OB_____PHP_	6	94
5|3|OP__O_B_____PH_	9	93
5|3|OP__O___B__HP__	8	93
5|3|OB___O__PH_P___	7	93
5|3|_O___P__OB_HP__	7	93
5|3|OO_PH__B______P	6	93
5|3|O_B___O_HPP____	6	93
5|3|O____BO_PP__H__	6	93
5|3|O____BO_PP___H_	6	93
5|3|_OB__O__HP__P__	6	93
5|3|O_B______P_O_PH	5	93
5|3|O_PH____P__B__O	5	93
5|3|OO__P____H__PB_	8	92
5|3|OP_H___B_PO____	7	92
5|3|O_B_P_P_H_O____	7	92
5|3|OBP_O__H_____P_	6	92
5|3|OB_PO__H_____P_	6	92
5|3|O_BO__H____P__P	6	92
5|3|OOP_P__B_____H_	8	91
5|3|OO_PP__B_____H_	7	91
5|3|OO_____B__P__PH	7	91
5|3|O__OB_H_____PP_	7	91
5|3|O___O_B_____PPH	7	91
5|3|OB_O___H____P_P	6	91
5|3|OB_O_____H__P_P	6	91
5|3|_OB__H_P_P_O___	7	90
5|3|O_BO_____H_P__P	6	90
5|3|_OB__O__HP_P___	6	90
5|3|O__P_B___O_HP__	5	90
5|3|O_OP___H___B__P	8	89
5|3|OO_P___H___B__P	7	89
5|3|OO_H___B_P___P_	7	89
5|3|OB__P__H___O_P_	6	89
5|3|OP__O__B_P___H_	9	88
5|3|O_PP___H___B__O	6	88
5|3|OB_O___P_HP____	5	88
5|3|OB__O__PH_P____	5	88
5|3|_OB__HO__P_P___	7	87
5|3|OOB_P___H_P____	6	87
5|3|_OB__O__PH__P__	6	87
5|3|_OB__H__OP_P___	6	87
5|3|OP__B____O__PH_	5	87
5|3|_O_B_H__PO_P___	7	86
5|3|OB__O__H___P_P_	6	86
5|3|O_OB____HP_P___	6	86
5|3|O_O_B___HP_P___	6	86
5|3|O_B_O_H____P_P_	6	86
5|3|_O___B__PO_HP__	6	86
5|3|OPO_P___H___B__	7	85
5|3|OB_P__O__P__H__	6	85
5|3|O__P__O_HP__B__	6	85
5|3|O__OB_PH_____P_	5	85
5|3|O____B_P_O_H_P_	5	85
5|3|OP__P__BH_O____	8	84
5|3|OP_PH_B_______O	7	84
5|3|OP_H_____B__P_O	7	84
5|3|O_B___H_OPP____	6	84
5|3|O_PPH_B_______O	6	84
5|3|O__P__O__B__PH_	6	84
5|3|OBO_____PHP____	5	84
5|3|O_OB__H__PP____	5	84
5|3|O_O_B_H_P_P____	5	84
5|3|O__OB_HP__P____	5	84
5|3|BO_O___H_P_P___	5	84
5|3|OP__PO__H___B__	8	83
5|3|OOP_B___H_P____	6	83
5|3|OB__P_O_P___H__	6	83
5|3|OP__B__P_O___H_	6	83
5|3|O_O_BP__H__P___	6	83
5|3|O__B__PO_HP____	6	83
5|3|O__P__OB_P___H_	6	83
5|3|BO_O__P__H__P__	6	83
5|3|_O_P_O_B_P___H_	6	83
5|3|O_BO__P__H___P_	5	83
5|3|_OOB_P___H__P__	5	83
5|3|OPP_O____B___H_	8	82
5|3|OP_PH___B___O__	7	82
5|3|OB_____PPHO____	6	82
5|3|OP_B___H_O__P__	6	82
5|3|O_B_P_O_H____P_	6	82
5|3|O_HP__B__P_O___	6	82
5|3|O_O_B_P_H_____P	5	82
5|3|O__OB_PH______P	5	82
5|3|O_BH__P__PO____	8	81
5|3|_O___P_POB_H___	8	81
5|3|_O___PP_OB_H___	7	81
5|3|OO_PB___H___P__	6	81
5|3|_O_B_H_P_P_O___	6	81
5|3|_BO__P__OH__P__	6	81
5|3|_OBO_P___H___P_	5	81
5|3|OP_OP__B_____H_	8	80
5|3|O_O_____PB_PH__	8	80
5|3|OP_O____B___H_P	7	80
5|3|OP_H___B_P_O___	7	80
5|3|O___PB_PO__H___	6	80
5|3|B_PO_O___P_H___	6	80
5|3|_O_B_P_H_O_P___	6	80
5|3|OP_OB__H____P__	5	80
5|3|OO__P__B____PH_	8	79
5|3|O_PO_B_____H__P	7	79
5|3|_OB__P__PO_H___	7	79
5|3|__O__BO_PP__H__	7	79
5|3|OBP_O___H_P____	6	79
5|3|OP__P_O_H___B__	8	78
5|3|OO__P_B_P___H__	7	78
5|3|OB_PO___H___P__	7	78
5|3|OPO_P__B_____H_	7	78
5|3|O_H___O_PP_B___	7	78
5|3|OOP_B___H___P__	6	78
5|3|OBP_O___H___P__	6	78
5|3|O_P___B_PO__H__	6	78
5|3|O__P___H_PBO___	6	78
5|3|O___P_OB_____PH	6	78
5|3|OB_PO__H___P___	6	77
5|3|_OB__H__PO_P___	6	77
5|3|O_OB__P__HP____	5	77
5|3|OOB_P___H__P___	6	76
5|3|O__B__PH_OP____	6	76
5|3|O__H__OB_P___P_	6	76
5|3|_O_H_O_B_P___P_	6	76
5|3|O_OB__H__P___P_	5	76
5|3|O_O_B_P_H___P__	5	76
5|3|O_O_B_H_P___P__	5	76
5|3|O_P__B__O__H__P	5	76
5|3|O_P__B___O_H_P_	5	76
5|3|O______B_OHP_P_	5	76
5|3|O__OB_P____HP__	4	76
5|3|OO_H____P___B_P	7	75
5|3|_BO__P__HP__O__	6	75
5|3|O_P_B_H_P_____O	5	75
5|3|OO__P_BH_____P_	9	74
5|3|OP__P__BH__O___	8	74
5|3|O__H__OP_P__B__	8	74
5|3|O__H__O_PP__B__	7	74
5|3|OPO_B___H__P___	6	74
5|3|_BO__H__PO__P__	6	74
5|3|BO_O___P_H___P_	5	74
5|3|BO_O___H_P___P_	5	74
5|3|O__H_OP__P__B__	8	73
5|3|_O_H_OP__P__B__	8	73
5|3|_O_H_O__PP__B__	7	73
5|3|OO_B___H___P__P	6	73
5|3|OBP_O___H_____P	6	73
5|3|O_OB___H_P_P___	6	73
5|3|O_O_B__HP__P___	6	73
5|3|BO_O____HP__P__	6	73
5|3|O_O_B_P_H_P____	5	73
5|3|O_POB_H____P___	5	73
5|3|O__OB_PH__P____	5	73
5|3|O____B_P_O_P_H_	5	73
5|3|_OOB_H___P__P__	5	73
5|3|O__OB__P___PH__	4	73
5|3|OPOB_____H_P___	7	72
5|3|O_PP_B___O_H___	6	72
5|3|O_B___H__P_P_O_	5	72
5|3|O__OB_HP_____P_	5	72
5|3|BO_O_____P__P_H	4	72
5|3|_O___PP__O_HB__	10	71
5|3|_O___P__PO_HB__	9	71
5|3|_B___O_OPP__H__	8	71
5|3|_B___OO_PP__H__	7	71
5|3|__O__OB_PP__H__	7	71
5|3|OO_P____HP__B__	6	71
5|3|O_O___B_____PPH	6	71
5|3|O_H___B_PO__P__	6	71
5|3|O_BO__H__P__P__	5	71
5|3|O__P__H__PB_O__	5	71
5|3|BO_O___P_H_P___	5	71
5|3|_OBO_P___H__P__	5	71
5|3|_OB__HP__P_O___	7	70
5|3|O__OB_H__P__P__	6	70
5|3|O__P___P_HBO___	6	70
5|3|O___P_BO_____PH	6	70
5|3|OOB_____PHP____	5	70
5|3|O__P____HP_OB__	5	70
5|3|O______H_PBO_P_	5	70
5|3|OP_O__B_____H_P	8	69
5|3|O_PO___B___H__P	8	69
5|3|OP_O___B___H__P	7	69
5|3|O_B_____H__PO_P	7	69
5|3|O_OB___P_H_P___	6	69
5|3|O_B_P_O_P____H_	6	69
5|3|O_HP__O__P_B___	6	69
5|3|O__B__HO_PP____	6	69
5|3|_O___B__OP_HP__	6	69
5|3|OBO_P___H____P_	5	69
5|3|O_B___O_PH____P	5	69
5|3|O_PH__B__O___P_	5	69
5|3|O_P_H_B_O_____P	5	69
5|3|O__B__HP_O_P___	5	69
5|3|O__PH_OB______P	5	69
5|3|O____BO__P__HP_	5	69
5|3|O____B_O_P_P_H_	5	69
5|3|OB___O__HPP____	7	68
5|3|BOPO_____H__P__	7	68
5|3|_O_B_O_P_H_P___	6	68
5|3|O_B___O__P__PH_	8	67
5|3|O__B__P__O__HP_	8	67
5|3|O_P__B__OP_H___	6	67
5|3|O___PB_O___H_P_	5	67
5|3|O___P_HP__B__O_	5	67
5|3|O___P_H___B_OP_	6	66
5|3|OO_B___P_HP____	5	66
5|3|OB_O___H_PP____	5	66
5|3|OB__O__HP_P____	5	66
5|3|OO__B__H___P_P_	6	65
5|3|OO__P__P_H___B_	6	65
5|3|O_O_B__PH__P___	6	65
5|3|O___O_B___H_PP_	6	65
5|3|BO_O____PH__P__	6	65
5|3|O_BO__H__P___P_	5	65
5|3|O_B_____HP_O_P_	5	65
5|3|O_P____HP__B__O	5	65
5|3|O_P____H_P_B_O_	5	65
5|3|OBP_O___H__P___	6	64
5|3|O_B_P___P__O_H_	6	64
5|3|O_HP__O____B__P	6	64
5|3|O__O_B_____PP_H	6	64
5|3|_O_B_H_P_O___P_	6	64
5|3|OBO_P___P____H_	5	64
5|3|OBO_____PH_P___	5	64
5|3|O_O_B_H_P_____P	5	64
5|3|_O___P_OPH_B___	5	64
5|3|__O__PO_PH__B__	5	64
5|3|OP__O__B____PH_	8	63
5|3|OB_____OHPP____	6	63
5|3|O___OB_____HPP_	6	63
5|3|_O_B_H_O_P___P_	6	63
5|3|OOB_____PH_P___	5	63
5|3|OO__B__PH_P____	5	63
5|3|O__P___B_O_P_H_	5	63
5|3|_O___O_PHP_B___	5	63
5|3|OO_P___B_____HP	6	62
5|3|OB____O_PP__H__	6	62
5|3|O_B___O_HP__P__	6	62
5|3|O_PP__H___B___O	6	62
5|3|O__O____B__PP_H	6	62
5|3|O__B__PH_O___P_	6	62
5|3|O___B_PP_O___H_	6	62
5|3|B_O__O__PP_H___	6	62
5|3|_O_B_P_H_O___P_	6	62
5|3|OBO_____HPP____	5	62
5|3|_OOB_H___P_P___	5	62
5|3|O_BH__O__P__P__	8	61
5|3|OOP_B___H_____P	6	61
5|3|O__B__PO_H___P_	6	61
5|3|O___OB_____PPH_	6	61
5|3|OPP_O__B_____H_	9	60
5|3|OP_PO__B___H___	8	60
5|3|_OB__O_P_H_P___	7	60
5|3|OP_B___P_O__H__	6	60
5|3|O_B___H_OP__P__	6	60
5|3|O_POB_P____H___	5	60
5|3|O__PB____O_HP__	5	60
5|3|OO_HP__B_____P_	6	59
5|3|OO_HP___P___B__	6	59
5|3|OB_OP__H__P____	6	59
5|3|OP_PH_O____B___	6	59
5|3|OP_H___B____O_P	6	59
5|3|_O_B_P_P_H_O___	6	59
5|3|O_P_H_O_B_____P	5	59
5|3|BOO_____PH_P___	5	59
5|3|_OBO_P___H_P___	5	59
5|3|O_OB__P____H__P	4	59
5|3|O_O_B_P____H_P_	4	59
5|3|_O___B_PPO_H___	7	58
5|3|_O___OB_PP__H__	6	58
5|3|O____B_O_P_H_P_	5	58
5|3|OP_P__B__O__H__	7	57
5|3|OPP_H___B__O___	6	57
5|3|O_PP__B__O__H__	6	57
5|3|O__OB_P__H__P__	6	57
5|3|B_OO__P__H___P_	5	57
5|3|OPP_O_B_____H__	9	56
5|3|OP_PO_B_____H__	9	56
5|3|OPP_O___B___H__	8	56
5|3|O_OPB__H__P____	7	56
5|3|OO_PB__H__P____	6	56
5|3|OB_OP__H______P	6	56
5|3|OP_B___P____H_O	6	56
5|3|O_B___O_PH__P__	6	56
5|3|O_B___P_OHP____	6	56
5|3|O_B___P_HPO____	6	56
5|3|O__B__HP_O___P_	6	56
5|3|OP_OB__P____H__	5	56
5|3|O_PB____O__H__P	5	56
5|3|OOP_B__H_____P_	7	55
5|3|OP_H___B_P___O_	7	55
5|3|O_OPB__H_____P_	7	55
5|3|OOB_P___H_____P	6	55
5|3|OOB_____H___P_P	6	55
5|3|OO_B___H____P_P	6	55
5|3|OO_B_____H__P_P	6	55
5|3|OO_PB__H_____P_	6	55
5|3|OO__B___H___P_P	6	55
5|3|OB_____HPPO____	6	55
5|3|_OB__H__PP_O___	6	55
5|3|_OOB_P___H_P___	5	55
5|3|O_OP___H_P_B___	7	54
5|3|OO_P___H_P_B___	6	54
5|3|OBO_____HP__P__	5	54
5|3|OB__O__PH_____P	5	54
5|3|OB____O_P___H_P	5	54
5|3|OB____O__P__HP_	5	54
5|3|OB_____HP__O__P	5	54
5|3|OB_____H_P_O_P_	5	54
5|3|O_BO__H__PP____	5	54
5|3|O_B_O_P_H_____P	5	54
5|3|O_B___P_O__H__P	5	54
5|3|O_B___P_H___O_P	5	54
5|3|O_B___P__O_H_P_	5	54
5|3|O_B___H_P__P__O	5	54
5|3|O_B____O_P_P_H_	5	54
5|3|O_B______P_P_OH	5	54
5|3|O_P___B__O__HP_	5	54
5|3|O_P___H_P_B___O	5	54
5|3|O_P___H__PB__O_	5	54
5|3|O__B__O__P__P_H	5	54
5|3|O__B___O_P_P__H	5	54
5|3|O__B___P_O_PH__	5	54
5|3|O__B___P_H_O__P	5	54
5|3|O__B___H_P_P_O_	5	54
5|3|O__P__HP__B___O	5	54
5|3|O___B_P__O__PH_	5	54
5|3|O___B__P_O_P_H_	5	54
5|3|O___PB__O__HP__	5	54
5|3|O___P_O_B___P_H	5	54
5|3|B_O__O___P_H_P_	5	54
5|3|B__O_O___P_HP__	5	54
5|3|OOB_P___H___P__	6	53
5|3|OPP_B___H_____O	6	53
5|3|OPP_B____O___H_	6	53
5|3|OOB_____HPP____	5	53
5|3|B_OO__H__P__P__	5	53
5|3|OP__PO_B_____H_	7	52
5|3|OP__P_OB_____H_	7	52
5|3|OP__P__B____OH_	7	52
5|3|OP__P___H___BO_	7	52
5|3|O_OPB__H___P___	7	52
5|3|OO_PB__H___P___	6	52
5|3|OO__P__HP__B___	6	52
5|3|OP__B___HO__P__	7	51
5|3|OP__P__B_O___H_	7	51
5|3|_O___B_POP_H___	7	51
5|3|OP_PH_B____O___	6	51
5|3|O__OBPH_____P__	6	51
5|3|O__OB_H____PP__	6	51
5|3|O_PPH_O____B___	5	51
5|3|O_PPH_B____O___	5	51
5|3|OBO_____HP_P___	5	50
5|3|OB_O___H_P_P___	5	50
5|3|OB_P__O_____H_P	5	50
5|3|OB_P___H_P_O___	5	50
5|3|OB__O__HP__P___	5	50
5|3|OB__P_O_____HP_	5	50
5|3|OB__P__HP__O___	5	50
5|3|OP_B___H_P___O_	5	50
5|3|OP_B____O___H_P	5	50
5|3|OP__B__PH_____O	5	50
5|3|O_B_P_P_H___O__	5	50
5|3|O_B_P__O___P_H_	5	50
5|3|O_B___O_HP___P_	5	50
5|3|O_HP__B__O__P__	5	50
5|3|O_HP___P___B__O	5	50
5|3|O__B__PH_O__P__	5	50
5|3|_OB__O__HP___P_	5	50
5|3|_O_B_P_H_O__P__	5	50
5|3|O_OB__P__H____P	4	50
5|3|O_OB__H__P_P___	4	50
5|3|O_O_B_P_H____P_	4	50
5|3|O_O_B_H_P__P___	4	50
5|3|O_B____O___P_PH	4	50
5|3|O__OB_PH____P__	4	50
5|3|O__OB_HP___P___	4	50
5|3|OPP_B____O__H__	8	49
5|3|OP_PB____O__H__	7	49
5|3|O_B___OP_P___H_	7	49
5|3|O__B__P_PO__H__	7	49
5|3|O_B___O_PP___H_	6	49
5|3|O_PPB____O_H___	6	49
5|3|O_PPB____O__H__	6	49
5|3|O__B__PP_O__H__	6	49
5|3|O_B__PO__H__P__	8	48
5|3|O_B__H__OP__P__	8	48
5|3|_OB__PO__H__P__	8	48
5|3|_OB__H__OP__P__	8	48
5|3|O_B__P__OH__P__	7	48
5|3|O_B__HO__P__P__	7	48
5|3|_OB__PO__H_P___	7	48
5|3|_OB__P__OH__P__	7	48
5|3|_OB__HO__P__P__	7	48
5|3|OB_OP__H_____P_	6	48
5|3|OP__H___B___O_P	6	48
5|3|O_OB__P__H_P___	6	48
5|3|O_B___H_POP____	6	48
5|3|_OB__P__OH_P___	6	48
5|3|OB_O___P_H___P_	5	48
5|3|OB_O___H_P___P_	5	48
5|3|O_B_O_P_H_P____	5	48
5|3|O__B__PO_H____P	5	48
5|3|O_____P_PHB_O__	4	48
5|3|_O_B_P_P_H___O_	4	48
5|3|OP__P__BH___O__	7	47
5|3|O_B__OP__P___H_	7	47
5|3|O_B__P__PO_H___	7	47
5|3|_OB__OP__P___H_	7	47
5|3|O__OBHP_____P__	6	47
5|3|O__OB__HP__P___	6	47
5|3|O__OB__H_P_P___	6	47
5|3|O__OB__H___PP__	6	47
5|3|_OB__O__PP___H_	6	47
5|3|O__OB_P_H___P__	6	46
5|3|O__OB_H_P___P__	6	46
5|3|O___PB_OP__H___	6	46
5|3|B_OP_O___P_H___	6	46
5|3|_O___O__PB_HP__	6	46
5|3|OOB_____HP_P___	5	46
5|3|OO_B___H_PP____	5	46
5|3|OO__B__HP_P____	5	46
5|3|OBO_____PH__P__	5	46
5|3|OB__O__HP_____P	5	46
5|3|O_BO__P__HP____	5	46
5|3|O_BO__P__H__P__	5	46
5|3|O_B_O_P_H___P__	5	46
5|3|O__B_____P_PO_H	5	46
5|3|O____B_O___P_PH	4	46
5|3|_O___P__PH_BO__	4	46
5|3|OB_OP__H___P___	6	45
5|3|OPO_B___H_P____	6	45
5|3|OP_H___B_P__O__	6	45
5|3|OP__H__O_P___B_	6	45
5|3|O_O_B_P_H__P___	6	45
5|3|O_P___B_OP__H__	6	45
5|3|O__B__OP_HP____	6	45
5|3|O____B_PPO_H___	6	45
5|3|BO_O___P_H__P__	6	45
5|3|_O___OP_PH_B___	6	45
5|3|OB_PO__H____P__	5	45
5|3|O_B___H_OP_P___	5	45
5|3|O____B__PO_HP__	5	45
5|3|O_____H__PB_PO_	5	45
5|3|O_______OBHPP__	5	45
5|3|_OOB_P___H___P_	5	45
5|3|_O___O_PPH_B___	5	45
5|3|OPO_B___H___P__	6	44
5|3|B_OO__H__P___P_	5	44
5|3|__O__PO_HP__B__	5	44
5|3|O_____HP_PB__O_	4	44
5|3|BO_O___H_P__P__	4	44
5|3|OPP_B__H______O	8	43
5|3|O____B_PPO__H__	8	43
5|3|OP_PB__H______O	7	43
5|3|O____BP_PO__H__	7	43
5|3|O_B___H_PO__P__	6	43
5|3|O_PPB__H______O	6	43
5|3|O__OB__PH__P___	6	43
5|3|O__OB__P_H_P___	6	43
5|3|O__B__OP_H___P_	6	43
5|3|O____BPP_O__H__	6	43
5|3|O____BPP_O___H_	6	43
5|3|_OB__P__PH__O__	4	43
5|3|O_B__PO__HP____	9	42
5|3|O_B__P__OHP____	8	42
5|3|OP__P__O____BH_	7	42
5|3|_OB__OP__H_P___	7	42
5|3|_BP__O__OP__H__	7	42
5|3|_BH__O__OP__P__	7	42
5|3|OPO_H___B_____P	6	42
5|3|OPO_H____P___B_	6	42
5|3|O_PPB_H_______O	6	42
5|3|O_H___B_OP__P__	6	42
5|3|O__OBP_H___P___	6	42
5|3|O__OBH_P___P___	6	42
5|3|BOO_____HP_P___	5	42
5|3|OO__P__BP____H_	8	40
5|3|OP__P__OH___B__	7	40
5|3|_O___B_OPP_H___	7	40
5|3|OP_H___O_P__B__	6	40
5|3|B_OO__P__H__P__	5	40
5|3|O_B___P_PH__O__	4	40
5|3|O____B_POP_H___	6	39
5|3|OBP_O___H____P_	5	39
5|3|OB_O___P_H_P___	5	39
5|3|OB__O__PH__P___	5	39
5|3|O_B___P_OH____P	5	39
5|3|O_PB__H__P___O_	5	39
5|3|O__B__HO_P_P___	5	39
5|3|O__PB_HP______O	5	39
5|3|O____BP__O__PH_	5	39
5|3|O______H_PBP_O_	5	39
5|3|O__B__HP_P___O_	4	39
5|3|_O_B_H_P_P___O_	4	39
5|3|OPO_B_H______P_	7	38
5|3|O_OPB__H______P	7	38
5|3|OO_PB__H______P	6	38
5|3|OP_H___O____B_P	6	38
5|3|BOO_____HP__P__	5	38
5|3|OPO_B___H_____P	6	37
5|3|_B___OPO_P__H__	9	36
5|3|_B___OP_OP__H__	8	36
5|3|__O__OPP_B__H__	8	36
5|3|__O__OP_PB__H__	8	36
5|3|_B___O_POP__H__	7	36
5|3|__O__O_PPB__H__	7	36
5|3|OOP_B___H____P_	5	36
5|3|OP__O__BP____H_	8	35
5|3|_O___P_OHP_B___	5	35
5|3|O_B____POHP____	7	34
5|3|OO_B___H_P_P___	5	34
5|3|OO__B__HP__P___	5	34
5|3|BOO_____PH__P__	5	34
5|3|OBP_O___P____H_	5	33
5|3|_O___O_PPB_H___	7	32
5|3|O__OB_HP____P__	6	32
5|3|OOB_P___H____P_	5	32
5|3|OOB_____HP__P__	5	32
5|3|OO_B___P_H_P___	5	32
5|3|OO__B__PH_____P	5	32
5|3|OB_PO__P____H__	5	32
5|3|O_____B__OH_PP_	5	32
5|3|O_______BOHPP__	5	32
5|3|O_B___P_OH__P__	6	31
5|3|O__B__HO_P___P_	6	31
5|3|OPP_H___B_O____	6	30
5|3|O__OB_PH___P___	6	30
5|3|O__B__PP_HO____	6	30
5|3|OO__B__PH__P___	5	30
5|3|OBO_____PH____P	4	30
5|3|OBO_____P____HP	4	30
5|3|OBO_____HP___P_	4	30
5|3|OBO______P___PH	4	30
5|3|OB_O___P_H____P	4	30
5|3|OB_O___P____H_P	4	30
5|3|OB_O___H_P__P__	4	30
5|3|OB_O_____P__P_H	4	30
5|3|OB__O__PH____P_	4	30
5|3|OB__O__P____HP_	4	30
5|3|OB__O__HP___P__	4	30
5|3|OB__O___P___PH_	4	30
5|3|OB_____PHP_O___	4	30
5|3|O_BO__P__H____P	4	30
5|3|O_BO__P____H__P	4	30
5|3|O_BO__H__P_P___	4	30
5|3|O_BO_____P_P__H	4	30
5|3|O_B_O_P_H____P_	4	30
5|3|O_B_O_P____H_P_	4	30
5|3|O_B___P_HP__O__	4	30
5|3|O__B__PH_P___O_	4	30
5|3|O___B_PHP_____O	4	30
5|3|O___B____O_PHP_	4	30
5|3|O____B___O_PHP_	4	30
5|3|O_____PH_PB__O_	4	30
5|3|O_____P_HPB_O__	4	30
5|3|O______PHPBO___	4	30
5|3|_OB__P__HP__O__	4	30
5|3|_O_B_P_H_P___O_	4	30
5|3|_O___P__HP_BO__	4	30
5|3|OP__P__BO____H_	7	29
5|3|OO_B___P_H___P_	5	29
5|3|OO_B___H_P___P_	5	29
5|3|_OOB_H___P___P_	5	29
5|3|_O___O_HPP_B___	5	29
5|3|OB_OP__H____P__	5	27
5|3|OP_H___B_O___P_	5	27
5|3|OP_H____P___B_O	5	27
5|3|OP__H__OB_____P	5	27
5|3|OP__H____P__OB_	5	27
5|3|O_B___H_PO_P___	5	27
5|3|O__B__OP_H____P	5	27
5|3|O__B_____P_OP_H	5	27
5|3|O____B__OP_HP__	5	27
5|3|O_____H__PB_OP_	5	27
5|3|_O___H_OPP_B___	5	27
5|3|OOP_H___B_____P	6	26
5|3|OOP_H____P___B_	6	26
5|3|O_OPB__P____H__	6	26
5|3|O____B_OPP_H___	6	25
5|3|OOB_P___P____H_	5	25
5|3|OOB_____PH__P__	5	25
5|3|OO_PB__P____H__	5	25
5|3|OO__B__HP_____P	5	25
5|3|O_____O__BH_PP_	5	25
5|3|__O__OP_HP__B__	5	25
5|3|O_OPB__H____P__	6	23
5|3|OOP_B___P____H_	5	23
5|3|OO_PB__H____P__	5	23
5|3|OB_OP__P____H__	5	23
5|3|OPP_H___B___O__	6	22
5|3|OPP_H___B_____O	6	22
5|3|OPO_B___H____P_	5	22
5|3|__O__P_POH__B__	6	20
5|3|__O__PP_OH__B__	5	20
5|3|OOB_____PH____P	4	19
5|3|OOB_____P____HP	4	19
5|3|OOB_____HP___P_	4	19
5|3|OOB______P___PH	4	19
5|3|OO_B___P_H____P	4	19
5|3|OO_B___P____H_P	4	19
5|3|OO_B___H_P__P__	4	19
5|3|OO_B_____P__P_H	4	19
5|3|OO__B__PH____P_	4	19
5|3|OO__B__P____HP_	4	19
5|3|OO__B__HP___P__	4	19
5|3|OO__B___P___PH_	4	19
5|3|OB____O_____PPH	4	19
5|3|OB_____PPH_O___	4	19
5|3|OB_____HPP_O___	4	19
5|3|O_B___H_PP__O__	4	19
5|3|O__B__PP_H___O_	4	19
5|3|O__B____O__PP_H	4	19
5|3|O___B_PPH_____O	4	19
5|3|O___B_HPP_____O	4	19
5|3|O___B____O_PPH_	4	19
5|3|O___B____O_HPP_	4	19
5|3|O____BO_____PPH	4	19
5|3|O____B__O__PP_H	4	19
5|3|O____B___O_PPH_	4	19
5|3|O____B___O_HPP_	4	19
5|3|O_____PP_HB__O_	4	19
5|3|O_____H_PPB_O__	4	19
5|3|O______PPHBO___	4	19
5|3|O______HPPBO___	4	19
5|3|BOO_____HP___P_	4	19
5|3|BOO______P___PH	4	19
5|3|B_OO__H__P_P___	4	19
5|3|B_OO_____P_P__H	4	19
5|3|_OB__H__PP__O__	4	19
5|3|_O___H__PP_BO__	4	19
5|3|_O___H_POP_B___	5	17
5|3|OPO_B___P____H_	5	16
5|3|OPP_H___B____O_	5	13
5|3|OPP_H___O____B_	5	12
5|3|_O___H_PPO_B___	5	12