5|3|PO__P_____P_B_P	7	904
5|3|OPP_P_____P__B_	9	525
5|3|OP_PP_____P__B_	8	523
5|3|O_PPP_____P__B_	8	517
5|3|O_P_P__P__P__B_	7	387
5|3|PPO_P______B_P_	6	361
5|3|O_P_P___P_P__B_	7	354
5|3|O_PPP______P_B_	6	344
5|3|OP_PB_____P_P__	5	330
5|3|O_PPB_____P_P__	5	324
5|3|P_B_PP_____O__P	6	320
5|3|OPP_B_____P__P_	5	301
5|3|PO__P______PB_P	6	295
5|3|PO__P_____P_BP_	6	293
5|3|O__PP_____P_PB_	5	293
5|3|O___P_____PBP_P	6	289
5|3|OP__P_____PB_P_	6	272
5|3|O__P_____PPB_P_	6	261
5|3|P_PB_____OP___P	8	260
5|3|OP_PP______P_B_	5	256
5|3|PP_B_____OP___P	7	252
5|3|O__P___P_BP_P__	5	250
5|3|PPO_P______B__P	5	233
5|3|P_O_P_P____B_P_	5	232
5|3|OPP_P_______B_P	6	231
5|3|OPP_P_____P_B__	5	227
5|3|O___PP_P____B_P	6	225
5|3|P_B____P_PP__O_	6	225
5|3|P_P_PO___P_B___	8	224
5|3|OPP_P______P_B_	5	222
5|3|OP_PP_______B_P	5	220
5|3|P_B_P__P__P__O_	6	219
5|3|P_O____P_PP__B_	6	217
5|3|O_P_P__P__P_B__	5	217
5|3|OP__P_____P_PB_	4	212
5|3|OP__PP_____B__P	6	211
5|3|OP_PB_______P_P	5	209
5|3|O_PPB______P__P	5	209
5|3|O___P_____PPB_P	7	206
5|3|O___P____PP_B_P	6	201
5|3|P_O____P_BP__P_	5	200
5|3|O_P_P___P__P_B_	5	197
5|3|P_BP_____PP__O_	5	197
5|3|O___P_____P_BPP	7	196
5|3|OPP_B_______P_P	5	193
5|3|O___P_P___PB__P	8	179
5|3|O_PPB______P_P_	4	177
5|3|PP_______OP_PB_	7	173
5|3|O_P_PP___B___P_	6	172
5|3|O_P_P_P__B___P_	6	170
5|3|OP_P_____P_P_B_	5	170
5|3|O__PP__P___B__P	8	169
5|3|OP__P__P___B__P	7	169
5|3|OP__PP_____B_P_	6	169
5|3|O_P_P_P____B_P_	5	166
5|3|PP_B_____OPP___	6	165
5|3|OP__P__P__P__B_	7	164
5|3|O__PP__P__P__B_	6	164
5|3|OP_P_P___B__P__	6	159
5|3|O_PP_P___B__P__	5	155
5|3|O_P_PP_P_____B_	6	152
5|3|P_O_P_P____B__P	4	149
5|3|O__P____PBP_P__	5	147
5|3|P_O_____PBP_P__	4	140
5|3|O__PP_P____B__P	8	138
5|3|OP__P_P____B__P	7	138
5|3|O_PPPP_______B_	7	138
5|3|O___PP____PB__P	8	135
5|3|O___PP_____BP_P	5	134
5|3|OP__P___P_P__B_	7	133
5|3|P_B__P___PP__O_	6	132
5|3|O_P_P_P____B__P	4	131
5|3|OPP_PP_______B_	8	130
5|3|OP_PPP_______B_	7	130
5|3|O__PP___P_P__B_	6	129
5|3|O_P_PP__P____B_	6	128
5|3|OP__P____B_P__P	5	126
5|3|P_B___P__PP__O_	6	124
5|3|OP__P_B____P__P	5	121
5|3|PP__PP___O___B_	8	116
5|3|P_PP_O___P_B___	8	114
5|3|PP_P_O___P_B___	7	114
5|3|P_O_____PBP__P_	5	114
5|3|PP__PO___P_B___	7	112
5|3|P__B_P___OP___P	8	107
5|3|O___PP__P___B_P	6	107
5|3|OPP_B______P_P_	4	107
5|3|O___PP___P__B_P	6	105
5|3|PPB______PP__O_	6	105
5|3|O_P__P___P_PB__	5	102
5|3|PPO_P______BP__	5	101
5|3|P_B___O__PP___P	6	100
5|3|OPP_P____B_P___	5	100
5|3|P_B__O___PP___P	6	99
5|3|PO__P_P____B_P_	5	95
5|3|OP__P_B____P_P_	5	94
5|3|PO__P____P_PB__	6	93
5|3|PO__PP______BP_	7	92
5|3|P___PO___P_B_P_	6	92
5|3|OPP_P___B__P___	5	92
5|3|P__B____POP__P_	6	91
5|3|OP__P__P__P_B__	5	91
5|3|P_PB____P__O__P	5	89
5|3|O___PP______BPP	6	87
5|3|O___P____PPPB__	6	85
5|3|OP__P_______PBP	6	84
5|3|O___P____PP_BP_	6	84
5|3|O__P__P__PPB___	7	83
5|3|O___P_P__PPB___	7	83
5|3|P_PB_P___O_P___	6	83
5|3|OPP_B____P_P___	5	81
5|3|O_PPBP_______P_	5	81
5|3|O_PPB_P______P_	5	81
5|3|O__P_P___PPB___	7	80
5|3|O___PP___PPB___	7	80
5|3|PO__P______PBP_	5	80
5|3|P_O_____PPP__B_	6	79
5|3|P_P_____POP__B_	6	77
5|3|OPP_B___P__P___	5	77
5|3|OPP_BP_______P_	6	75
5|3|OPP_B_P______P_	6	75
5|3|OP_PB_P______P_	5	75
5|3|O_P_PP_P____B__	4	75
5|3|OP__P__P____B_P	5	74
5|3|OP__P_P__B___P_	6	72
5|3|P_PO_B___P_P___	6	72
5|3|OPP_P_______BP_	5	72
5|3|O__PP_P__B___P_	5	72
5|3|O_PPB___P__P___	6	69
5|3|O_PPB____P_P___	6	69
5|3|OP_PB___P__P___	5	69
5|3|OP_______PPPB__	5	69
5|3|PO_______PPPB__	5	69
5|3|OPP_BP______P__	8	68
5|3|OPP_B____P__P__	8	68
5|3|OP_PBP______P__	7	68
5|3|OP_PB____P__P__	7	68
5|3|O_PPBP______P__	6	68
5|3|O_PPB____P__P__	6	68
5|3|O_P_P_P_B__P___	5	68
5|3|O_PPB______PP__	4	67
5|3|OP_PP_______BP_	4	66
5|3|O__PP__P_P_B___	7	65
5|3|P__B____POP___P	7	65
5|3|OP__P__P_P_B___	6	65
5|3|_B_P_P_P_P__O__	5	65
5|3|OP_PB______PP__	4	65
5|3|PPP__O___P_B___	7	64
5|3|OP__PP_P_____B_	6	64
5|3|O__PPP_P_____B_	5	64
5|3|P__B_P_P_P__O__	5	64
5|3|O___P__P__P_BP_	6	63
5|3|P_PO___P_P_B___	6	63
5|3|O__PP___P__P_B_	5	63
5|3|PP_O___P_P_B___	5	63
5|3|_OPP_B___P__P__	5	63
5|3|_OPP_P___B__P__	5	63
5|3|OP__P___P__P_B_	4	63
5|3|OPP_P______PB__	4	60
5|3|OP_PB_______PP_	4	59
5|3|O__PP_P__P_B___	7	57
5|3|OP__P_P__P_B___	6	57
5|3|O_P__P____B__PP	5	57
5|3|O___P__PP_P__B_	5	57
5|3|OPP______P_PB__	6	55
5|3|PPPO_____P_B___	7	54
5|3|P_PO__P__P_B___	6	53
5|3|PP_O__P__P_B___	5	53
5|3|O_P_B_P__P_P___	4	53
5|3|OP__PP__P____B_	6	52
5|3|O__PPP__P____B_	5	52
5|3|OPP_B_______PP_	4	52
5|3|PPPB_____O_P___	7	51
5|3|O__P_P____BP__P	4	50
5|3|_P_P_B_P_P__O__	4	50
5|3|OPP_PP______B__	5	49
5|3|OPP_P____P__B__	5	49
5|3|P__O_P___P_PB__	5	49
5|3|OP__PP____B__P_	4	49
5|3|O_P_B_P_P__P___	4	49
5|3|_O_P_B_P_P__P__	4	49
5|3|_O_P_P_P_B__P__	4	49
5|3|OP___P___PPB___	6	48
5|3|O_P____P_P_PB__	5	48
5|3|OP____P__PPB___	6	47
5|3|P_PB__P__O_P___	6	47
5|3|P_P_____PO_P_B_	5	47
5|3|O_P_BP__P____P_	4	47
5|3|O_P_B_P_P____P_	4	47
5|3|O___PPP___B___P	4	47
5|3|BPPO_______P__P	4	47
5|3|P__P_P_P_B__O__	4	46
5|3|O__P_P_P_B__P__	4	45
5|3|OPPB_______P__P	4	44
5|3|OPPP_______B__P	5	40
5|3|O_P___P__P_PB__	5	40
5|3|O__PPP____B_P__	5	40
5|3|_BP__P_P_P__O__	4	39
5|3|P_P__OP__P_B___	6	38
5|3|O____P_P_PPB___	5	38
5|3|P__B_PP__OP____	7	36
5|3|P__B_P__POP____	6	36
5|3|_P_P_BP__P__O__	4	36
5|3|P_PB____PO_P___	5	35
5|3|_O_P_BP__P__P__	4	35
5|3|_O_P_P__PB__P__	4	35
5|3|OPP_P__B_____P_	5	34
5|3|OP_PP__B_____P_	4	34
5|3|OP__PP_____BP__	5	32
5|3|O___PP___P__BP_	5	32
5|3|P__B_P__PP__O__	5	32
5|3|OPP_P__B___P___	4	32
5|3|PPO__B___P_P___	5	31
5|3|_B_P_PP__P__O__	5	31
5|3|P_B__PO__PP____	6	30
5|3|P__P_OP__P_B___	6	30
5|3|P___POP__P_B___	6	30
5|3|P__B_P__PO__P__	5	30
5|3|P___PO___P_PB__	5	30
5|3|_B_P_OP__P__P__	5	30
5|3|OPPB_____P_P___	5	29
5|3|P__O___P_P_PB__	5	29
5|3|OP__P____P__PB_	5	28
5|3|O___PP_P____BP_	5	28
5|3|PPO____P_P_B___	5	28
5|3|OP_P__P__P_B___	4	28
5|3|P_PO___P_P__B__	4	28
5|3|P__P_BP__P__O__	4	28
5|3|P__P_P__PB__O__	4	28
5|3|OPP____P_P_B___	5	27
5|3|O__P_P__PB__P__	4	27
5|3|O_____PP_PPB___	5	26
5|3|P__O__P__P_PB__	5	26
5|3|P__P____PO_P_B_	5	26
5|3|OPPB_____P__P__	5	25
5|3|BPPO_____P_P___	5	25
5|3|BPPO_____P__P__	5	25
5|3|P__B___PPOP____	5	25
5|3|O_PB__P__P_P___	4	25
5|3|P_O__BP__P_P___	4	25
5|3|O__PP_P_B__P___	5	24
5|3|P___POP____B_P_	5	24
5|3|OP__P_P_B__P___	4	24
5|3|OP__PP_P____B__	4	23
5|3|OP__P__P_P__B__	4	23
5|3|P_O___PP_P_B___	4	23
5|3|P_P__BP__P_O___	4	23
5|3|_BP__PP__P__O__	4	23
5|3|O___PP__P___BP_	5	22
5|3|PPO___P__P_B___	5	22
5|3|P___PP__O___BP_	5	22
5|3|O_P___PP_P_B___	4	22
5|3|O___PP_PP____B_	4	22
5|3|P__O__PP_P_B___	4	22
5|3|_BP__OP__P__P__	4	22
5|3|OP_B___P_P__P__	4	21
5|3|OP__B_P_P____P_	4	21
5|3|BP_O___P_P__P__	4	21
5|3|B_PO__P__P_P___	4	21
5|3|O__PB_P_P____P_	3	21
5|3|OPP___P__P_B___	5	19
5|3|O__PB_P_P__P___	4	19
5|3|O__P__BP_P__P__	4	19
5|3|O___P_P_PB___P_	4	19
5|3|P__P__BP_P__O__	4	19
5|3|P___PBP_P__O___	4	19
5|3|OP__B_P_P__P___	3	19
5|3|PB___OP__PP____	5	13
5|3|O____PP__PPB___	5	12
5|3|_O___BPP_P_P___	4	9
5|3|O____PPP_PB____	4	8
5|3|OPB___P__P_P___	3	6
5|3|BPO___P__P_P___	3	6