4|4|O_O_____B__P_H__	7	202
4|4|P_O________OHB__	6	200
4|4|O_P_________BH_O	8	198
4|4|O_P________BO_H_	9	197
4|4|O_P________OBH__	8	188
4|4|P_O_____H__O_B__	6	183
4|4|O_O________HP_B_	8	178
4|4|O_O____P_H____B_	6	169
4|4|P_O______O_H_B__	5	161
4|4|O_H____P_O____B_	6	157
4|4|_O_____OP____BH_	9	153
4|4|O_PH_______B_O__	5	151
4|4|O__P_____H_O_B__	7	147
4|4|OP_O_______B_H__	7	145
4|4|P_O______O_H__B_	7	139
4|4|O_P________O_HB_	5	138
4|4|O_O_________HB_P	7	135
4|4|O_O_____B__PH___	9	134
4|4|OP_O_____H____B_	7	133
4|4|O_P____O_B____H_	5	128
4|4|O_P_____H__OB___	8	126
4|4|O_O________PHB__	7	123
4|4|O_OB_______H_P__	4	123
4|4|OB_____O_H____P_	6	122
4|4|O_OB_______P_H__	4	121
4|4|O_HB_______O_P__	7	120
4|4|O_P_____H__O_B__	6	120
4|4|_OB_____O__P__H_	5	119
4|4|O__O_B_______HP_	5	118
4|4|P_O______H_O__B_	4	118
4|4|O_O________PBH__	5	117
4|4|O_P______O_B__H_	6	116
4|4|O_P______B___H_O	9	115
4|4|_O__P__O_____BH_	8	115
4|4|P_O____O_B____H_	5	114
4|4|O__O_____H__P_B_	7	112
4|4|O_P________B_HO_	5	111
4|4|P_O________H_BO_	5	111
4|4|P_O____H_O___B__	6	110
4|4|O_O__B_____P_H__	5	109
4|4|P_O________H_OB_	5	109
4|4|OP_O______H_B___	6	107
4|4|_OB_____O__P_H__	6	107
4|4|O_B____O_P____H_	5	104
4|4|O__O_B______PH__	5	103
4|4|_OB____OP_____H_	5	103
4|4|O__P_____O_H__B_	7	101
4|4|P_O________OH_B_	7	101
4|4|P_O_______BOH___	6	101
4|4|P_O______H_O_B__	5	101
4|4|O__H_____P_B_O__	6	100
4|4|O_O___B____H_P__	6	97
4|4|_O__O__P_____HB_	7	96
4|4|O_PH_____B____O_	5	96
4|4|O__H_____P_O__B_	6	95
4|4|PO_H_______B_O__	5	95
4|4|P_H______O_O_B__	4	95
4|4|O_O______P_H__B_	5	94
4|4|O_O______H_P__B_	5	94
4|4|O_PH______O_B___	6	92
4|4|O_P__B_____O_H__	6	92
4|4|O__O_B___H____P_	6	92
4|4|O__P______B_H_O_	7	91
4|4|PH_____O_B____O_	5	91
4|4|O__O_B____P__H__	5	90
4|4|O_P___O____B_H__	5	89
4|4|O_P______O_B_H__	5	89
4|4|O__P_____H___BO_	7	88
4|4|O_O___B______H_P	5	87
4|4|O__O_____H___PB_	6	85
4|4|O_OP_______H_B__	5	85
4|4|O_O___B__H_____P	5	85
4|4|O_H______P_O_B__	4	85
4|4|_O__B__PH_____O_	5	84
4|4|O_P_____H__B__O_	8	83
4|4|OO_P_______H_B__	6	83
4|4|O__P_____H___OB_	6	83
4|4|O_PH___B_____O__	6	82
4|4|O_OB_____H____P_	5	82
4|4|_OB_H______P_O__	5	82
4|4|_OH_B______O_P__	5	82
4|4|O_P___H____B_O__	5	81
4|4|P_O_____B__OH___	7	80
4|4|_O_____HP_O__B__	6	80
4|4|O_O____B_P___H__	5	80
4|4|O_P____O___B_H__	5	80
4|4|P____H_O_____BO_	5	80
4|4|O_B____O_P___H__	6	79
4|4|_OP_____O__B__H_	6	79
4|4|O_OB______P_H___	5	79
4|4|O__P______O_HB__	5	79
4|4|O__H_____B___O_P	5	79
4|4|P_B____O_O____H_	5	79
4|4|OB_P_____H___O__	7	78
4|4|O_O____B_H____P_	6	78
4|4|O_P____H___B_O__	6	78
4|4|O__O_B____H_P___	6	78
4|4|O__O_____P___HB_	6	78
4|4|P_B__O_O______H_	5	78
4|4|O_HB___O_____P__	7	77
4|4|O_O__B_____HP___	5	77
4|4|O_PH_____O____B_	5	77
4|4|O_H____P_____OB_	5	77
4|4|_OO_B______H_P__	5	77
4|4|_OB_O______P_H__	5	77
4|4|O__P_B_____H_O__	7	76
4|4|P_O___B____OH___	7	76
4|4|P_O__H_____O_B__	6	76
4|4|O_P____H_O___B__	4	76
4|4|O__H_B_____P_O__	6	75
4|4|O_H_______B_P__O	5	75
4|4|_O____B_O__P__H_	5	75
4|4|O_P______B_O__H_	4	75
4|4|P_OH_______B_O__	4	75
4|4|O_O__B_____H_P__	6	74
4|4|O_O____B___H_P__	7	73
4|4|O_P____O_____BH_	6	73
4|4|O_O___B______P_H	5	73
4|4|O__P_O_______BH_	5	73
4|4|O_OB_____P____H_	4	73
4|4|O_____O__P_B_H__	4	73
4|4|OB_P_______H_O__	7	72
4|4|O_O____B____PH__	7	72
4|4|O_P_______H_B__O	6	72
4|4|O_O____B_P__H___	5	72
4|4|O_O______P_H_B__	4	72
4|4|O_OB____P_____H_	7	71
4|4|_OB____HO____P__	7	71
4|4|O_P_______OBH___	6	71
4|4|P_BH_______O_O__	6	71
4|4|O_BH_______P_O__	5	71
4|4|_O____B_O__H__P_	5	71
4|4|O__O_B___H___P__	5	70
4|4|P_O_____B__O_H__	5	70
4|4|_O____O_P__B__H_	5	70
4|4|P_H____O_O___B__	8	69
4|4|_OB_O__H_____P__	6	69
4|4|O__O_B___P___H__	5	69
4|4|_OB_____O__H__P_	5	69
4|4|_O__B__P_H____O_	5	69
4|4|O_O________H_B_P	4	69
4|4|O__P_H_______BO_	4	69
4|4|_OP_____H__B__O_	7	68
4|4|O__H_B_______OP_	6	68
4|4|O__O_B_______H_P	5	68
4|4|O__P_B_____O_H__	5	68
4|4|O_O________P_BH_	4	68
4|4|O_P______B_O_H__	4	68
4|4|O_O____B__H_P___	7	67
4|4|_O___O__P__B__H_	6	67
4|4|O_O_______B__H_P	5	67
4|4|_O_____PH_O___B_	4	67
4|4|OP_B_____O____H_	7	66
4|4|O_PB_____O____H_	6	66
4|4|O_HP___B_____O__	6	66
4|4|O_P____H_B____O_	5	66
4|4|O_P______HB____O	5	66
4|4|O_P____O____BH__	7	65
4|4|P_B__O_O____H___	7	65
4|4|O_H____P_O___B__	5	65
4|4|PO_H_____B____O_	5	65
4|4|O_H__P_B____O___	6	64
4|4|O__P______BH_O__	5	64
4|4|OOB________P_H__	4	64
4|4|OBO________P_H__	4	64
4|4|_O_____HP_O___B_	4	64
4|4|O_O_______HPB___	5	63
4|4|O_H____P__O___B_	5	63
4|4|O_PH_______O_B__	4	63
4|4|P_O____O_H____B_	4	63
4|4|P_O____O____HB__	7	62
4|4|O_H___B_____P__O	6	62
4|4|O_H___P____B_O__	5	62
4|4|_OB____PH_____O_	5	62
4|4|_OH_____P__O__B_	5	62
4|4|_O____HPO_____B_	5	62
4|4|O__P______OH_B__	4	62
4|4|P_O__B_____O_H__	4	62
4|4|O__O_B______HP__	5	61
4|4|O__O_B_______PH_	5	61
4|4|O__O_B_______P_H	5	61
4|4|O__H_B_____O_P__	5	61
4|4|O_H____P_B____O_	9	60
4|4|O_P______B_H__O_	8	60
4|4|OH_O__B______P__	7	60
4|4|_O__B__H__O__P__	7	60
4|4|_O__BO_H_____P__	6	60
4|4|O_PH______B_O___	5	60
4|4|O_P_______OB_H__	5	60
4|4|O__O_____BP___H_	5	60
4|4|O__H__P____B_O__	5	60
4|4|O____BH______O_P	5	60
4|4|P_O_______OBH___	5	60
4|4|P_O_______OH_B__	5	60
4|4|_O__B_OH_____P__	5	60
4|4|O_O___B_______HP	5	59
4|4|O_P____H____BO__	5	59
4|4|O_B______O_P_H__	4	59
4|4|O_P___H__B_____O	4	59
4|4|O_H____P_O__B___	7	58
4|4|O_OP_____H____B_	6	58
4|4|O_H__B_P_____O__	6	58
4|4|O_____BO_____PH_	6	58
4|4|O_____HP_____OB_	6	58
4|4|O__P___H__B__O__	5	58
4|4|_OH____PO_____B_	5	58
4|4|P_O_______BO_H__	4	58
4|4|OBO______H_____P	6	57
4|4|O_O___B____P_H__	6	57
4|4|O__P______B_HO__	6	57
4|4|O_O_______PHB___	5	57
4|4|O_HP_______B_O__	5	57
4|4|O__P___H__O__B__	4	57
4|4|O_P____H__B_O___	8	56
4|4|OB____P__H_____O	7	56
4|4|O_P________O_BH_	5	56
4|4|O_HP______B____O	5	56
4|4|O__O_B____H__P__	5	56
4|4|O__P_H_O_____B__	5	56
4|4|O__P_H___B____O_	5	56
4|4|O_____B__H___O_P	5	56
4|4|_O___P__O__H__B_	5	56
4|4|O_O__B_____H__P_	4	56
4|4|O__P_B____O__H__	4	56
4|4|O_O___B___H____P	6	55
4|4|O_P__H_____B_O__	6	55
4|4|P_O__B_____H_O__	6	55
4|4|P_____OH_B___O__	5	55
4|4|O_OB______H_P___	4	55
4|4|O_P____H___B__O_	6	54
4|4|O__B_____O_H_P__	5	54
4|4|O__P_BH______O__	5	54
4|4|O__H_B_O______P_	5	54
4|4|O_O________H_BP_	4	54
4|4|O__P_H____O__B__	4	54
4|4|O__P_H_____B__O_	6	53
4|4|O_HP______B_O___	5	53
4|4|P_H____O_____BO_	5	53
4|4|O__P__O____B_H__	4	53
4|4|OP_B_____H_____O	5	52
4|4|O_P____H__B__O__	5	52
4|4|O__P__H____B_O__	5	52
4|4|_OB____PO_____H_	5	52
4|4|O_PB_____H_____O	4	52
4|4|O__H__P__O___B__	3	52
4|4|O_____O__P_B__H_	7	51
4|4|P_B____O__O___H_	6	51
4|4|P____H_O___B_O__	6	51
4|4|O_B____O_P__H___	5	51
4|4|O__P_H____B__O__	5	51
4|4|P_OH_____B____O_	5	51
4|4|O_____OB_H___P__	4	51
4|4|P__H__O__B___O__	4	51
4|4|_O___B__O__H__P_	4	51
4|4|OB______P__H_O__	8	50
4|4|OO____B____H_P__	7	50
4|4|OH____B____O_P__	6	50
4|4|PO_H_____O____B_	6	50
4|4|OB_______H_O__P_	5	50
4|4|O_O___H_____B__P	5	50
4|4|P_OH_____O____B_	5	50
4|4|_O__P_BO______H_	5	50
4|4|_O__P__H__O__B__	5	50
4|4|O_O___P____H_B__	4	50
4|4|O_HP_______O_B__	4	50
4|4|O__B_H______P_O_	4	50
4|4|O_____B__P_O_H__	4	50
4|4|P__H_O_______BO_	4	50
4|4|_O__B_O____H_P__	4	50
4|4|P_H____B_O___O__	8	49
4|4|P_O____O__B_H___	7	49
4|4|_O__B____H_O__P_	6	49
4|4|O_H______PB____O	5	49
4|4|O____B_P_____HO_	5	49
4|4|O_____B____H_O_P	5	49
4|4|O_P__H_____O_B__	4	49
4|4|O_H________O_B_P	4	49
4|4|O_O___B____HP___	8	48
4|4|_OB____PO____H__	8	48
4|4|_O__H__P_B____O_	8	48
4|4|OB_P__H______O__	4	48
4|4|O_O_____P__H_B__	4	48
4|4|O_O_____H__P_B__	4	48
4|4|O__P_O___B____H_	4	48
4|4|_O__B__P__O___H_	4	48
4|4|O_P___B_____H__O	6	47
4|4|O_O____B_H__P___	5	47
4|4|O_O____B_H___P__	5	47
4|4|O_PH______B____O	5	47
4|4|O__H_B___O____P_	5	47
4|4|_OB____HP_____O_	5	47
4|4|O_H____P_____BO_	4	47
4|4|O_____B__H_O_P__	4	47
4|4|_O__B__P___H__O_	4	47
4|4|O_B____H_P___O__	7	46
4|4|_OB_O__P_____H__	7	46
4|4|OH_____P_B____O_	6	46
4|4|O_O______BH____P	4	46
4|4|O_P____O_H____B_	4	46
4|4|O____BO______H_P	4	46
4|4|O____B_O_____HP_	4	46
4|4|PH____O____B_O__	4	46
4|4|P__H_O___B____O_	4	46
4|4|O_H______B_P__O_	8	45
4|4|O_O____B_H_____P	7	45
4|4|OO_H_B________P_	5	45
4|4|OB______P____H_O	5	45
4|4|O_OH_B________P_	5	45
4|4|O_H__O_P______B_	5	45
4|4|O_O_______PH_B__	4	45
4|4|O__H_O___B____P_	4	45
4|4|_OB____HO_____P_	6	44
4|4|O_O_______B__P_H	5	44
4|4|O__H___P___B_O__	5	44
4|4|O_____P____H_OB_	5	44
4|4|HPB____O______O_	5	44
4|4|OB_P__O______H__	4	44
4|4|O_____OB_P___H__	4	44
4|4|OP_H______O_B___	5	43
4|4|O__O_BP______H__	5	43
4|4|O__O_____BH__P__	5	43
4|4|O__O_____BH___P_	5	43
4|4|O__H_P_____B__O_	5	43
4|4|O____P_O___B_H__	5	43
4|4|_O___O_PB_____H_	5	43
4|4|OB_H__P______O__	4	43
4|4|O__H_P_______BO_	4	43
4|4|O__H__P__B___O__	3	43
4|4|O_B____O_H_____P	8	42
4|4|OB_P_____H_____O	7	42
4|4|OBO____P_____H__	6	42
4|4|O_P__O_B____H___	6	42
4|4|O__O_B____H____P	6	42
4|4|O_P____B_O__H___	5	42
4|4|O_P____H__O__B__	5	42
4|4|PHB____O______O_	5	42
4|4|PH____OB_____O__	5	42
4|4|OB____O______H_P	4	42
4|4|O_P________OHB__	4	42
4|4|O__P_H___B___O__	4	42
4|4|O__P__H__B_____O	4	42
4|4|O__H__O____B_P__	4	42
4|4|P_O___B____H_O__	4	42
4|4|P_H____O_O____B_	4	42
4|4|OB____O__H_____P	6	41
4|4|O_O____P____BH__	6	41
4|4|O_H____P____BO__	6	41
4|4|O_____BO_P____H_	6	41
4|4|_O__B_OP_____H__	6	41
4|4|O_P___H___B____O	5	41
4|4|O_H__P_____B__O_	5	41
4|4|O__P___O_B____H_	5	41
4|4|P_O___O____H_B__	5	41
4|4|_O__O_B____H_P__	5	41
4|4|_O__B__P__O__H__	5	41
4|4|_O__B__H__O___P_	5	41
4|4|O_B___O__H_____P	4	41
4|4|P_H________O_BO_	4	41
4|4|P__H__O____B_O__	4	41
4|4|OO_H_______PB___	6	40
4|4|O_____BO_____HP_	6	40
4|4|P_O___O____BH___	6	40
4|4|O__H_____BO____P	5	40
4|4|O_____OB_H_____P	5	40
4|4|P_H__B_____O_O__	5	40
4|4|OO_B_______H_P__	4	40
4|4|OB____P____H_O__	4	40
4|4|O_O__B_____P__H_	4	40
4|4|O__B_O______H_P_	4	40
4|4|O__B_O_______HP_	4	40
4|4|O__B__O____H_P__	4	40
4|4|O__P__O__B___H__	4	40
4|4|_OB_____H__P__O_	4	40
4|4|_O__B__O_H____P_	4	40
4|4|O_H____P__B_O___	6	39
4|4|O__H_B_____O__P_	6	39
4|4|O____B_P___O_H__	6	39
4|4|P____H_O___O_B__	6	39
4|4|O_P_______BHO___	5	39
4|4|O_HP_____O____B_	5	39
4|4|O_H__O_B____P___	5	39
4|4|O_H____B_O_____P	5	39
4|4|O_H______O____BP	5	39
4|4|O__B_H_______PO_	5	39
4|4|O____BP____H_O__	5	39
4|4|O_____B____O_PH_	5	39
4|4|O_____H____P_OB_	5	39
4|4|POB____O______H_	5	39
4|4|P____HO____B_O__	5	39
4|4|_O__B____P_O_H__	5	39
4|4|OB_____P_H____O_	4	39
4|4|O_H__P_____O__B_	4	39
4|4|O__B_P___H____O_	4	39
4|4|OP_B_______O__H_	6	38
4|4|O__H_____OB____P	6	38
4|4|O____H_O___B_P__	6	38
4|4|O_PB_______O__H_	5	38
4|4|O_P____H___O__B_	5	38
4|4|O_H___P___B____O	5	38
4|4|O__H_B____O____P	5	38
4|4|O____BO____H_P__	5	38
4|4|O____BH____P_O__	5	38
4|4|O_____B____O_H_P	5	38
4|4|P_____H____O_OB_	5	38
4|4|HP_____O_B____O_	5	38
4|4|OB_O_______H_P__	4	38
4|4|O_OH_____B_____P	4	38
4|4|O_B__O_____P_H__	4	38
4|4|O_B__O_____HP___	4	38
4|4|O__B_O______P_H_	4	38
4|4|P_H___O____B_O__	4	38
4|4|_O____H_O__P__B_	4	38
4|4|_O_____PB_O___H_	4	38
4|4|O__P__H__B___O__	3	38
4|4|OBH______P_____O	6	37
4|4|O__B_O_H______P_	6	37
4|4|O_O_______BP__H_	5	37
4|4|O_H____B_O__P___	5	37
4|4|O__O_B____P___H_	5	37
4|4|_O____BPO_____H_	5	37
4|4|O__H_B____O__P__	4	37
4|4|O__H__P__B_____O	4	37
4|4|_O__O__B__P__H__	4	37
4|4|_O__O__B__H__P__	4	37
4|4|_O__B_P____H__O_	4	37
4|4|O__P__H__O___B__	3	37
4|4|OBP______H_____O	6	36
4|4|O_____B______OHP	6	36
4|4|P_____O____B_OH_	6	36
4|4|P_____BO_____OH_	6	36
4|4|P_O__O_____B__H_	5	36
4|4|O_B___O____P_H__	4	36
4|4|O__B_O_______PH_	4	36
4|4|O__P_B___O___H__	4	36
4|4|P_O__H_____B__O_	4	36
4|4|P__H__O______OB_	4	36
4|4|_OO_B______P__H_	4	36
4|4|_O___P_OH_____B_	4	36
4|4|_O____P_O__H__B_	4	36
4|4|O_H_______OBP___	6	35
4|4|OO_H_____B_____P	5	35
4|4|OP_H_B_______O__	5	35
4|4|OH____O____B_P__	5	35
4|4|O_____B____O_P_H	5	35
4|4|OB____PH_____O__	4	35
4|4|O_B___O____H_P__	4	35
4|4|O_PB_H________O_	4	35
4|4|O_H___P__B_____O	4	35
4|4|O__P__H___B__O__	4	35
4|4|O__P___O___B_H__	4	35
4|4|O_____O____B_PH_	4	35
4|4|O_____H___B__O_P	4	35
4|4|H_P____O_O____B_	4	35
4|4|_O__H__P__O___B_	3	35
4|4|O_H____P__B__O__	6	34
4|4|O____HB____O_P__	6	34
4|4|OP_H_______B_O__	5	34
4|4|O_O___B____H__P_	5	34
4|4|O_O___B_______PH	5	34
4|4|O_P___H____B__O_	5	34
4|4|_O__P_O____B__H_	5	34
4|4|_O____PHO_____B_	5	34
4|4|O_B__P_O______H_	4	34
4|4|O_B____H_O_____P	4	34
4|4|O_P____H_B__O___	4	34
4|4|O_P____H_B___O__	4	34
4|4|P__H_____O_B_O__	4	34
4|4|P____O_O___B_H__	4	34
4|4|HP____O____B_O__	4	34
4|4|HP_____O__B___O_	4	34
4|4|H_P__O_____B__O_	4	34
4|4|_OO_B______H__P_	4	34
4|4|_O__B__P__H__O__	4	34
4|4|_O__B____O_P_H__	4	34
4|4|O_B____H_O___P__	7	33
4|4|O_OB____P____H__	5	33
4|4|O_O__B____H____P	5	33
4|4|O_O___BP______H_	5	33
4|4|O_O___B____P__H_	5	33
4|4|O_O____P_____BH_	5	33
4|4|O_O_______BH__P_	5	33
4|4|O_O_______BH___P	5	33
4|4|O_B__H_O_____P__	5	33
4|4|O_HP__B______O__	5	33
4|4|O__O_B____H___P_	5	33
4|4|O____BO____P_H__	5	33
4|4|O_____B__P_O__H_	5	33
4|4|O_____B__H_O___P	5	33
4|4|PBO________O_H__	5	33
4|4|_OP_H______B__O_	5	33
4|4|_O_____OB____HP_	5	33
4|4|O_O__B_____H___P	4	33
4|4|O_O____P___H_B__	4	33
4|4|O_H___P____O_B__	4	33
4|4|O____BO______P_H	4	33
4|4|P__H______OB_O__	4	33
4|4|O__B__O__H___P__	3	33
4|4|_O__B_P____H_O__	3	33
4|4|_O__B__O__P___H_	3	33
4|4|PHB____O_____O__	8	32
4|4|OB__P______H_O__	7	32
4|4|_O__P_B____H__O_	7	32
4|4|OO________H_B__P	6	32
4|4|OP________B_H__O	6	32
4|4|O____OB____H_P__	6	32
4|4|O_____BO___H_P__	6	32
4|4|P_____HO___B_O__	6	32
4|4|P_____H____B_OO_	6	32
4|4|OO___B_P_____H__	5	32
4|4|OPH_______B____O	5	32
4|4|OP_B_______OH___	5	32
4|4|OH_P_______B_O__	5	32
4|4|O__H_B____O___P_	5	32
4|4|O____BOP_____H__	5	32
4|4|O_____BO_H_____P	5	32
4|4|HP____OB_____O__	5	32
4|4|_OB_H______P__O_	5	32
4|4|_OH_B______O__P_	5	32
4|4|_O___O__B__P__H_	5	32
4|4|_O___P_OB_____H_	5	32
4|4|_O____B_P__O_H__	5	32
4|4|OB_O_____H____P_	4	32
4|4|OB_O______P_H___	4	32
4|4|OB_H_O________P_	4	32
4|4|OB____O______P_H	4	32
4|4|OB____H____P_O__	4	32
4|4|OP_B_H________O_	4	32
4|4|O_O___P____B_H__	4	32
4|4|O_O____H_B_____P	4	32
4|4|O_B____O_____PH_	4	32
4|4|O_P___B__H_____O	4	32
4|4|O_H____O_P____B_	4	32
4|4|O__B__O__H_____P	4	32
4|4|O_____O____B_P_H	4	32
4|4|O_____O____B_HP_	4	32
4|4|O_____O____B_H_P	4	32
4|4|O_____BO_H___P__	4	32
4|4|PH_______B_O__O_	4	32
4|4|P_O____H_B___O__	4	32
4|4|P__H_O_____B__O_	4	32
4|4|_OB_____P__H__O_	4	32
4|4|_O___B__O__P__H_	4	32
4|4|O__O_H____P__B__	3	32
4|4|O_O____P__H_B___	6	31
4|4|O_PB_O________H_	5	31
4|4|P__H_O_B______O_	5	31
4|4|P__H___B__O__O__	5	31
4|4|OO_B______P_H___	4	31
4|4|O_B____O_____HP_	4	31
4|4|O_B____H_P_____O	4	31
4|4|O_H__P_____O_B__	4	31
4|4|O_H________OPB__	4	31
4|4|O__B__P__H___O__	4	31
4|4|O__B___O___H_P__	4	31
4|4|O__H_B___O___P__	4	31
4|4|P__H_B___O___O__	4	31
4|4|P__H_B____O__O__	4	31
4|4|P__H___O___B_O__	4	31
4|4|P__H_______B_OO_	4	31
4|4|_O__B_____OH__P_	4	31
4|4|_O___B_OH_____P_	4	31
4|4|PO_________OHB__	7	30
4|4|O_____OB_H____P_	6	30
4|4|_O_____OBP____H_	6	30
4|4|OB_P_____O__H___	5	30
4|4|OH_P_B_______O__	5	30
4|4|O_H_______BPO___	5	30
4|4|O__O_BH______P__	5	30
4|4|O____BPH_____O__	5	30
4|4|O____HO____B_P__	5	30
4|4|O____HP____B_O__	5	30
4|4|O_____B____O_HP_	5	30
4|4|PH_____BO_____O_	5	30
4|4|P____BO____H_O__	5	30
4|4|P_____O____H_OB_	5	30
4|4|HP_____BO_____O_	5	30
4|4|_O__B____H_O_P__	5	30
4|4|_O__B_____OH_P__	5	30
4|4|_O_____OB____PH_	5	30
4|4|O_____O__B___H_P	4	30
4|4|HP___O_____B__O_	4	30
4|4|O__H___P__O__B__	3	30
4|4|P_O___O____B_H__	3	30
4|4|_O__B____O_P__H_	3	30
4|4|OP____H____B_O__	6	29
4|4|_O_____BH_O___P_	6	29
4|4|OP_____H__B__O__	5	29
4|4|OH______O____B_P	5	29
4|4|O_H____P__B___O_	5	29
4|4|O_H_______PO__B_	5	29
4|4|O____BO__H_____P	5	29
4|4|O______O__B__PH_	5	29
4|4|O______O__B__HP_	5	29
4|4|PB___O_O_____H__	5	29
4|4|P____H_O__B__O__	5	29
4|4|P_____O__O_B__H_	5	29
4|4|H_P____O_____BO_	5	29
4|4|_O___O_BH_____P_	5	29
4|4|OBH______O_____P	4	29
4|4|OH_O__P______B__	4	29
4|4|O_BH_____O_____P	4	29
4|4|O_B______OH____P	4	29
4|4|_O__H__O__P___B_	4	29
4|4|OBH____P_____O__	7	28
4|4|P_____OH_B____O_	6	28
4|4|OB_P_______HO___	5	28
4|4|OB___P_______H_O	5	28
4|4|OH_______B_P__O_	5	28
4|4|O_H___P____B__O_	5	28
4|4|O_H____O__P___B_	5	28
4|4|O____BHP_____O__	5	28
4|4|H_P__B_____O_O__	5	28
4|4|_O__P_B____O__H_	5	28
4|4|_O___O__B__H__P_	5	28
4|4|_O____OBH____P__	5	28
4|4|OO_B_____H____P_	4	28
4|4|OP_H_____B____O_	4	28
4|4|O_H__B___O_____P	4	28
4|4|O__H__O__B___P__	4	28
4|4|O__H___O___B_P__	4	28
4|4|O____B_O_____PH_	4	28
4|4|P_H_______OO_B__	4	28
4|4|H_P___O____B_O__	4	28
4|4|_O__O__B__P___H_	4	28
4|4|_O___B_PO_____H_	4	28
4|4|O_O____P_B____H_	3	28
4|4|_O__B____O_H__P_	3	28
4|4|OB_______O_H_P__	6	27
4|4|OP_B______H____O	6	27
4|4|O_PB______H____O	5	27
4|4|O_H____P___O__B_	5	27
4|4|O_____PH___B_O__	5	27
4|4|O_____P____O_HB_	5	27
4|4|_OB____HP____O__	5	27
4|4|_OH____OP_____B_	5	27
4|4|_O__B__H__P___O_	5	27
4|4|_O__H__P__O__B__	5	27
4|4|OP_B_O________H_	4	27
4|4|O__B_H___P____O_	4	27
4|4|O_____O___B__H_P	4	27
4|4|PH___O_____B__O_	4	27
4|4|_O__B__H__P__O__	4	27
4|4|_O__B__O__H__P__	3	27
4|4|O_O____P____HB__	6	26
4|4|O_H____B_O___P__	6	26
4|4|O_H_______PB__O_	6	26
4|4|O_H__B_____O___P	5	26
4|4|O____PH____B_O__	5	26
4|4|O_____HP___B_O__	5	26
4|4|OB_H__O______P__	4	26
4|4|OB____HP_____O__	4	26
4|4|OH____P______B_O	4	26
4|4|O_BP______O__H__	4	26
4|4|O__B_O_____H__P_	4	26
4|4|O__B_H_P______O_	4	26
4|4|O__P_HO______B__	4	26
4|4|O__P__O______BH_	4	26
4|4|P____HB____O_O__	4	26
4|4|_O__B___H__P__O_	4	26
4|4|_O__B_____OP__H_	4	26
4|4|_O_____OP____HB_	4	26
4|4|O__B__O__P___H__	3	26
4|4|OO_________PBH__	6	25
4|4|O__B___O_H_____P	6	25
4|4|OO___B_____P_H__	5	25
4|4|O_B____O__H_P___	5	25
4|4|O_H__P____B____O	5	25
4|4|O__H_BO_______P_	5	25
4|4|O__H_B____P__O__	5	25
4|4|O__H_B_____P__O_	5	25
4|4|O____OB__H_____P	5	25
4|4|O____B_O___P_H__	5	25
4|4|O____B_P__O__H__	5	25
4|4|O_____B__HO____P	5	25
4|4|O_____B____P_OH_	5	25
4|4|O_____H____O_PB_	5	25
4|4|P_B___OO______H_	5	25
4|4|P____H_O__O__B__	5	25
4|4|P_____B____O_OH_	5	25
4|4|_O_____PHO____B_	5	25
4|4|OBP________HO___	4	25
4|4|OHP________O_B__	4	25
4|4|O_BH_O________P_	4	25
4|4|O_BH______O__P__	4	25
4|4|O_B____H_P__O___	4	25
4|4|O_H___B__P_____O	4	25
4|4|O__B_P_H______O_	4	25
4|4|O__H__P___B__O__	4	25
4|4|O__H___P__B__O__	4	25
4|4|P_B__O_____O__H_	4	25
4|4|_OB_P__H_____O__	4	25
4|4|_O___B_PH_____O_	4	25
4|4|O__B__P____H_O__	3	25
4|4|O__B___O__P__H__	3	25
4|4|HP_____O__O___B_	3	25
4|4|_O__B__P_O____H_	3	25
4|4|O__H_B___O_____P	5	24
4|4|HP_____B__O___O_	5	24
4|4|_OB____OP____H__	5	24
4|4|_O__BP_____H__O_	5	24
4|4|OP_____H__O__B__	4	24
4|4|O_P___H____O__B_	4	24
4|4|P_O___B____O__H_	4	24
4|4|P_O____O___B__H_	4	24
4|4|_O__B_____PH__O_	4	24
4|4|O_B__O_____P__H_	3	24
4|4|_O__BO_____H__P_	3	24
4|4|_O__B__O__H___P_	3	24
4|4|_O__P__H__O___B_	3	24
4|4|OP_____H__B_O___	7	23
4|4|OO_______B_P_H__	5	23
4|4|O__H_____B_O___P	5	23
4|4|O__H______PB_O__	5	23
4|4|O_____O__B_P_H__	5	23
4|4|O_____BP___H_O__	5	23
4|4|O_____B____H_OP_	5	23
4|4|PB_____O_H____O_	5	23
4|4|OOB_______H____P	4	23
4|4|O_B__P_____HO___	4	23
4|4|O_H___P____O__B_	4	23
4|4|O__B_O________PH	4	23
4|4|O__B___H__P__O__	4	23
4|4|O__P__O____H_B__	4	23
4|4|P_H___O____O_B__	4	23
4|4|H_P________O_BO_	4	23
4|4|_OP_H______O__B_	4	23
4|4|_O__B___P__H__O_	4	23
4|4|_O___O_PH_____B_	4	23
4|4|OB___O_____H__P_	3	23
4|4|O__P__H___O__B__	3	23
4|4|O__H__P___O__B__	3	23
4|4|O__H_B_____O___P	6	22
4|4|O____BP____O_H__	5	22
4|4|PH_____B__O___O_	5	22
4|4|P_B____O_O___H__	5	22
4|4|P____HO____O_B__	5	22
4|4|OPH________O_B__	4	22
4|4|O__B__P______OH_	4	22
4|4|O_____B__P_H_O__	4	22
4|4|P_H__O_____B__O_	4	22
4|4|P__H_OB_______O_	4	22
4|4|P____O_O__B__H__	4	22
4|4|P_____O__H_B_O__	4	22
4|4|_O__O_P____H__B_	4	22
4|4|_O__B__O__P__H__	3	22
4|4|O_O__P_____B__H_	5	21
4|4|O____BH____O_P__	5	21
4|4|O_H___O___B____P	4	21
4|4|O_____BO_P___H__	4	21
4|4|O_O___H__B_____P	3	21
4|4|O_____O__P_H_B__	3	21
4|4|P_O___B____O_H__	3	21
4|4|P_O____O___B_H__	3	21
4|4|HP_____O___B__O_	3	21
4|4|OB_______P_H_O__	6	20
4|4|O_H____B_P___O__	6	20
4|4|O_H____B_P__O___	5	20
4|4|O__O_P___B____H_	5	20
4|4|O__O_P____B_H___	5	20
4|4|O_P__B_____HO___	4	20
4|4|O_P__B_____H__O_	4	20
4|4|O_____O__B___P_H	4	20
4|4|PO__H______B__O_	4	20
4|4|HPB________O__O_	4	20
4|4|HP____B____O__O_	4	20
4|4|H_P__B_____O__O_	4	20
4|4|_OB_H______O__P_	4	20
4|4|_OP_B______H__O_	4	20
4|4|_OH_B______P__O_	4	20
4|4|_O__B_H____P__O_	4	20
4|4|_O__B__H_O____P_	4	20
4|4|O_B__O_____H__P_	3	20
4|4|PH_____O__O___B_	3	20
4|4|P_B___O____O_H__	3	20
4|4|_O__B_____PH_O__	3	20
4|4|_O__P__O_H____B_	3	20
4|4|_O__P__H__B__O__	3	20
4|4|OO_____B__H_P___	6	19
4|4|O_____B___PO_H__	5	19
4|4|_O____OHP_____B_	5	19
4|4|OO_____P_B____H_	4	19
4|4|OO_____P_____BH_	4	19
4|4|OBH________PO___	4	19
4|4|OB_____HO_____P_	4	19
4|4|OB_____HP_____O_	4	19
4|4|OP_____O_B____H_	4	19
4|4|OH_P_____B____O_	4	19
4|4|O_B__O____H____P	4	19
4|4|O_B____H___OP___	4	19
4|4|O_B_______HOP___	4	19
4|4|O_H__B____O____P	4	19
4|4|O_H__B_____PO___	4	19
4|4|O_H__B_____P__O_	4	19
4|4|O__B_O_____P__H_	4	19
4|4|O__B_O________HP	4	19
4|4|O__B_H____P___O_	4	19
4|4|O____B_O__P__H__	4	19
4|4|O_____O___PB_H__	4	19
4|4|O_____B__H_P_O__	4	19
4|4|O_____PO___B_H__	4	19
4|4|O_____P____B_HO_	4	19
4|4|O______O___B_HP_	4	19
4|4|BOO________P_H__	4	19
4|4|PHB________O__O_	4	19
4|4|PH____B____O__O_	4	19
4|4|P_H__B_____O__O_	4	19
4|4|P_____OO_____HB_	4	19
4|4|P_____O____O_HB_	4	19
4|4|P_____O____H_BO_	4	19
4|4|HP_______B_O__O_	4	19
4|4|_OB_H__P_____O__	4	19
4|4|_OH_B__O_____P__	4	19
4|4|_O__O_BP______H_	4	19
4|4|_O__O_B____P__H_	4	19
4|4|_O__O_B____H__P_	4	19
4|4|_O__O__P__B___H_	4	19
4|4|_O__B____P_H__O_	4	19
4|4|_O__B____H_P__O_	4	19
4|4|_O___O_HP_____B_	4	19
4|4|OO__B______H__P_	3	19
4|4|O__B__O___P__H__	3	19
4|4|O_____P____H_BO_	3	19
4|4|PH_____O___B__O_	3	19
4|4|P_____OO___B_H__	3	19
4|4|P_____O____B_HO_	3	19
4|4|HP____O____B__O_	3	19
4|4|H_P__O_____O__B_	3	19
4|4|_O__BO_____P__H_	3	19
4|4|OH___O_______B_P	5	18
4|4|O__P_B____H____O	5	18
4|4|O__H_B____P____O	5	18
4|4|P_B____H_O___O__	5	18
4|4|P_B_______OO__H_	5	18
4|4|OB_H_P________O_	4	18
4|4|BOO_______H____P	4	18
4|4|P_O___O____B__H_	4	18
4|4|_O__P__O__B__H__	4	18
4|4|O_H__O___B_____P	3	18
4|4|O__B_H____P__O__	3	18
4|4|O__B__O__H__P___	3	18
4|4|O_____O____H_B_P	3	18
4|4|P_B__O_____O_H__	3	18
4|4|P_H___B____O_O__	3	18
4|4|P__H__O__O___B__	3	18
4|4|_O__B_O____H__P_	3	18
4|4|_O__B_H____P_O__	3	18
4|4|_O__H__OP_____B_	3	18
4|4|_O__H__O_P____B_	3	18
4|4|_O__H__P__B__O__	3	18
4|4|_O_____OPH____B_	3	18
4|4|OOH____P______B_	5	17
4|4|O__H_O___B_____P	5	17
4|4|P_B____O___O__H_	5	17
4|4|P____HOO_____B__	5	17
4|4|OBO_______H____P	4	17
4|4|OBH____P______O_	4	17
4|4|OB_____PH_____O_	4	17
4|4|OH_____O_B____P_	4	17
4|4|O_B____H_O__P___	4	17
4|4|O_P__O_____H__B_	4	17
4|4|O____B_O__H__P__	4	17
4|4|O_____O___B__P_H	4	17
4|4|O_____PH__B__O__	4	17
4|4|O_____P___BH_O__	4	17
4|4|O_____HO___B_P__	4	17
4|4|O_____HP__B__O__	4	17
4|4|O_____H___BP_O__	4	17
4|4|O_____H____B_PO_	4	17
4|4|O______O___B_PH_	4	17
4|4|PH_____O__B___O_	4	17
4|4|P____OB____H_O__	4	17
4|4|P____HBO_____O__	4	17
4|4|P_____O__H_O_B__	4	17
4|4|P_____BO___H_O__	4	17
4|4|P______O__B__HO_	4	17
4|4|H_P_______OO_B__	4	17
4|4|_O__O_H____P__B_	4	17
4|4|_O__O__B__H___P_	4	17
4|4|_O__H__O__B__P__	4	17
4|4|_O___P__O__B__H_	4	17
4|4|OB___O_____P__H_	3	17
4|4|O_B____P_O____H_	3	17
4|4|O__B__O__P__H___	3	17
4|4|O_____H___O__B_P	3	17
4|4|PH____O____B__O_	3	17
4|4|PH____B____O_O__	3	17
4|4|P_H__O_____O__B_	3	17
4|4|P__H__B____O_O__	3	17
4|4|P_____B__H_O_O__	3	17
4|4|_O__B_____HP_O__	3	17
4|4|OB_____H__P___O_	4	16
4|4|O_BH______P__O__	4	16
4|4|O__B_O____P___H_	4	16
4|4|OO__B______P__H_	3	16
4|4|O_B__P___H_____O	3	16
4|4|O_B___H__O_____P	3	16
4|4|_O__B_O____P__H_	3	16
4|4|OB___P_____H__O_	4	15
4|4|O_H__O____B____P	4	15
4|4|O_H__O_____P__B_	4	15
4|4|O__B_HP_______O_	4	15
4|4|O__B______OH_P__	4	15
4|4|O____PB__H_____O	4	15
4|4|O____H_O__P__B__	4	15
4|4|O______O__PB_H__	4	15
4|4|_O_____PBO____H_	4	15
4|4|O_B__H___P_____O	3	15
4|4|O_P___O____H_B__	3	15
4|4|O__B__O___H__P__	3	15
4|4|O__B___O__H__P__	3	15
4|4|P__H_O____B__O__	3	15
4|4|P__H_B___O____O_	3	15
4|4|P__H__O___B__O__	3	15
4|4|_O__H__P__B___O_	3	15
4|4|O_____B___OH_P__	6	14
4|4|P_____H___OB_O__	6	14
4|4|O__B_H____O__P__	4	14
4|4|O__B___H__O__P__	4	14
4|4|O_B___P____O_H__	3	13
4|4|O_____H___PB_O__	5	12
4|4|OPB____O______H_	4	12
4|4|O_H____O___P__B_	4	12
4|4|O__H_B____P___O_	4	12
4|4|O____BPO_____H__	4	12
4|4|P_B___O____O__H_	4	12
4|4|O_____PH__O__B__	3	12
4|4|O_____P___OH_B__	3	12
4|4|P__H_O____O___B_	3	12
4|4|P__H_B____O___O_	3	12
4|4|P_____O___OB_H__	3	12
4|4|HP___O_____O__B_	3	12
4|4|O_____B___PH_O__	5	11
4|4|H_P___O____O_B__	4	11
4|4|OB____P____H__O_	3	11
4|4|OB____H_O______P	3	11
4|4|OB____H___O____P	3	11
4|4|OB____H____P__O_	3	11
4|4|OB_____PO_____H_	3	11
4|4|OB_____P__O___H_	3	11
4|4|OB_____P___H__O_	3	11
4|4|O_B__O_____H___P	3	11
4|4|O_B__P____H____O	3	11
4|4|O_B__P_____OH___	3	11
4|4|O_B__P_____O__H_	3	11
4|4|O_B__H____P____O	3	11
4|4|O_B__H_____OP___	3	11
4|4|O_B__H_____O__P_	3	11
4|4|O_H___O____P_B__	3	11
4|4|O__B_P____O_H___	3	11
4|4|O__B_H____O_P___	3	11
4|4|O_____OP___H_B__	3	11
4|4|O_____O____P_BH_	3	11
4|4|O_____O____H_BP_	3	11
4|4|O_____HP__O__B__	3	11
4|4|O_____H___OP_B__	3	11
4|4|O_____H____P_BO_	3	11
4|4|PO__H______O__B_	3	11
4|4|PO_____O_H____B_	3	11
4|4|PH___O_____O__B_	3	11
4|4|P__H_O____B___O_	3	11
4|4|P__H_O_____O__B_	3	11
4|4|P____OB____O_H__	3	11
4|4|P____B_O__O__H__	3	11
4|4|P_____O__H_B__O_	3	11
4|4|P_____O___BO_H__	3	11
4|4|P_____BO_H___O__	3	11
4|4|P_____BO__O__H__	3	11
4|4|P_____BO___O_H__	3	11
4|4|P_____B___OO_H__	3	11
4|4|P______O__OB_H__	3	11
4|4|P______O__O__HB_	3	11
4|4|P______O___B_HO_	3	11
4|4|HP____B____O_O__	3	11
4|4|H_P___B____O_O__	3	11
4|4|_OB_P______O_H__	3	11
4|4|_OB_H______O_P__	3	11
4|4|_OP_B______H_O__	3	11
4|4|_OH_B______P_O__	3	11
4|4|_O__OB_____P__H_	3	11
4|4|_O__P__H__B___O_	3	11
4|4|_O__P_____BO_H__	3	11
4|4|_O__H_____BO_P__	3	11
4|4|_O_____OHP____B_	3	11
4|4|OB_____H__O___P_	4	10
4|4|O_B__H_____O___P	4	10
4|4|O_____P___OB_H__	4	10
4|4|P_____O___OH_B__	4	10
4|4|P__H__O___O__B__	3	10
4|4|P__H__B___O__O__	3	10
4|4|HP_____O___O__B_	3	10
4|4|_O___O__P__H__B_	3	10
4|4|O_____H___OB_P__	4	9
4|4|P_____B___OH_O__	4	9
4|4|O__B_P____O___H_	3	7
4|4|O__B_H____O___P_	3	7
4|4|O_____O___PH_B__	3	7
4|4|PH_____O___O__B_	3	7
4|4|P______O___O_HB_	3	7
4|4|_O___O__H__P__B_	3	7