4|4|OEO____P____P_B_	7	190
4|4|O_P_E_B_____O__P	7	183
4|4|OP_OE____P____B_	9	142
4|4|OEPB_________P_O	7	136
4|4|OP_PE______B_O__	8	121
4|4|OP_P_____E_B_O__	8	121
4|4|O_PPE______B_O__	7	121
4|4|O_PP_____E_B_O__	7	121
4|4|O_P___B____E_P_O	6	121
4|4|OB_P_______EP__O	8	118
4|4|O_P____P____BEO_	8	116
4|4|O_P_E__O_B____P_	5	116
4|4|O_O_E______P_B_P	6	111
4|4|O_O______E_P_B_P	6	111
4|4|OP_BE______O_P__	7	106
4|4|OP_B_____E_O_P__	7	106
4|4|O_PBE______O_P__	6	106
4|4|O_PB_____E_O_P__	6	106
4|4|_O_____OP__E_BP_	6	104
4|4|O_P_E______O_B_P	6	104
4|4|O_P______E_O_B_P	6	104
4|4|OE_P_____P_B_O__	6	103
4|4|O_EP_____P_B_O__	6	103
4|4|O_O____P_E__P_B_	7	102
4|4|O__O_P______PEB_	8	98
4|4|O_P_E__O___BP___	7	97
4|4|O_O__E_P____P_B_	8	96
4|4|_O_____OPE___BP_	6	93
4|4|OO_PE______P_B__	6	91
4|4|OO_P_____E_P_B__	6	91
4|4|P_O____POE____B_	7	90
4|4|P_O___EO_____BP_	7	89
4|4|O_O____PPE____B_	7	89
4|4|P_B___EO_P____O_	7	89
4|4|O_OPE______P_B__	5	89
4|4|O_OP_____E_P_B__	5	89
4|4|O_O_E__P_____B_P	7	88
4|4|O_O____P_E___B_P	7	88
4|4|P_B___EOP_____O_	6	88
4|4|O_P_E__O_____B_P	7	85
4|4|O_P____O_E___B_P	7	85
4|4|O_P___B____EP__O	5	82
4|4|O_P________PBEO_	7	80
4|4|O__PE__P_____OB_	6	80
4|4|O__P___P_E___OB_	6	80
4|4|O_P_E_B______P_O	5	79
4|4|O_P___B__E___P_O	5	79
4|4|O_P_E_B_____P__O	5	79
4|4|OEO__P_____PB___	7	76
4|4|OEO______P_PB___	6	76
4|4|P_O_E__O__B_P___	6	73
4|4|O_O__E_P_____PB_	7	72
4|4|P_O_E__B___O_P__	6	72
4|4|P_O____B_E_O_P__	6	72
4|4|O_O_E__P_____BP_	6	72
4|4|O_O____P_E___BP_	6	72
4|4|OEB_____P__P_O__	6	71
4|4|O_O___B_____PE_P	6	70
4|4|O_O___B_____P_EP	6	70
4|4|O_P_E__O_____BP_	6	69
4|4|O_P____O_E___BP_	6	69
4|4|OB_P__E_P____O__	6	68
4|4|OB_P____P_E__O__	6	68
4|4|O_O__E_____P_PB_	6	63
4|4|OEB__P_____PO___	7	61
4|4|P_B___E_P__O__O_	5	61
4|4|O_P_E__B___O_P__	6	60
4|4|O_P____B_E_O_P__	6	60
4|4|OE_P_____P_O__B_	6	60
4|4|O_EP_____P_O__B_	6	60
4|4|OEB_____P____O_P	6	60
4|4|P_B___E__P_O__O_	6	57
4|4|P_O___E____O_BP_	6	56
4|4|OEB____P_P__O___	6	55
4|4|O_PB____PE____O_	8	54
4|4|OEB___P______P_O	4	54
4|4|O_O_E_B_P______P	6	53
4|4|OEB____O_____P_P	5	52
4|4|OP_BE___P_____O_	8	50
4|4|O_O_____PE_P__B_	6	50
4|4|O_O_E__B___P_P__	6	50
4|4|O_O____B_E_P_P__	6	50
4|4|O_P_E_B____OP___	6	50
4|4|_OP____POE____B_	6	49
4|4|O_P_E______BPO__	7	48
4|4|OE_P___P_O____B_	7	47
4|4|O_EP___P_O____B_	7	47
4|4|O_P____O_____BEP	7	47
4|4|_O__P_EO_____BP_	6	47
4|4|O_O_E______P_BP_	5	47
4|4|O_O______E_P_BP_	5	47
4|4|P_O_E_OB_____P__	5	46
4|4|P_O___OB_E___P__	5	46
4|4|O_P_E______O_BP_	5	46
4|4|O_P______E_O_BP_	5	46
4|4|OBEP_______P_O__	6	45
4|4|O_P_E_OB_____P__	5	44
4|4|O_P___OB_E___P__	5	44
4|4|O_P_EO_______B_P	6	43
4|4|O_P__O___E___B_P	6	43
4|4|OEP_____P_B____O	6	41
4|4|OE_P___B_____O_P	7	40
4|4|O_EP___B_____O_P	7	40
4|4|OE_P_O____B_P___	6	40
4|4|O_EP_O____B_P___	6	40
4|4|O_P___B__E__P__O	5	40
4|4|O_P_E______B_OP_	6	39
4|4|O_P______E_B_OP_	6	39
4|4|O__P_OE____BP___	5	39
4|4|OE_P_____O_P__B_	6	38
4|4|O_EP_____O_P__B_	6	38
4|4|P_B_E_OO_____P__	6	37
4|4|P_B___OO_E___P__	6	37
4|4|O__PE__B_P___O__	5	37
4|4|OPB__________OEP	6	36
4|4|PE_P_____B___OO_	6	36
4|4|P_EP_____B___OO_	6	36
4|4|OEP______PB____O	5	36
4|4|O_P_E_BO_____P__	5	35
4|4|O_P___BO_E___P__	5	35
4|4|O_P_E_B____O_P__	5	35
4|4|O_P___B__E_O_P__	5	35
4|4|OE_P___B___P_O__	6	33
4|4|O_EP___B___P_O__	6	33
4|4|OE_B___P_O____P_	6	33
4|4|O_EB___P_O____P_	6	33
4|4|O__PE_P____B_O__	6	33
4|4|O__P__P__E_B_O__	6	33
4|4|O_O_E_B____PP___	6	32
4|4|O_____O__P_E_B_P	6	31
4|4|PEO__O_______B_P	7	30
4|4|OB_P__E____O_P__	6	30
4|4|O__PE__B_P____O_	6	30
4|4|OP_OEB_______P__	5	30
4|4|OP_O_B___E___P__	5	30
4|4|_O__P__OB__E__P_	5	29
4|4|O__PE__O_B____P_	4	26
4|4|OE_P_____PO___B_	5	25
4|4|O_EP_____PO___B_	5	25
4|4|OE_P_____PB__O__	5	21
4|4|O_EP_____PB__O__	5	21
4|4|OE_P_____PB___O_	5	21
4|4|O_EP_____PB___O_	5	21
4|4|OEPB___O____P___	5	20
4|4|OEB___P____O_P__	4	19
4|4|OBP___E____O_P__	5	18
4|4|O__PE_P__B_____O	4	17
4|4|OEB___P_P______O	6	13
4|4|P_____OO_P_E__B_	5	12