4|4|O_O____P_O____B_	7	377
4|4|O_O___B_____O__P	7	375
4|4|O_P________OBO__	7	362
4|4|P_O____O_____BO_	7	345
4|4|O_O____P_____OB_	7	341
4|4|OO_O________B_P_	9	337
4|4|OP_B_________O_O	8	333
4|4|O_O_________BP_O	7	330
4|4|O_P______O_O_B__	4	321
4|4|OO_O________P_B_	10	312
4|4|_OB____PO_____O_	6	304
4|4|OP_B________O_O_	9	295
4|4|O_O___B______P_O	5	281
4|4|O_O______P_O__B_	5	279
4|4|O__O_B_______O_P	6	277
4|4|O_O______O_P_B__	4	270
4|4|O_O________BO_P_	7	265
4|4|O_O______O_PB___	6	263
4|4|OP_B_______O_O__	7	257
4|4|O_P_______B_O__O	6	255
4|4|O_P____O_B____O_	6	254
4|4|O_O________P_OB_	6	253
4|4|O_PB_______O_O__	6	253
4|4|O__P_____O_O__B_	6	253
4|4|P_O________O_BO_	6	253
4|4|O_O______O_P__B_	6	250
4|4|O_O____P____O_B_	7	249
4|4|OP_O_______B_O__	6	238
4|4|_OB_____O__P_O__	7	234
4|4|O__O_B______P_O_	6	234
4|4|P_O____O_B____O_	6	231
4|4|OP_O________B_O_	7	230
4|4|O__O_B______P__O	8	228
4|4|OP_O________O_B_	8	226
4|4|O_O_____P__O__B_	7	214
4|4|O_O_____B__O_P__	6	214
4|4|_OB_____O__P__O_	6	211
4|4|P_O____O_O___B__	8	205
4|4|_OB____OO_____P_	6	200
4|4|O_O_____P__O_B__	5	200
4|4|O_OP______B_O___	7	199
4|4|O_O________O_PB_	6	198
4|4|O_O____P_B____O_	8	185
4|4|O_O___B_____P__O	6	184
4|4|_OO_B______O_P__	6	177
4|4|_OB_O______P_O__	6	177
4|4|O_O_____P_B____O	7	175
4|4|OO_P______B_O___	6	175
4|4|O__O_B_______OP_	7	174
4|4|P_O____O_O____B_	5	173
4|4|O_O__B_____P_O__	6	172
4|4|O_O_______B__P_O	6	171
4|4|O_P___B_____O__O	7	166
4|4|OO_P_______B_O__	6	164
4|4|O_P____O_O____B_	5	160
4|4|OP_O_______B__O_	6	159
4|4|O_OB_____P____O_	5	159
4|4|O_P____O_O___B__	5	159
4|4|O_P____O___B_O__	6	157
4|4|O_OB_____O____P_	5	157
4|4|O_O____O_P____B_	5	157
4|4|O_O________O_B_P	6	156
4|4|O_O___B____O_P__	5	156
4|4|O_P______O_B_O__	6	155
4|4|P_B__O_O______O_	6	155
4|4|O_O______B___P_O	5	155
4|4|OP_O______B_O___	6	153
4|4|O_P________B_OO_	6	151
4|4|OO_O______P_B___	7	149
4|4|_O___P_OO_____B_	6	149
4|4|O_O____P_O___B__	5	148
4|4|O_P______B_O__O_	5	148
4|4|O____BO______O_P	5	148
4|4|O_O____O_____B_P	8	147
4|4|OB_O____P____O__	6	147
4|4|O__B_O______P_O_	5	147
4|4|O_O____P_____BO_	5	146
4|4|O_PB__O______O__	6	145
4|4|O_P__B_____O_O__	6	144
4|4|OP_B__O______O__	5	144
4|4|O_O______B_P__O_	7	142
4|4|O_P____O_____BO_	5	142
4|4|O_B______O___O_P	7	139
4|4|O_P______OB____O	5	139
4|4|P_O____O___B_O__	7	138
4|4|OO_P______O_B___	6	138
4|4|O_P_______OBO___	8	136
4|4|P_O_______OO_B__	6	136
4|4|OB____P______O_O	5	136
4|4|P_B__O_O_____O__	7	135
4|4|O_OP______O_B___	6	135
4|4|O_OP_______B_O__	5	135
4|4|P_B____O_O____O_	6	134
4|4|OO_O_____P____B_	6	133
4|4|OB____O______P_O	5	132
4|4|OP_B_____O____O_	9	131
4|4|O_PB_____O____O_	8	131
4|4|O_O___B_O______P	7	131
4|4|O__P_B_____O_O__	6	131
4|4|O_OP_____B____O_	5	130
4|4|OO_P_____B____O_	5	129
4|4|OB____O______O_P	5	128
4|4|O_P_______BOO___	5	128
4|4|O__P__O____B_O__	5	128
4|4|O_O____O_____BP_	7	127
4|4|O____OB______O_P	6	127
4|4|OO_P_B_______O__	5	127
4|4|P_O______B_O__O_	5	127
4|4|O__O_B______PO__	7	126
4|4|OBO________O_P__	5	125
4|4|OBO________P_O__	5	124
4|4|OP_O_____B____O_	5	124
4|4|O_OB__P______O__	6	123
4|4|O_O_____B__OP___	8	121
4|4|O__O_____OP__B__	6	121
4|4|OOB________P_O__	6	120
4|4|OO_O_B_______P__	5	120
4|4|O_O___BO_____P__	5	119
4|4|O__P_____OB___O_	5	119
4|4|OO____B______O_P	7	118
4|4|O_O____B_P_____O	6	118
4|4|O_O____P_O__B___	7	117
4|4|O_P__O_____B__O_	6	117
4|4|O__O_B______O__P	6	117
4|4|O__O_O___B____P_	5	116
4|4|O_O_______BP_O__	5	114
4|4|O__P______OB_O__	5	114
4|4|P_O____O__B___O_	5	114
4|4|O_OB____P_____O_	8	113
4|4|O_B______O_P_O__	7	113
4|4|PO_____O_B____O_	7	113
4|4|O__P_B____O__O__	5	113
4|4|O_OB____O_____P_	8	112
4|4|O_O___B____OP___	6	112
4|4|O_O_______OBP___	6	112
4|4|O_OB______P__O__	5	111
4|4|O_O__B_P_____O__	6	110
4|4|O_____BO_____O_P	6	110
4|4|O_O______PB____O	6	109
4|4|O_OP_____O____B_	7	108
4|4|OB_P__O______O__	6	108
4|4|_O____BPO_____O_	7	107
4|4|OO_P_____O____B_	6	107
4|4|O__O_____P___OB_	6	107
4|4|O__P_____O_B_O__	5	107
4|4|_O__O__O_____BP_	6	106
4|4|OP_B___O_____O__	7	104
4|4|PO_____O_____BO_	7	104
4|4|O_PB___O_____O__	6	104
4|4|O__P_O_____B__O_	5	104
4|4|_O___O_BO_____P_	6	103
4|4|P_B____O_____OO_	8	102
4|4|_O__P_B____O_O__	6	102
4|4|OO_O_______B__P_	6	101
4|4|O____O_O_____B_P	6	101
4|4|P_____OO_B___O__	6	100
4|4|OB_P_____O___O__	8	99
4|4|P_B____O__O___O_	7	99
4|4|O_P____O_B___O__	6	99
4|4|O__O_____P___BO_	6	99
4|4|_O___O_OB_____P_	6	98
4|4|O_O___O____B_P__	4	98
4|4|OP_O_B_______O__	6	97
4|4|O_O___O______B_P	5	97
4|4|O__O_B___O___P__	5	97
4|4|_O___O_PO_____B_	5	97
4|4|P_____OO_B____O_	7	96
4|4|O_O_______BPO___	6	96
4|4|OB_P______O__O__	5	96
4|4|OB_____OP_____O_	5	96
4|4|O_P________O_BO_	4	96
4|4|P_O___O____O_B__	6	95
4|4|OPOB__________O_	7	94
4|4|O_P__O_B____O___	6	94
4|4|O_P____O__B_O___	6	94
4|4|O__O_O_______B_P	5	94
4|4|O__P_B___O___O__	5	94
4|4|O_O________P_BO_	4	94
4|4|O__O_____BP__O__	5	93
4|4|_OB____OO____P__	6	92
4|4|O_P____O___B__O_	5	92
4|4|O__P_______B_OO_	5	92
4|4|_OB_O__O______P_	5	92
4|4|O_O____B_O__P___	7	91
4|4|O_O____O_B____P_	4	91
4|4|O_O____O___BP___	6	90
4|4|O_P____O__B___O_	5	90
4|4|_OB_O__O_____P__	5	90
4|4|O_OP______B____O	7	89
4|4|O_P____O__B__O__	6	89
4|4|_O__P_BO______O_	6	89
4|4|O_O__O_B____P___	6	88
4|4|O__O_O____B_P___	5	88
4|4|_O__O_B____O_P__	5	88
4|4|O__O_B____P__O__	7	87
4|4|_O__P__O__O__B__	7	87
4|4|OO_P______B____O	6	87
4|4|O__O_BP______O__	6	87
4|4|_O__O__P__O___B_	6	87
4|4|_O___O__O__B__P_	5	87
4|4|OP_O__B______O__	6	86
4|4|O_P____B_O__O___	6	86
4|4|_OB____OP____O__	6	86
4|4|OB_O______P__O__	5	85
4|4|O_O____O____PB__	7	84
4|4|_OO_B__P______O_	6	84
4|4|O_____O____B_O_P	5	84
4|4|_OB_P__O_____O__	5	84
4|4|_OB_____P__O_O__	5	84
4|4|_O__O__O_____PB_	5	84
4|4|_O____OPO_____B_	7	82
4|4|_O__B_O____O_P__	6	82
4|4|OP_O_______O_B__	5	82
4|4|_O__O_OB_____P__	5	82
4|4|O_O___B____PO___	9	81
4|4|OBO______P_____O	6	81
4|4|OB_____O_P____O_	5	81
4|4|OB____O__P_____O	7	80
4|4|O__O_B_______PO_	5	80
4|4|OO_____P_B____O_	7	79
4|4|OB____O__O_____P	7	79
4|4|O_OB______P___O_	6	79
4|4|O_O___B____P_O__	5	79
4|4|P_B______O_O__O_	5	79
4|4|O_O__O_______B_P	7	78
4|4|P_B___OO_____O__	7	78
4|4|OO____B____O_P__	6	78
4|4|OP_O______B____O	6	78
4|4|O_____O__P_B__O_	6	78
4|4|P_B___O____O_O__	6	78
4|4|OP_B______O____O	7	77
4|4|O_PB______O____O	6	77
4|4|OO_O_______P_B__	5	77
4|4|O__P___O___B_O__	5	77
4|4|P_B______O_O_O__	5	77
4|4|O__B_P_O______O_	4	77
4|4|O_P____B_O___O__	7	76
4|4|O_P_______OB_O__	6	76
4|4|O____P_O___B_O__	6	76
4|4|_OB____PO____O__	6	76
4|4|O_O___BO______P_	5	76
4|4|O_O________O_BP_	6	75
4|4|O_B__P_____OO___	5	75
4|4|O_B__O_O______P_	4	75
4|4|O__O_O_______BP_	4	75
4|4|_OP_O______B__O_	7	74
4|4|OB_P_____O____O_	5	74
4|4|P_O______O_B_O__	5	74
4|4|_OB_O__P_____O__	5	74
4|4|O_P_______OO_B__	4	74
4|4|O__P___O__B__O__	7	73
4|4|_O__P__O_B____O_	6	73
4|4|OB_____P_O____O_	5	73
4|4|O_O_______OP_B__	4	73
4|4|O_B____O_O_____P	7	72
4|4|O_____OP_____OB_	7	72
4|4|O__P___O__O__B__	6	72
4|4|O____O_O___B_P__	5	72
4|4|O_O___B__P_____O	4	72
4|4|OB_P_____O_____O	8	71
4|4|OP________B_O__O	7	71
4|4|O__P_____BO___O_	5	71
4|4|P_O____O__O___B_	4	71
4|4|O_O____P__B___O_	6	70
4|4|O__P___O_B____O_	6	70
4|4|OB___O_____OP___	5	70
4|4|O_O_______P_B__O	5	70
4|4|O_P___B__O_____O	5	70
4|4|O_OB_P________O_	4	70
4|4|OBO____P_____O__	7	69
4|4|_O____OBO_____P_	7	69
4|4|O_P____O__O__B__	6	69
4|4|OB___O_____PO___	5	69
4|4|O__B_O_P______O_	5	69
4|4|O__B_O_______O_P	5	69
4|4|O____B_O_____O_P	5	69
4|4|_O__BP_O_____O__	5	69
4|4|O_OB_O________P_	4	69
4|4|OBO____O_____P__	7	68
4|4|O_O____P__O__B__	6	68
4|4|O_P__B___O_____O	5	68
4|4|OB___O_P_____O__	5	67
4|4|OO______O____B_P	6	66
4|4|P_____O__O_O__B_	6	66
4|4|_OB_O______P__O_	6	66
4|4|OO_B__P______O__	5	66
4|4|OB___O_O_____P__	5	66
4|4|O____O_O_____BP_	5	66
4|4|OBP______O_____O	7	65
4|4|OPB__________O_O	6	65
4|4|O_____O______OBP	7	64
4|4|O_PB______O__O__	5	64
4|4|P_O____O_B___O__	5	64
4|4|OO_B______P__O__	4	63
4|4|_O__B_PO_____O__	4	63
4|4|O_O___O____BP___	7	62
4|4|O_O____P___B_O__	7	62
4|4|OO_____P_____OB_	6	62
4|4|_OP_B______O__O_	5	62
4|4|_O__O__P___B__O_	5	62
4|4|O__O_B___P___O__	6	61
4|4|O______O__B__O_P	6	61
4|4|O__B__O__P_____O	5	61
4|4|OP_B______O__O__	4	61
4|4|_O__O_P____B__O_	6	60
4|4|O__B__O__O_____P	5	60
4|4|_OB_P______O_O__	4	60
4|4|_OP_B______O_O__	4	60
4|4|_O__O__O__P___B_	6	59
4|4|O__P_OB_______O_	5	59
4|4|O__P_____B___OO_	5	59
4|4|_OO_B______P__O_	5	59
4|4|OOPB__________O_	7	58
4|4|O_P___O___B____O	5	58
4|4|O_P___O____B__O_	5	58
4|4|OB_O__P______O__	4	58
4|4|OO__B______O_P__	6	57
4|4|O_O__O_____B__P_	6	57
4|4|OB_P______O_O___	5	57
4|4|OB_O__O______P__	4	57
4|4|O_O____O___B_P__	4	57
4|4|O_P____O__O___B_	4	57
4|4|_OB_O______O_P__	4	57
4|4|O_PB_O________O_	7	56
4|4|O_PB______O___O_	6	56
4|4|_O__O_O____B__P_	6	56
4|4|OB_O_P________O_	5	56
4|4|_O_____OBO____P_	5	56
4|4|_OO_B______P_O__	4	56
4|4|_O__P__O__B__O__	4	56
4|4|_O____O_O__B__P_	4	56
4|4|OO____B__O_____P	7	55
4|4|OP_B_O________O_	6	55
4|4|P_O____O__B__O__	6	55
4|4|OP_B______O___O_	5	55
4|4|O_P___BO_____O__	5	55
4|4|OO___B_P_____O__	6	54
4|4|_O__O_B____P_O__	6	54
4|4|O_O__O______B__P	5	54
4|4|O_O____O___B__P_	5	54
4|4|O_P__B_____OO___	5	54
4|4|O_P__B_____O__O_	5	54
4|4|O__O_O___B___P__	4	54
4|4|OB_P_____O__O___	6	53
4|4|OP_____O__B__O__	6	53
4|4|O__O_B____P____O	6	53
4|4|O__P__B__O____O_	6	53
4|4|O____BO__P_____O	6	53
4|4|P_____OO_O___B__	6	53
4|4|P_O__O_____O__B_	4	53
4|4|P_B____O__O__O__	8	52
4|4|PO____B____O_O__	6	52
4|4|OO___B_______P_O	5	52
4|4|O_O_______BP__O_	5	52
4|4|O__O_B____P_O___	5	52
4|4|P_B__O_____O__O_	5	52
4|4|OO_______B_P__O_	6	51
4|4|OBO_____P______O	6	51
4|4|OO___B_______O_P	5	51
4|4|O_O____B_O___P__	7	50
4|4|O_O____O__B___P_	6	50
4|4|O_____B___O__O_P	6	50
4|4|_O__O_OB______P_	6	50
4|4|_OO_P______O__B_	5	50
4|4|_O__O_BO_____P__	5	50
4|4|OB_O______P___O_	4	50
4|4|O_BP_______O_O__	4	50
4|4|O_P__O_____O__B_	4	50
4|4|O_P___B___O____O	5	49
4|4|O_B____O_O____P_	4	49
4|4|_O__B_____OO_P__	7	48
4|4|OB_O_____P___O__	6	48
4|4|OP_________OBO__	6	48
4|4|O_O___O___B____P	6	48
4|4|OP_____O_B____O_	5	48
4|4|_O__O__O__B__P__	5	48
4|4|OB_______O_O_P__	7	47
4|4|P_____OO_____BO_	6	47
4|4|OO_____O_B____P_	5	47
4|4|O_BP______O__O__	5	47
4|4|O____OB____O_P__	5	47
4|4|O_____BO___O_P__	5	47
4|4|P_O___B____O__O_	5	47
4|4|_OP_O______O__B_	5	47
4|4|OB_______O_P_O__	7	46
4|4|OO___B_____OP___	6	46
4|4|OO_________PBO__	6	46
4|4|O__P__B____O_O__	4	46
4|4|O_____B__P_O_O__	4	46
4|4|P_O____O___O__B_	4	46
4|4|P_B___OO______O_	6	45
4|4|OP_____O__O__B__	5	45
4|4|O_BP_____O___O__	4	45
4|4|O_____O__O_B__P_	6	44
4|4|O_____O____O_PB_	6	44
4|4|P_B____O_O___O__	6	44
4|4|OO_____P__O__B__	5	44
4|4|OP_______B___O_O	5	44
4|4|O_O___B___P____O	5	44
4|4|O_O___B____O__P_	5	44
4|4|O_BP_O________O_	5	44
4|4|O__B_P_______OO_	4	44
4|4|OB____O_O______P	7	43
4|4|O_O____O__B__P__	6	43
4|4|O_B____O_O___P__	6	43
4|4|O_P__B____O____O	5	43
4|4|O_____OO___B_P__	4	43
4|4|O_____O____B_PO_	4	43
4|4|O____BO____O_P__	5	42
4|4|O____P_O__B__O__	5	41
4|4|O______O___B_O_P	5	41
4|4|O_P____O___O__B_	4	41
4|4|O__B_O_______OP_	4	41
4|4|O__P_B___O____O_	4	41
4|4|_O__O_BO______P_	4	41
4|4|_O__P__O__B___O_	4	41
4|4|P_B____O___O__O_	6	40
4|4|O__P_____B_O__O_	5	40
4|4|O__P_B____O___O_	4	40
4|4|O_____O____P_OB_	6	39
4|4|P____BO____O_O__	6	39
4|4|OO____O______B_P	5	39
4|4|O__P__B__O___O__	5	39
4|4|O__P__B__O_____O	5	39
4|4|O__B___O_O_____P	7	38
4|4|OO_B______P___O_	5	38
4|4|O_P__O____B____O	5	38
4|4|_O__O__P__B___O_	4	38
4|4|P______O__O__BO_	6	37
4|4|_O__BO_____O_P__	6	37
4|4|O____OO______B_P	5	37
4|4|O____O_O__B__P__	5	37
4|4|O_____PO___B_O__	5	37
4|4|O_____P____B_OO_	5	37
4|4|_O__PB_____O_O__	5	37
4|4|O_B____P_O___O__	6	36
4|4|O_____BO_____OP_	6	36
4|4|O_O___P__B_____O	4	36
4|4|P_____O__B_O__O_	6	35
4|4|OO_______B_PO___	5	35
4|4|OO_______B_P_O__	5	35
4|4|OO___O_______B_P	6	34
4|4|O_B____O_O__P___	5	34
4|4|OOB____O______P_	4	34
4|4|OO____B____P_O__	6	33
4|4|O____BP____O_O__	6	33
4|4|_O__O__B__O___P_	6	33
4|4|O_O___O____B__P_	5	33
4|4|O__O_B___P____O_	5	33
4|4|_O__OO_B______P_	5	33
4|4|O__O_O____B__P__	4	33
4|4|O__P__B___O__O__	4	33
4|4|P_B_______OO__O_	6	32
4|4|O__P_B___O_____O	5	32
4|4|_O__O__O__B___P_	5	32
4|4|OOB_____O______P	6	31
4|4|O_B____O___OP___	5	31
4|4|P_____O____O_BO_	5	31
4|4|O_P___O____O_B__	4	30
4|4|O____BOO_____P__	4	30
4|4|O____OB____P_O__	5	29
4|4|O_____BO___P_O__	5	29
4|4|O______O__B__PO_	5	29
4|4|O____B_O_____PO_	4	29
4|4|_O__O_P____O__B_	4	29
4|4|P______O___O_BO_	7	28
4|4|O__P_B_____O__O_	5	28
4|4|O_O___O____P_B__	4	28
4|4|OO_B_P________O_	4	27
4|4|OO_B_O________P_	4	26
4|4|OO___B_____O_P__	5	25
4|4|O____B_O___O_P__	5	25
4|4|OP_______B_O__O_	4	25
4|4|O__B_PO_______O_	4	25
4|4|O____P_O__O__B__	4	25
4|4|_O__O_B____O__P_	4	25
4|4|O_____B___OO_P__	5	24
4|4|O__B_OO_______P_	4	24
4|4|_O___O__O__P__B_	4	24
4|4|OOP_______B____O	5	23
4|4|O_____O__B_O_P__	4	23
4|4|P_B___O____O__O_	5	22
4|4|O_____O___OB_P__	4	20
4|4|O______O___O_PB_	5	19
4|4|O____B_O__O__P__	4	19
4|4|O_____O___BO_P__	4	19
4|4|O_____BO_P___O__	4	19
4|4|O______O___B_PO_	4	19
4|4|O_____P___OB_O__	5	16
4|4|O__B_P____O___O_	4	15
4|4|O____OB__P_____O	4	15
4|4|O______O__OB_P__	4	15
4|4|P_____O___OO_B__	5	14
4|4|O__B_O____O___P_	4	14
4|4|O_____B___OP_O__	5	13