4|4|P_O_E__B____P_P_	5	107
4|4|O_P_E__B____P_P_	5	105
4|4|PP_PE___O_____B_	6	99
4|4|P_O_E__B____P__P	7	95
4|4|O_P_E__B____P__P	7	94
4|4|OEP__P_____PB___	6	73
4|4|OEP______P_PB___	5	73
4|4|P_O____B____PEP_	5	66
4|4|O__P___P_E__P_B_	6	63
4|4|P_O_E__B_____P_P	5	61
4|4|P_O____B_E___P_P	5	61
4|4|O_P_E__B_____P_P	5	59
4|4|O_P____B_E___P_P	5	59
4|4|P_O____B_E__P_P_	7	43
4|4|O_P____B_E__P_P_	7	42
4|4|O__PE__P_____PB_	5	41
4|4|O__P___P_E___PB_	5	41
4|4|O_P_E__B___PP___	5	39
4|4|O_P_E__P___BP___	6	36
4|4|O_P_E__B___P_P__	5	36
4|4|O_P____B_E_P_P__	5	36
4|4|P_P_E__O___P_B__	6	35
4|4|P_P____O_E_P_B__	6	35
4|4|OE_P___P_P____B_	6	35
4|4|O_EP___P_P____B_	6	35
4|4|O_P_E__B____PP__	6	33
4|4|P_B_E__P_P___O__	6	30
4|4|OP_PE__B____P___	5	30
4|4|O_PPE__B____P___	4	30
4|4|O_P_E_B_P______P	5	29
4|4|OP_PE__B_____P__	5	26
4|4|OP_P___B_E___P__	5	26
4|4|OE_P_____P_P__B_	5	26
4|4|O_EP_____P_P__B_	5	26
4|4|P_P____OPE___B__	7	24
4|4|P_O_E__B_____PP_	6	23
4|4|P_O____B_E___PP_	6	23
4|4|O_P_E__B_____PP_	6	22
4|4|O_P____B_E___PP_	6	22
4|4|P_O____BPE___P__	6	22
4|4|O_PPE__B_____P__	4	22
4|4|O_PP___B_E___P__	4	22
4|4|P_B_E__O___P_P__	6	20
4|4|P_B____O_E_P_P__	6	20
4|4|O_P____BPE___P__	6	20
4|4|P_P___E___PO_B__	5	18
4|4|O__PE__P_P___B__	4	18
4|4|PE_P_____BP___O_	5	17
4|4|P_EP_____BP___O_	5	17
4|4|OE_P_P____B_P___	5	17
4|4|O_EP_P____B_P___	5	17
4|4|PE_P_____B___PO_	5	15
4|4|P_EP_____B___PO_	5	15
4|4|OE_P_____P___PB_	4	11
4|4|O_EP_____P___PB_	4	11