4|4|O_P____O____B_P_	8	424
4|4|OP_B_________P_O	7	339
4|4|O_P________OB_P_	7	329
4|4|O_O____P____P_B_	6	316
4|4|O_PB_________P_O	6	305
4|4|O_P________OB__P	7	272
4|4|O_P______O_PB___	5	249
4|4|PO_P_______O_B__	6	245
4|4|O_P___B_____O__P	6	229
4|4|O__O_P______B_P_	7	228
4|4|P_P____O_B____O_	5	224
4|4|O__O_P______P_B_	7	220
4|4|O_O_____B____P_P	6	216
4|4|O__O________B_PP	9	214
4|4|O__O________BP_P	8	214
4|4|OP_O____P_____B_	7	210
4|4|O_P______P_O_B__	4	198
4|4|O__O_B______P_P_	5	197
4|4|O_O____B____P_P_	7	196
4|4|OP_O_______PB___	8	190
4|4|O_P____P____B_O_	7	188
4|4|OP_O_____P____B_	7	187
4|4|O_P________OBP__	6	187
4|4|P_O____PO_____B_	5	186
4|4|OP_B_______O_P__	6	185
4|4|O_P____B____P_O_	6	184
4|4|P_O____B____P_O_	6	184
4|4|O_O___B_____P__P	5	184
4|4|O_O_____B__P_P__	5	181
4|4|O_P____B____O_P_	6	178
4|4|P_O____O_____BP_	6	177
4|4|O_PB_______O_P__	5	176
4|4|O_O______P_P_B__	4	170
4|4|O_O______P___B_P	7	167
4|4|O_O____PP_____B_	6	164
4|4|O_P___O_____B__P	7	160
4|4|O__P___P_O____B_	6	158
4|4|OB_P____P____O__	5	158
4|4|O__P_____P_O_B__	5	157
4|4|OP_O_______BP___	7	156
4|4|OB_____P____O_P_	6	156
4|4|OB_____O____P_P_	6	155
4|4|O_O____P_____PB_	6	153
4|4|OP_P_______BO___	7	152
4|4|O_O__P_____PB___	6	152
4|4|O_O______P_PB___	5	152
4|4|O_O____B____P__P	7	147
4|4|O_PP_______BO___	6	144
4|4|O_P______P_B_O__	6	144
4|4|O_P____B_P___O__	8	134
4|4|P_O____B___O_P__	5	134
4|4|P_P____B___O_O__	6	131
4|4|O_P________PB_O_	6	130
4|4|_O_____OP____BP_	5	130
4|4|_O___P_PO_____B_	5	129
4|4|O_O_____B__PP___	7	128
4|4|O_PB__O______P__	5	127
4|4|OP_P____B_____O_	9	126
4|4|OB_P________P__O	7	124
4|4|O_O_____P__P__B_	5	123
4|4|O_P____P_O__B___	6	120
4|4|O_P____B_P____O_	5	120
4|4|O__O_B______P__P	5	120
4|4|PB_P_______O_O__	6	118
4|4|P_O____B___P_O__	6	118
4|4|O_P____B___O_P__	5	118
4|4|OP_B_____O____P_	7	116
4|4|P_O____B_O____P_	6	116
4|4|O__P_____O_P__B_	5	116
4|4|O_P___B______P_O	4	116
4|4|P_B____O_P___O__	8	115
4|4|P_O____O_P___B__	7	114
4|4|O_PB_____O____P_	6	114
4|4|_O__P__O_____BP_	5	114
4|4|OP_P______B_O___	5	113
4|4|O__O________BPP_	8	112
4|4|OP_B____P____O__	6	111
4|4|O_O________P_PB_	5	111
4|4|OP_B__O______P__	4	111
4|4|O_P__O_____BP___	7	109
4|4|O_P______O_BP___	6	109
4|4|O__P___B_____O_P	6	109
4|4|OO____B______P_P	6	108
4|4|OB_P_______O_P__	5	107
4|4|O_O_____P__PB___	5	107
4|4|P_O____B___OP___	9	106
4|4|O_B____P_P___O__	7	106
4|4|O_O____P_P___B__	6	106
4|4|O_P____B____O__P	6	106
4|4|_O____BPP_____O_	6	106
4|4|OB_P_______P_O__	5	106
4|4|PO_____P_B____O_	6	105
4|4|O_O____B___P_P__	5	105
4|4|O_B______P_P_O__	7	104
4|4|OP_P_____O____B_	5	104
4|4|P_B____P_____OO_	7	103
4|4|OP_O__B______P__	5	103
4|4|OP_B____O_____P_	8	101
4|4|O_P_______OBP___	5	101
4|4|OP_B_______PO___	9	100
4|4|O_PB_______PO___	8	100
4|4|P_B__O_P_____O__	6	99
4|4|P_O____B_P____O_	5	99
4|4|P_P____B_O____O_	5	99
4|4|P_P______B_O__O_	4	99
4|4|OP_B____P_____O_	7	98
4|4|OP_P___B_____O__	6	98
4|4|O__P_____P_O__B_	4	98
4|4|O__O_____P__P_B_	6	97
4|4|PO_P___B_____O__	6	97
4|4|P_O____O___P_B__	6	96
4|4|O__P___B____P_O_	6	95
4|4|O_P_______O_B__P	6	94
4|4|P_P____O___O_B__	6	94
4|4|O_O___B_P______P	5	93
4|4|OB__________OP_P	6	92
4|4|O_O____P_____B_P	5	90
4|4|O_P____O___BP___	5	90
4|4|O_P____O_____B_P	5	90
4|4|O____OB______P_P	5	90
4|4|O_P___B_____P__O	4	90
4|4|O__O_____P___B_P	6	89
4|4|OP_B_____P____O_	5	88
4|4|O_PB_______P_O__	3	88
4|4|OB__________O_PP	5	86
4|4|O_PB____P_____O_	7	85
4|4|O_P__B_____P_O__	5	85
4|4|O_____BO_____P_P	5	85
4|4|P_P___OB_____O__	5	85
4|4|O_PB_____P____O_	4	84
4|4|P_P____B_O___O__	6	83
4|4|_O___P_BO_____P_	5	83
4|4|OP_B___O_____P__	6	82
4|4|P_O__O_______B_P	6	82
4|4|P_O____OB_____P_	5	82
4|4|P_O_____P__B_O__	5	82
4|4|_O__B__P__P___O_	5	82
4|4|O_PB___O_____P__	5	81
4|4|O_PP___B_____O__	5	81
4|4|O_P____B___OP___	5	81
4|4|P_O______P_B_O__	5	81
4|4|O_PB____P____O__	6	79
4|4|O_O____B___PP___	9	78
4|4|O_O______P_B_P__	4	78
4|4|_O___P_OB_____P_	5	77
4|4|OB_P___O_____P__	7	76
4|4|OBP_________P__O	6	75
4|4|P_O____O__B_P___	5	75
4|4|O_P____O_P___B__	4	75
4|4|O_O__P_P____B___	7	74
4|4|O_O____B____PP__	6	74
4|4|OPB__________O_P	5	74
4|4|OP_B_____P_____O	5	74
4|4|O_PB_____P_____O	4	74
4|4|O_P____B__O_P___	6	73
4|4|OB_P______P__O__	4	73
4|4|P__P_____B___OO_	4	73
4|4|OB_P________PO__	7	72
4|4|OP_B______P____O	6	72
4|4|O_O____P_P__B___	6	72
4|4|O_B_____P__P_O__	5	72
4|4|OB_P_____P___O__	5	71
4|4|OP_BP________O__	5	71
4|4|O_O__P_B____P___	5	71
4|4|P_B_____P__O_O__	5	71
4|4|P_B______P_O_O__	5	71
4|4|O__P_O____B_P___	4	71
4|4|PO_P_____O____B_	4	71
4|4|PO_P____B_____O_	6	70
4|4|O_PB______P____O	5	70
4|4|PO_____O_____B_P	7	69
4|4|OB______P__P_O__	5	69
4|4|OP_O_______B__P_	5	69
4|4|O__P_____P___BO_	5	69
4|4|P_O____B_O___P__	5	69
4|4|O_OP___B______P_	9	68
4|4|OO_P___B______P_	8	68
4|4|_O____OBP_____P_	6	68
4|4|OP_OP________B__	5	68
4|4|OO_P_____P____B_	4	68
4|4|O_P___OB_____P__	4	68
4|4|O_P____BP_____O_	9	67
4|4|_O_____BP_O__P__	7	67
4|4|OB_P___P_____O__	6	67
4|4|O_O____B__P_P___	6	67
4|4|P_O____B__O_P___	6	67
4|4|OB______P__O_P__	5	67
4|4|O_O____BP_____P_	9	66
4|4|O_P____OP____B__	8	66
4|4|PO_____O_____BP_	6	66
4|4|PBP________O_O__	6	66
4|4|_O__O__B_____PP_	6	66
4|4|P_B__O_____P_O__	6	65
4|4|P_O____P__O__B__	5	65
4|4|P_O___OB_____P__	4	65
4|4|P_P____O__O__B__	5	64
4|4|O_P_______OPB___	7	63
4|4|OP_____O____B_P_	7	62
4|4|O_P____O___P_B__	7	62
4|4|P_B________P_OO_	7	62
4|4|OP_B_______O__P_	6	62
4|4|O__P_______O_B_P	6	62
4|4|OP_P______B____O	5	62
4|4|P__P_____O___OB_	4	62
4|4|OO_____P____B_P_	7	61
4|4|O_B_____P____O_P	5	61
4|4|OP_O__P______B__	4	61
4|4|OPOP__________B_	7	60
4|4|_OP____PB_____O_	7	60
4|4|PO_P___B______O_	6	60
4|4|OB_________OP_P_	5	60
4|4|O_O____P_____BP_	4	60
4|4|O_P____O_____BP_	4	60
4|4|O__P_____PO___B_	4	60
4|4|O_OP_P________B_	7	59
4|4|OO_P_P________B_	6	59
4|4|O_OP______P___B_	6	59
4|4|_O__O__P___B_P__	6	59
4|4|OO_P______P___B_	5	59
4|4|OO_P___B____P___	8	58
4|4|O_OP___B____P___	7	58
4|4|_O__P__P_B____O_	5	58
4|4|OP_O_____P___B__	4	58
4|4|O_O___B____P_P__	4	58
4|4|OB________P_O__P	5	57
4|4|O__O_P___B____P_	5	57
4|4|O__P___B___P_O__	5	57
4|4|OBP________O_P__	4	57
4|4|OB_____P_____OP_	5	56
4|4|O_PB_______O__P_	5	56
4|4|O_P____B__P_O___	5	56
4|4|P_B___OO_____P__	5	56
4|4|OBP________P_O__	4	56
4|4|O_P__O_B____P___	4	56
4|4|O_____O__P___B_P	4	56
4|4|O__P___O__B_P___	8	55
4|4|O__O_P___P____B_	7	55
4|4|PB_____O_____O_P	6	55
4|4|P_B____OP____O__	6	55
4|4|O_O___P____B_P__	4	55
4|4|O_B__P_____PO___	4	55
4|4|OP_B__________PO	6	54
4|4|OP_O__B_____P___	5	54
4|4|OB_____O_P____P_	4	54
4|4|O_P___BO_____P__	4	54
4|4|O__P_____P___OB_	4	54
4|4|PB_P_____O___O__	7	53
4|4|O__P___B__O_P___	6	53
4|4|P_O____P___B_O__	6	53
4|4|P_P__O_O_____B__	6	53
4|4|O_P__O_____B__P_	5	53
4|4|O__O_____P___PB_	5	53
4|4|OP_O_B_______P__	4	53
4|4|OP_P_______O_B__	4	53
4|4|P_O__O_P_____B__	6	52
4|4|_OP_____B__P__O_	6	52
4|4|OB_____PP____O__	5	52
4|4|OB_____P_O____P_	4	52
4|4|OPB________P_O__	6	51
4|4|O_P___P____O_B__	6	51
4|4|P_____OP_O____B_	6	51
4|4|O_P__B_P_____O__	5	51
4|4|O__P______PB_O__	5	51
4|4|_O__P__PB_____O_	5	51
4|4|O_PB___O______P_	4	51
4|4|O__B_O______P__P	4	51
4|4|O__P___B_P___O__	4	51
4|4|P_P____O__B__O__	5	50
4|4|OO_P_______P_B__	4	50
4|4|O_P_______P_B__O	4	50
4|4|OB_____O__P_P___	6	49
4|4|O_PP___O_____B__	6	49
4|4|OP__________BP_O	5	49
4|4|O_P____O__B_P___	5	49
4|4|O__P_B____P__O__	5	49
4|4|_O__P_OB______P_	5	49
4|4|O__B_O_______P_P	4	49
4|4|OP_O______P__B__	3	49
4|4|OB______P__OP___	6	48
4|4|_O__O__P__P___B_	5	48
4|4|_OO_B__P______P_	4	48
4|4|OB_P_____P_____O	6	47
4|4|PPO____O______B_	6	47
4|4|O_B____O_____P_P	4	47
4|4|O_P___B____OP___	4	47
4|4|O__P_____PB__O__	4	47
4|4|O__P_____PB___O_	4	47
4|4|_O__B_PO______P_	4	47
4|4|O_____B___O__P_P	5	46
4|4|P_B____O__O___P_	5	46
4|4|O__P_BP______O__	4	46
4|4|_OP____BO_____P_	8	45
4|4|_OP____BP_____O_	8	45
4|4|O_P__O_____PB___	6	45
4|4|OB__P__P_____O__	4	45
4|4|OP_B_____P___O__	4	45
4|4|_O__BP_O_____P__	4	45
4|4|OPP____O______B_	6	44
4|4|PBO____P_____O__	6	44
4|4|P_O____O__P___B_	5	44
4|4|OB_P_P________O_	4	44
4|4|OB___P______O__P	4	44
4|4|_O__P__O_B____P_	4	44
4|4|_O____B_O__P__P_	4	44
4|4|O_PB_____P___O__	3	44
4|4|O_____OP_P____B_	6	43
4|4|PBO____O_____P__	6	43
4|4|_O__P__B__O__P__	6	43
4|4|OP_P___O_____B__	5	43
4|4|O__P___B_P____O_	5	43
4|4|_O__OP_B_____P__	5	43
4|4|_O__O_PB_____P__	4	43
4|4|OP_O_B________P_	6	42
4|4|OP_B___P_____O__	6	42
4|4|OP____O_____B__P	6	42
4|4|OP_________OB_P_	6	42
4|4|P_O____BO____P__	6	42
4|4|O_O___B____PP___	5	42
4|4|O_PB_O________P_	5	42
4|4|O_PB___P_____O__	5	42
4|4|O_P_______PO_B__	5	42
4|4|OP_O__B_______P_	4	42
4|4|P_O____O__B___P_	4	42
4|4|OO_________PB_P_	6	41
4|4|OP_B_______O___P	6	41
4|4|OP________B_O__P	6	41
4|4|OBP______P_____O	5	41
4|4|O_P____O__P___B_	5	41
4|4|O_P____P_B_____O	5	41
4|4|O__O_____P___BP_	5	41
4|4|P_O__O_B______P_	5	41
4|4|P_P____B___O__O_	5	41
4|4|P_____BO_P____O_	5	41
4|4|_O__P_B____P_O__	5	41
4|4|O__P_O_____B__P_	4	41
4|4|OP_____OP____B__	7	40
4|4|OP_____P__B_O___	7	40
4|4|POB____P_____O__	7	40
4|4|OO____P_____B__P	6	40
4|4|O_P___PO_____B__	6	40
4|4|O_P__O_B______P_	5	40
4|4|O_P____O_B___P__	5	40
4|4|O__O_P____B_P___	5	40
4|4|O_O____PB____P__	6	39
4|4|O__P__PO_____B__	6	39
4|4|O_O____P___BP___	5	39
4|4|O__P___O__P__B__	5	39
4|4|O_____P______OBP	5	39
4|4|O_P____O___B__P_	4	39
4|4|O__P_O_____BP___	4	39
4|4|O_B___P______P_O	3	39
4|4|OP_____O__B_P___	7	38
4|4|OP_P__B______O__	5	38
4|4|O__P_____BP___O_	5	38
4|4|O__P___O_P____B_	4	38
4|4|OO____B_____P__P	7	37
4|4|PP_____O___B_O__	7	37
4|4|P_B____P__O__O__	7	37
4|4|OO____B__P_____P	6	37
4|4|PB____O__O_____P	6	37
4|4|O__P__B__P____O_	5	37
4|4|OP_B_O________P_	4	37
4|4|P_____O__P_O__B_	4	37
4|4|OB_____P__P__O__	5	36
4|4|_O__O__B___P_P__	5	36
4|4|OB_____P__P___O_	4	36
4|4|O_P___BO______P_	4	36
4|4|PO____O__B_____P	7	35
4|4|PP_____O_O___B__	7	35
4|4|OP_BP_________O_	6	35
4|4|O_____OP_____PB_	6	35
4|4|_OP_O______B__P_	6	35
4|4|O_P____O__P__B__	5	35
4|4|_OP_O__P______B_	5	35
4|4|OB___P_P_____O__	4	35
4|4|OB____P_____P__O	4	35
4|4|O_P___OB____P___	4	35
4|4|OP_B___O______P_	3	35
4|4|OB________POP___	5	34
4|4|O_P____O__B__P__	5	34
4|4|P_O____B___P__O_	5	34
4|4|OB___P_____OP___	4	34
4|4|OB____O_____P__P	4	34
4|4|O__B_P_____OP___	4	34
4|4|_O__BP_O______P_	3	34
4|4|OP__P__O_____B__	6	33
4|4|PO_____P_B___O__	6	33
4|4|PB_____O____P_O_	6	33
4|4|_O____PBO_____P_	6	33
4|4|O_BP_____P____O_	5	33
4|4|P____P_O___O_B__	5	33
4|4|OB__P______P_O__	4	33
4|4|O_B____P_P__O___	4	33
4|4|O__B_O_____PP___	4	33
4|4|O_____P__P_O__B_	4	33
4|4|PB_____O_P____O_	4	33
4|4|POO____B______P_	7	32
4|4|OP_O_B______P___	5	32
4|4|OP_B__O________P	5	32
4|4|P_____B__P_O__O_	5	32
4|4|OB__P______O_P__	4	32
4|4|OP_B___O____P___	4	32
4|4|O_PB___O____P___	3	32
4|4|OOP____B______P_	7	31
4|4|OO_____P____P_B_	6	31
4|4|O_____O______PBP	6	31
4|4|O_____O__P_B__P_	5	31
4|4|O_P____O__B___P_	4	31
4|4|P_B_______OP_O__	7	30
4|4|O__P___O__B__P__	6	30
4|4|OP________O_B__P	5	30
4|4|_O__P__P_B___O__	5	30
4|4|OB____P__P_____O	4	30
4|4|O_P___BO____P___	4	30
4|4|O____O_P___B_P__	4	30
4|4|OBP____P_____O__	6	29
4|4|OB_P____P______O	6	29
4|4|P_O____B__O___P_	6	29
4|4|OO________P_B__P	5	29
4|4|OP_____B____P_O_	5	29
4|4|OB____P__O_____P	4	29
4|4|_O__B_PO_____P__	3	29
4|4|_O___O_PB____P__	7	28
4|4|OBP____O_____P__	6	28
4|4|O_P____B__O___P_	6	28
4|4|PO_____O___B_P__	6	28
4|4|PP_____O___O_B__	6	28
4|4|_O____OPB____P__	6	28
4|4|O_O____P__B___P_	5	28
4|4|O_____BO_____PP_	5	28
4|4|_O__O_P____B__P_	5	28
4|4|OP_B__O_____P___	4	28
4|4|_O__O__P___B__P_	4	28
4|4|OB_P______P___O_	3	28
4|4|O_PB__O_____P___	3	28
4|4|O_____O__P_P_B__	3	28
4|4|PO_____P___O_B__	6	27
4|4|PB_______O_P_O__	6	27
4|4|OO____B____P_P__	5	27
4|4|O______O__B__P_P	5	27
4|4|P_B____O___O_P__	5	27
4|4|_O__O_PB______P_	5	27
4|4|_O_____PB_O__P__	5	27
4|4|_O__OP_B______P_	4	27
4|4|PB____O____O_P__	5	26
4|4|PB____P____O_O__	5	26
4|4|P_P___OO_____B__	5	26
4|4|O__B___P_O____P_	4	26
4|4|O__P_PB_______O_	4	26
4|4|POP____B______O_	6	25
4|4|P_O___OP_____B__	5	25
4|4|O_PB__O_______P_	4	25
4|4|O_P___O____B__P_	4	25
4|4|OB_P___O____P___	6	24
4|4|O_O___P____BP___	6	24
4|4|OP____PO_____B__	5	24
4|4|OP_____B__O_P___	5	24
4|4|OP_____O__P__B__	4	24
4|4|O__P__O___B_P___	4	24
4|4|P_O____O___P__B_	4	24
4|4|OO_____P_____PB_	5	23
4|4|POB____O_____P__	5	23
4|4|P_P___B____O__O_	4	23
4|4|_O__PB_____O_P__	4	23
4|4|OP____B_O______P	6	22
4|4|OO_____B__P_P___	5	22
4|4|OP_____O__B__P__	5	22
4|4|P_P____B__O___O_	5	22
4|4|OP_______B___P_O	4	22
4|4|O_BP_P________O_	4	22
4|4|O_P___B___P____O	4	22
4|4|O_P___B____O__P_	4	22
4|4|O_P____O___P__B_	4	22
4|4|P____BO____O_P__	4	22
4|4|_OO_P______P__B_	4	22
4|4|OBP____O____P___	5	21
4|4|OBP_____P______O	5	21
4|4|O____BP__P_____O	5	21
4|4|PO____B____P_O__	5	21
4|4|P_O____O__B__P__	5	21
4|4|_OP_O______P__B_	4	21
4|4|OP_B__O_______P_	3	21
4|4|_O___O_BP____P__	6	20
4|4|PB_____O_____PO_	5	20
4|4|O_P___P___B____O	4	20
4|4|O__P_B____P___O_	4	20
4|4|P_____OO_P____B_	4	20
4|4|OB_P__O_____P___	6	19
4|4|OP_________OB__P	6	19
4|4|P_____OO_____BP_	5	19
4|4|OPB____O______P_	4	19
4|4|O____OB____P_P__	4	19
4|4|O_____BO___P_P__	4	19
4|4|P__P_O___O____B_	4	19
4|4|OO_________PB__P	6	18
4|4|PB____O_O______P	6	18
4|4|OP_________OBP__	5	18
4|4|O_____O____P_PB_	5	18
4|4|O_P__O_B_____P__	4	18
4|4|O__P_O___P____B_	4	18
4|4|OO_________PBP__	5	17
4|4|O_____BP_____OP_	5	17
4|4|P____BP____O_O__	5	17
4|4|P_____OO_P___B__	5	17
4|4|_O__PO_B_____P__	5	17
4|4|O____P_O__B__P__	4	17
4|4|P_O__O_B_____P__	4	17
4|4|O_B___P____O_P__	3	17
4|4|OO____P__B_____P	5	16
4|4|P______O__O__BP_	5	16
4|4|OP_____B_P____O_	4	16
4|4|O____BPO_____P__	4	16
4|4|O_____OP_P___B__	4	16
4|4|O_____PO_P____B_	4	16
4|4|O__B___P_O_____P	6	15
4|4|O_B___P_P______O	4	14
4|4|_O__B____P_P_O__	3	14
4|4|O__P__O___P__B__	4	13
4|4|PO___B_____O_P__	4	13
4|4|PB___O_____O_P__	4	13
4|4|P____B_O___O_P__	4	13
4|4|O______O__B__PP_	4	12
4|4|P______O___O_BP_	6	11
4|4|O_____B___OP_P__	4	10
4|4|OPB_______P____O	3	10