4|4|P_P_____H__O_B__	7	202
4|4|O_P________PBH__	6	200
4|4|P_O_________HB_P	8	198
4|4|P_O________HP_B_	9	197
4|4|P_O________PHB__	8	188
4|4|P_P____O_B____H_	6	169
4|4|O_P______P_B_H__	5	161
4|4|P_B____O_P____H_	6	157
4|4|PO_P_______H_B__	7	145
4|4|O_P________BPH__	5	142
4|4|O_P______P_B__H_	7	139
4|4|P_O________P_BH_	5	138
4|4|O_HB_________P_P	7	135
4|4|PO_P_____B____H_	7	133
4|4|P_O____P_H____B_	5	128
4|4|O_P_____P__B__H_	8	126
4|4|P_O_____B__PH___	8	126
4|4|P_PH_______B_O__	4	123
4|4|PH_____P_B____O_	6	122
4|4|P_PH_______O_B__	4	121
4|4|P_BH_______P_O__	7	120
4|4|P_O_____B__P_H__	6	120
4|4|O_HB________P_P_	7	118
4|4|P__P_H_______BO_	5	118
4|4|O_P______B_P__H_	4	118
4|4|P_P________OHB__	5	117
4|4|P_O______P_H__B_	6	116
4|4|P_O_____H__P_B__	5	116
4|4|P_O______H___B_P	9	115
4|4|O_P________HP_B_	6	115
4|4|O_P____P_H____B_	5	114
4|4|O_P________B_HP_	5	111
4|4|P_O________H_BP_	5	111
4|4|O_P____B_P___H__	6	110
4|4|O_P________B_PH_	5	109
4|4|P_P__H_____O_B__	5	109
4|4|O_PH_____P____B_	6	108
4|4|O_HP________B_P_	6	108
4|4|PO_P______B_H___	6	107
4|4|P_H____P_O____B_	5	104
4|4|O_P________PB_H_	7	101
4|4|O_P_______HPB___	6	101
4|4|O_P______B_P_H__	5	101
4|4|_OP_____P__B__H_	7	100
4|4|_O_____PP____BH_	7	97
4|4|P_P___H____B_O__	6	97
4|4|OP_B_______H_P__	5	95
4|4|O_B______P_P_H__	4	95
4|4|P_P______O_B__H_	5	94
4|4|P_P______B_O__H_	5	94
4|4|P_O_____P__H__B_	7	93
4|4|P_O__H_____P_B__	6	92
4|4|P__P_H___B____O_	6	92
4|4|OP_P_______B_H__	6	91
4|4|OB_____P_H____P_	5	91
4|4|BO_P______P_H___	5	91
4|4|_B____O_P__P_H__	6	90
4|4|P__P_H____O__B__	5	90
4|4|P_O___P____H_B__	5	89
4|4|P_O______P_H_B__	5	89
4|4|O__P_____H___PB_	6	88
4|4|B_O________HP_P_	5	88
4|4|O_PP_______B_H__	5	86
4|4|P__P_____B___OH_	6	85
4|4|O_P____B____PH__	5	85
4|4|P_O_____P__H_B__	5	85
4|4|P_B______O_P_H__	4	85
4|4|O__P_B_____H_P__	7	84
4|4|O_____B__H___P_P	5	84
4|4|P_O_____B__H__P_	8	83
4|4|P_PH_____B____O_	5	82
4|4|_O__P__P_____BH_	6	81
4|4|O_B______H___P_P	5	81
4|4|P_O___B____H_P__	5	81
4|4|O_PH_____B____P_	8	80
4|4|O_P_____H__PB___	7	80
4|4|O_HP________B__P	6	80
4|4|O_P___H_____B__P	5	80
4|4|O____B_P_____HP_	5	80
4|4|P_O____P___H_B__	5	80
4|4|P_P____H_O___B__	5	80
4|4|P_H____P_O___B__	6	79
4|4|O_H____P_P____B_	5	79
4|4|O__P___B_H___P__	5	79
4|4|O__P__B__H___P__	7	78
4|4|O__P_______H_PB_	7	78
4|4|P_O____B___H_P__	6	78
4|4|P_P____H_B____O_	6	78
4|4|P__P_____O___BH_	6	78
4|4|O_H__P_P______B_	5	78
4|4|_B___O_PH_____P_	5	78
4|4|O_PH_______P_B__	4	78
4|4|P_BH___P_____O__	7	77
4|4|O__P_____H_P_B__	6	77
4|4|P_B____OP_____H_	6	77
4|4|P_B____O_____PH_	5	77
4|4|_O____B_P__P__H_	5	77
4|4|_O_____BP_P__H__	5	77
4|4|O_P___H____PB___	7	76
4|4|O_P__B_____P_H__	6	76
4|4|_OB_____P__P_H__	5	76
4|4|P_O____B_P___H__	4	76
4|4|_B___O_HP_____P_	5	75
4|4|O_PB_______H_P__	4	75
4|4|P_O______H_P__B_	4	75
4|4|P_P__H_____B_O__	6	74
4|4|OB_P_______H_P__	5	74
4|4|O_B_____P__P_H__	5	74
4|4|O__H_B_P______P_	5	74
4|4|P_P____H___B_O__	7	73
4|4|P_O____P_____HB_	6	73
4|4|BO_P______H_P___	5	73
4|4|BO_P_______H_P__	5	73
4|4|B_O______H___P_P	5	73
4|4|P_PH_____O____B_	4	73
4|4|P_O_______B_H__P	6	72
4|4|P_B____O____P_H_	5	72
4|4|P_P______O_B_H__	4	72
4|4|O_P____B__H_P___	7	71
4|4|_O_____BP____PH_	7	71
4|4|O_HB_______P_P__	6	71
4|4|_O_____PP____HB_	6	71
4|4|O__P_H_______B_P	5	71
4|4|BO_P_____H____P_	5	71
4|4|O_P_____H__P_B__	5	70
4|4|P__P_H___B___O__	5	70
4|4|_O__B__P_H____P_	5	70
4|4|O_B____P_P___H__	8	69
4|4|O_____B____H_P_P	6	69
4|4|P__P_H___O___B__	5	69
4|4|_O__B_PH_____P__	5	69
4|4|_O__B__P_____HP_	5	69
4|4|_O__B_P____H_P__	4	69
4|4|_O__B__PH_____P_	7	68
4|4|O_HP________BP__	5	68
4|4|P_O______H_P_B__	4	68
4|4|P_P________O_HB_	4	68
4|4|O__P___B___H_P__	7	67
4|4|PO_H_____P____B_	7	66
4|4|O_HP___B_____P__	6	66
4|4|P_OH_____P____B_	6	66
4|4|P_O____B_H____P_	5	66
4|4|P_O______BH____P	5	66
4|4|_B___O_HP____P__	8	65
4|4|O_H__P_P____B___	7	65
4|4|P_O____P____HB__	7	65
4|4|_OH____PP_____B_	6	65
4|4|OP_B_____H____P_	5	65
4|4|O_P______BH____P	5	65
4|4|P_B____O_P___H__	5	65
4|4|_B___O_PP____H__	5	65
4|4|O_P____B_P__H___	4	65
4|4|O_P______B____HP	4	65
4|4|O_HP______P_B___	6	64
4|4|P_B__O_H____P___	6	64
4|4|O_H____P____P_B_	5	64
4|4|O_HP______P__B__	4	64
4|4|PPH________O_B__	4	64
4|4|PHP________O_B__	4	64
4|4|O_P________B_H_P	5	63
4|4|P_B____O__P___H_	5	63
4|4|P_P_______BOH___	5	63
4|4|_O_____BP__P__H_	5	63
4|4|O_P____P_B____H_	4	63
4|4|O__P______PH_B__	4	63
4|4|O_P____P____BH__	7	62
4|4|_B____OHP____P__	7	62
4|4|O__P_B___H___P__	5	62
4|4|P_B___O____H_P__	5	62
4|4|O_P__H_____P_B__	4	62
4|4|O_PH_______P__B_	5	61
4|4|O__P_____P___HB_	5	61
4|4|P__P_H_______OB_	5	61
4|4|P_B____O_H____P_	9	60
4|4|P_O______H_B__P_	8	60
4|4|PB_P__H______O__	7	60
4|4|_O__P__B_____PH_	6	60
4|4|O_P_______PB_H__	5	60
4|4|O_P_______PHB___	5	60
4|4|O__P_B_____P_H__	5	60
4|4|P_O_______PH_B__	5	60
4|4|O_B_______H__P_P	4	60
4|4|_B___O__P__P__H_	4	60
4|4|O__P_B_____H__P_	6	59
4|4|_O__P______B_PH_	6	59
4|4|OB_______H___P_P	5	59
4|4|O_B____H_P_____P	5	59
4|4|P_O____B____HP__	5	59
4|4|P_O___B__H_____P	4	59
4|4|P_H______P_O_B__	4	59
4|4|P_B____O_P__H___	7	58
4|4|P_B__H_O_____P__	6	58
4|4|P_____BO_____PH_	6	58
4|4|P_____HP_____OB_	6	58
4|4|O_PB______P_H___	5	58
4|4|_O__P__B__H__P__	5	58
4|4|_O____B_P__H_P__	5	58
4|4|O_PH_____B_____P	4	58
4|4|O_P_______HP_B__	4	58
4|4|O__P_____B_H_P__	8	57
4|4|O__P______B_HP__	6	57
4|4|O_____B______PHP	6	57
4|4|P_P___H____O_B__	6	57
4|4|OP_B______P_H___	5	57
4|4|O_HP_______B_P__	5	57
4|4|P_P_______OBH___	5	57
4|4|O_B________PPH__	4	57
4|4|P_O____B__H_P___	8	56
4|4|PH____O__B_____P	7	56
4|4|P_____BO_P____H_	7	56
4|4|O_B________HP_P_	5	56
4|4|O_H__P_B____P___	5	56
4|4|P_O________P_HB_	5	56
4|4|P__P_H____B__O__	5	56
4|4|P_P__H_____B__O_	4	56
4|4|_O__B__P__H__P__	4	56
4|4|_O_____PB_P___H_	4	56
4|4|O_P__H_____B_P__	6	55
4|4|P_O__B_____H_P__	6	55
4|4|_O__P______P_BH_	6	55
4|4|O_P___B__H_____P	5	55
4|4|O_HP______P___B_	5	55
4|4|O__P_B_______PH_	5	55
4|4|O__P__P______BH_	5	55
4|4|O_____PB_H___P__	5	55
4|4|O__P_H____P__B__	4	55
4|4|P_O____B___H__P_	6	54
4|4|_B____OPP____H__	6	54
4|4|O_PH___B_____P__	5	54
4|4|P__H_____P_B_O__	5	54
4|4|O_PP_H_______B__	4	54
4|4|O__P__P____H_B__	4	54
4|4|P_P________B_HO_	4	54
4|4|_O_____PP__H_B__	8	53
4|4|OB_P_____H____P_	5	53
4|4|O_B____P_____HP_	5	53
4|4|O__H_B_____P_P__	5	53
4|4|P_O____H_B_____P	5	53
4|4|O__P_B____P__H__	4	53
4|4|BO_P_____P____H_	6	52
4|4|PO_H_____B_____P	5	52
4|4|P_O____B__H__P__	5	52
4|4|_O___P_PH_____B_	5	52
4|4|O__P_HP______B__	4	52
4|4|P_OH_____B_____P	4	52
4|4|O_H____P__P___B_	6	51
4|4|O____B_P___H_P__	6	51
4|4|P____H_O___B_P__	6	51
4|4|O_PB_____H____P_	5	51
4|4|O__B_______HP_P_	5	51
4|4|OP_P_H_______B__	4	51
4|4|O__B__P__H___P__	4	51
4|4|PH______O__B_P__	8	50
4|4|PP____H____B_O__	7	50
4|4|OP_B_____P____H_	6	50
4|4|O_HP_B________P_	6	50
4|4|PB____H____P_O__	6	50
4|4|O_PB_____P____H_	5	50
4|4|O__H_____B___P_P	5	50
4|4|B_O_____P__P_H__	5	50
4|4|PH_______B_P__O_	5	50
4|4|O__B_P_______HP_	4	50
4|4|P_P___O____B_H__	4	50
4|4|_O__B__P__H___P_	4	50
4|4|O_BP_______H_P__	8	49
4|4|O_B____H_P___P__	8	49
4|4|O_P____P__H_B___	7	49
4|4|_O__P_B____H__P_	6	49
4|4|P_B______OH____P	5	49
4|4|P____H_O_____BP_	5	49
4|4|O_B________P_H_P	4	49
4|4|P_O__B_____P_H__	4	49
4|4|P_____O__P_B_H__	3	49
4|4|_O__P__P___H_B__	7	48
4|4|OB_______P_PH___	5	48
4|4|O_PH_P________B_	5	48
4|4|_O__B__P__P__H__	5	48
4|4|OB_P______P_H___	5	47
4|4|O_PH______B____P	5	47
4|4|BO_P_______P_H__	5	47
4|4|P_P____H_B___O__	5	47
4|4|_OP_B______P__H_	5	47
4|4|P_B____O_____HP_	4	47
4|4|P_H____B_O___P__	7	46
4|4|_B__PO_H_____P__	7	46
4|4|PB_____O_H____P_	6	46
4|4|_O____BPP_____H_	6	46
4|4|_B__P_OH_____P__	6	46
4|4|O_PH_B________P_	5	46
4|4|O_P__B_____HP___	5	46
4|4|O__P_B____H_P___	5	46
4|4|P_B____H_O_____P	5	46
4|4|P__P_BH______O__	5	46
4|4|OB____P____H_P__	4	46
4|4|O_BH_______P_P__	4	46
4|4|O_B______PH____P	4	46
4|4|O__B_P___H____P_	4	46
4|4|B_O________PPH__	4	46
4|4|P_O____P_B____H_	4	46
4|4|P_B______H_O__P_	8	45
4|4|P_____B__P_O__H_	6	45
4|4|O_____B__P_P_H__	5	45
4|4|PH______O____B_P	5	45
4|4|P_B__P_O______H_	5	45
4|4|_O__P__P_____HB_	5	45
4|4|_O_____HP_P___B_	5	45
4|4|P_P_______OB_H__	4	45
4|4|_O___P__P__H__B_	4	45
4|4|O__H_____B_P___P	6	44
4|4|P_____O__P_B__H_	6	44
4|4|_O_____PB____HP_	6	44
4|4|BOH____P______P_	5	44
4|4|P_____O____B_PH_	5	44
4|4|O__P___P___H_B__	4	44
4|4|_O__B___P__P__H_	4	44
4|4|_O____B_P__H__P_	4	44
4|4|OB_PH________P__	5	43
4|4|O_P____H_B_____P	5	43
4|4|O__H_B_______PP_	5	43
4|4|O__H__P__B_____P	5	43
4|4|BO_P______H____P	5	43
4|4|P__P_____BH__O__	5	43
4|4|OB_P_____H_____P	7	42
4|4|_O_____BPH___P__	7	42
4|4|OP_B______H_P___	6	42
4|4|PHP____O_____B__	6	42
4|4|OBH____P______P_	5	42
4|4|OB____PH_____P__	5	42
4|4|O_PB______H_P___	5	42
4|4|O____B_P_____H_P	5	42
4|4|P_O____B__P__H__	5	42
4|4|_O___P__B__H__P_	5	42
4|4|O_B____P_P____H_	4	42
4|4|O_B______P____HP	4	42
4|4|O_P___H____B_P__	4	42
4|4|_O__B____P_P__H_	4	42
4|4|P_____B__P_O_H__	3	42
4|4|OB____P__H_____P	6	41
4|4|O_P____B_H_____P	6	41
4|4|O_____B__P____HP	6	41
4|4|P_B____O____HP__	6	41
4|4|P_P____O____HB__	6	41
4|4|O_P___P____B_H__	5	41
4|4|B_O____P___HP___	5	41
4|4|P_O___B___H____P	5	41
4|4|P_B__O_____H__P_	5	41
4|4|O_B________P_HP_	4	41
4|4|O__B__P____H_P__	4	41
4|4|O____BH______P_P	4	41
4|4|O_____B__P___H_P	4	41
4|4|_O__P__P_H____B_	4	41
4|4|_O____HPP_____B_	4	41
4|4|_O_____BP_H__P__	4	41
4|4|_O_____BP__H_P__	7	40
4|4|O_P___P____HB___	6	40
4|4|P_____HP_____BO_	6	40
4|4|_O__P_B____H_P__	6	40
4|4|O_B__H_____P_P__	5	40
4|4|O_BP_______P_H__	4	40
4|4|PP_H_______B_O__	4	40
4|4|PH____O____B_P__	4	40
4|4|P_P__H_____O__B_	4	40
4|4|P__H_P_______BO_	4	40
4|4|P__H__P____B_O__	4	40
4|4|_O_____PH_P___B_	4	40
4|4|O__H_B_____P__P_	6	39
4|4|O____B_P___P_H__	6	39
4|4|P_B____O__H_P___	6	39
4|4|P____H_O___P_B__	6	39
4|4|OPH____P______B_	5	39
4|4|OH____P______B_P	5	39
4|4|O_P____B____HP__	5	39
4|4|O____BP____H_P__	5	39
4|4|P_O_______HBP___	5	39
4|4|P__H_B_______OP_	5	39
4|4|P____HO____B_P__	5	39
4|4|P_____B____O_PH_	5	39
4|4|P_____H____P_OB_	5	39
4|4|_O___B_PH_____P_	5	39
4|4|PH_____O_B____P_	4	39
4|4|P_B__O_____P__H_	4	39
4|4|P__H_O___B____P_	4	39
4|4|_O____H_P__P__B_	4	39
4|4|_O_____PPH____B_	4	39
4|4|PO_H_______P__B_	6	38
4|4|_O__P__B___H_P__	6	38
4|4|O_B____H_P__P___	5	38
4|4|O_____B____P_PH_	5	38
4|4|BO_____P_H____P_	5	38
4|4|P_OH_______P__B_	5	38
4|4|P_O____B___P__H_	5	38
4|4|P_B___O___H____P	5	38
4|4|P____HB____O_P__	5	38
4|4|P____HP____B_O__	5	38
4|4|O_B___P____H_P__	4	38
4|4|O__P_B___P___H__	4	38
4|4|B_O_______HPP___	4	38
4|4|PH_P_______B_O__	4	38
4|4|P_H__P_____O_B__	4	38
4|4|PHB______O_____P	6	37
4|4|P__H_P_B______O_	6	37
4|4|_O__P__B_H___P__	6	37
4|4|O__P_H___B___P__	5	37
4|4|P_P_______HO__B_	5	37
4|4|P__P_H____O___B_	5	37
4|4|_OH_____P__P__B_	5	37
4|4|O_HP_____B___P__	4	37
4|4|O__P_H_P_____B__	4	37
4|4|O__P___P_____BH_	4	37
4|4|O__H__P____B_P__	4	37
4|4|OBP______H_____P	6	36
4|4|O_____P____H_PB_	6	36
4|4|O_____HP_____PB_	6	36
4|4|PHO______B_____P	6	36
4|4|O_P__P_____H__B_	5	36
4|4|_O__P_P____H__B_	5	36
4|4|O_P__B_____H__P_	4	36
4|4|O__B__P______PH_	4	36
4|4|P_H___P____O_B__	4	36
4|4|P__H_P_______OB_	4	36
4|4|_O__B____P_P_H__	4	36
4|4|PB____P____H_O__	5	35
4|4|O_P__H___B_____P	4	35
4|4|B_O____P_P____H_	4	35
4|4|PH____OB_____P__	4	35
4|4|P_OH_B________P_	4	35
4|4|P_B___O__H_____P	4	35
4|4|P_H___P____B_O__	4	35
4|4|P_____P____H_OB_	4	35
4|4|_O__P__B__P__H__	4	35
4|4|P_B____O__H__P__	6	34
4|4|P____BH____P_O__	6	34
4|4|O__P_BH_______P_	5	34
4|4|BO_______H___P_P	5	34
4|4|P_O___B____H__P_	5	34
4|4|P_P___H____B__O_	5	34
4|4|O__B_____P_H_P__	4	34
4|4|O__P_H_______BP_	4	34
4|4|BO____P____H_P__	4	34
4|4|BO_____P__H___P_	4	34
4|4|B_O__P_____H__P_	4	34
4|4|P_O____B_H__P___	4	34
4|4|P_O____B_H___P__	4	34
4|4|P_H__O_P______B_	4	34
4|4|_O__B______H_PP_	4	34
4|4|_B___O__P__H__P_	3	34
4|4|P_H____B_P___O__	7	33
4|4|_OB____HP____P__	6	33
4|4|OHP________P_B__	5	33
4|4|O_____B__P_P__H_	5	33
4|4|O_____B__P_H_P__	5	33
4|4|BO_H_______P_P__	5	33
4|4|B_O____H_P_____P	5	33
4|4|B_O____H___PP___	5	33
4|4|P_P___HO______B_	5	33
4|4|P_P___H____O__B_	5	33
4|4|P_P____O_____HB_	5	33
4|4|P_P_______HB__O_	5	33
4|4|P_H__B_P_____O__	5	33
4|4|P__P_H____B___O_	5	33
4|4|P____HP____O_B__	5	33
4|4|_OB____HP_____P_	5	33
4|4|O__B______PH_P__	4	33
4|4|B_O______PH____P	4	33
4|4|P_B___O____P_H__	4	33
4|4|P_P____O___B_H__	4	33
4|4|_O__H__P__P___B_	4	33
4|4|O_P___H__B_____P	3	33
4|4|P__H__P__B___O__	3	33
4|4|OBH____P_____P__	8	32
4|4|O__H_B________PP	6	32
4|4|O_____BP___H_P__	6	32
4|4|O_____B____H_PP_	6	32
4|4|P____PH____B_O__	6	32
4|4|P_____HP___B_O__	6	32
4|4|O_HP___P______B_	5	32
4|4|BO____PH_____P__	5	32
4|4|BO_______P_PH___	5	32
4|4|POB_______H____P	5	32
4|4|PP___H_O_____B__	5	32
4|4|P____HPO_____B__	5	32
4|4|_OB_H______P__P_	5	32
4|4|_OH_P__P______B_	5	32
4|4|_O__P______H_BP_	5	32
4|4|OB_______H_P__P_	4	32
4|4|O_B_______HPP___	4	32
4|4|O_P____B_H__P___	4	32
4|4|O_P____B_H___P__	4	32
4|4|O__B_P_____H__P_	4	32
4|4|O__P_B____H__P__	4	32
4|4|O__P_P_______BH_	4	32
4|4|B_O______P____HP	4	32
4|4|PO_H_B________P_	4	32
4|4|PH_P_____B____O_	4	32
4|4|PH____B____O_P__	4	32
4|4|P_O___H__B_____P	4	32
4|4|P_B____P_O____H_	4	32
4|4|P_P___O____H_B__	4	32
4|4|P_H____P_____OB_	4	32
4|4|P_____P____H_BO_	4	32
4|4|_B___O__H__P__P_	4	32
4|4|P__P_B____O__H__	3	32
4|4|P_____OB_P___H__	3	32
4|4|_O__B__P__P___H_	3	32
4|4|_O__B__P___H__P_	3	32
4|4|P_P____O__B_H___	6	31
4|4|O__B_P_H______P_	5	31
4|4|O__B___H__P__P__	5	31
4|4|P_OH_P________B_	5	31
4|4|_OB_P__H_____P__	5	31
4|4|O__B_H___P___P__	4	31
4|4|O__B_H____P__P__	4	31
4|4|O__B___P___H_P__	4	31
4|4|O__B_______H_PP_	4	31
4|4|P_B__O_____P_H__	4	31
4|4|P_H____P_____BO_	4	31
4|4|P__H__O__B___P__	4	31
4|4|P__H___P___B_O__	4	31
4|4|_OB_H______P_P__	4	31
4|4|_OH_B______P_P__	4	31
4|4|_O__BP_____H__P_	4	31
4|4|_O__B_____PH_P__	4	31
4|4|_O_____BP_H___P_	4	31
4|4|OP_________PBH__	7	30
4|4|OB_____HP_____P_	5	30
4|4|O_B____P___HP___	5	30
4|4|O_B____H___PP___	5	30
4|4|O____HP____B_P__	5	30
4|4|O_____P____B_PH_	5	30
4|4|BO_____HP_____P_	5	30
4|4|P_B_______HOP___	5	30
4|4|P____BO____H_P__	5	30
4|4|P____BP____H_O__	5	30
4|4|P____HOB_____P__	5	30
4|4|P_____H____P_BO_	5	30
4|4|_OH_B__P_____P__	5	30
4|4|_O______P__P_HB_	5	30
4|4|_B_____HP_O___P_	5	30
4|4|O_B___H__P_____P	4	30
4|4|O_____B__H_P_P__	4	30
4|4|O_____PB_P___H__	4	30
4|4|BO___P_____H__P_	4	30
4|4|O_P___P____H_B__	3	30
4|4|_O__B_P____H__P_	3	30
4|4|PO____B____H_P__	6	29
4|4|_O___P_BH_____P_	6	29
4|4|_B____OHP_____P_	6	29
4|4|OH___P_P_____B__	5	29
4|4|O_H____P______BP	5	29
4|4|O____B_P__H__P__	5	29
4|4|O_____B__PH____P	5	29
4|4|BO_H______P____P	5	29
4|4|B_O____P_____HP_	5	29
4|4|PO_____B__H__P__	5	29
4|4|P_B____O__H___P_	5	29
4|4|P_B_______OP__H_	5	29
4|4|_O___B_PP____H__	5	29
4|4|O__P__H____B_P__	4	29
4|4|O____BP______H_P	4	29
4|4|O_____P______BHP	4	29
4|4|PB_P__O______H__	4	29
4|4|O__H__P__B___P__	3	29
4|4|O_____P____H_B_P	3	29
4|4|PHB____O_____P__	7	28
4|4|O_____PB_H____P_	6	28
4|4|B_O__H_____P_P__	5	28
4|4|PB_______H_O__P_	5	28
4|4|PH___O_______B_P	5	28
4|4|P_B___O____H__P_	5	28
4|4|P_B____P__O___H_	5	28
4|4|P____HBO_____P__	5	28
4|4|_O__P_BP______H_	5	28
4|4|_O__P_B____P__H_	5	28
4|4|_O__P__B__H___P_	5	28
4|4|_O__H____P_P__B_	5	28
4|4|_O_____BH_P___P_	5	28
4|4|O_B_______PP_H__	4	28
4|4|O__B_P____H_P___	4	28
4|4|O__H___P___B_P__	4	28
4|4|O_____P___H__B_P	4	28
4|4|B_OP_______P_H__	4	28
4|4|B_OH_______P_P__	4	28
4|4|B_O___P____H_P__	4	28
4|4|B_O________P_H_P	4	28
4|4|PP_H_____B____O_	4	28
4|4|P_____O__P_H_B__	4	28
4|4|_O___B__P__P__H_	4	28
4|4|P_P____O_H____B_	3	28
4|4|OP_B______H____P	6	27
4|4|O_____PB_H_____P	6	27
4|4|PO_H______B____P	6	27
4|4|PH_______P_B_O__	6	27
4|4|O_PB______H____P	5	27
4|4|P_OH______B____P	5	27
4|4|P_B____O___P__H_	5	27
4|4|P_____OB___H_P__	5	27
4|4|P_____O____P_BH_	5	27
4|4|OB___P_____H__P_	4	27
4|4|O_B__H___P_____P	4	27
4|4|PO_H_P________B_	4	27
4|4|P__H_B___O____P_	4	27
4|4|P_____B__P_H_O__	4	27
4|4|_OB_P______P_H__	4	27
4|4|_OP_B______H_P__	4	27
4|4|P_B____H_P___O__	6	26
4|4|P_B_______OH__P_	6	26
4|4|P____OB____H_P__	5	26
4|4|P_____BO___H_P__	5	26
4|4|_O__B__H__P___P_	5	26
4|4|OH_P__P______B__	4	26
4|4|O____BH____P_P__	4	26
4|4|BO____P___H____P	4	26
4|4|PB____O______H_P	4	26
4|4|PH____BO_____P__	4	26
4|4|P__H_B_O______P_	4	26
4|4|P__H_P_____B__O_	4	26
4|4|P____P_O___B_H__	4	26
4|4|_O__B_P____P__H_	4	26
4|4|_O___P_HP_____B_	4	26
4|4|P__H__P__O___B__	3	26
4|4|_O__B_____HP_P__	3	26
4|4|PP_________OHB__	6	25
4|4|O_B____P__H_P___	5	25
4|4|O_H___PP______B_	5	25
4|4|O__H_BP_______P_	5	25
4|4|O____B_P__P__H__	5	25
4|4|O____PB__H_____P	5	25
4|4|O_____B__HP____P	5	25
4|4|O_____H____P_PB_	5	25
4|4|B_O____P__H_P___	5	25
4|4|PP___H_____O_B__	5	25
4|4|P_B__O____H____P	5	25
4|4|P____H_O__P__B__	5	25
4|4|P_____B____P_OH_	5	25
4|4|P_____H____O_PB_	5	25
4|4|P______O___B_PH_	5	25
4|4|_O__BH_____P_P__	5	25
4|4|_O___P__P__B__H_	5	25
4|4|O_H__P_____P__B_	4	25
4|4|O_H____B_P_____P	4	25
4|4|B_OP______H_P___	4	25
4|4|PBO________P_H__	4	25
4|4|PHO________BP___	4	25
4|4|P_B___H__O_____P	4	25
4|4|P_H____B_O__P___	4	25
4|4|P__H_O_B______P_	4	25
4|4|_O_____PB__H__P_	4	25
4|4|_O_____PHP____B_	4	25
4|4|BO_____P__P___H_	3	25
4|4|P__H__O____B_P__	3	25
4|4|P__H___P__O__B__	3	25
4|4|P_____B__H_O_P__	3	25
4|4|_O__B______P_PH_	3	25
4|4|_O___B__P__H__P_	3	25
4|4|O__P______HBP___	5	24
4|4|BOP_______H____P	5	24
4|4|BO_____H__P___P_	5	24
4|4|B_OP_____P____H_	5	24
4|4|B_O____H_P__P___	5	24
4|4|O_P___H___B____P	4	24
4|4|O_P___H____P__B_	4	24
4|4|O_P____P___H__B_	4	24
4|4|O__P__P____B_H__	4	24
4|4|B_O___H____PP___	4	24
4|4|PO_____B__P__H__	4	24
4|4|P_O___B____P__H_	4	24
4|4|_O__P__P___H__B_	4	24
4|4|O__P__H__B___P__	3	24
4|4|O__P__H__B_____P	3	24
4|4|P_H__P_____O__B_	3	24
4|4|_O__B_____PH__P_	3	24
4|4|PO_____B__H_P___	7	23
4|4|OH_____P_B____P_	5	23
4|4|O__P_____BH____P	5	23
4|4|PP_______H_O_B__	5	23
4|4|P_____P__H_O_B__	5	23
4|4|P_____HO___B_P__	5	23
4|4|P_____H____B_PO_	5	23
4|4|O_B___P____P_H__	4	23
4|4|BO________P_H__P	4	23
4|4|B_O________P_HP_	4	23
4|4|P_B___O____P__H_	4	23
4|4|P_H__O_____BP___	4	23
4|4|P__H___B__O__P__	4	23
4|4|_O__H___P__P__B_	4	23
4|4|O__P__H___P__B__	3	23
4|4|PH___P_____B__O_	3	23
4|4|P_____O__H_B_P__	3	23
4|4|O__H_B_____P___P	6	22
4|4|BO_H_______P___P	6	22
4|4|OB_____H__P___P_	5	22
4|4|O_H____P_P___B__	5	22
4|4|O__H___P_B_____P	5	22
4|4|O____BP____P_H__	5	22
4|4|P____HO____P_B__	5	22
4|4|O_B__P_____H__P_	4	22
4|4|O__B_PH_______P_	4	22
4|4|O__P___P_B____H_	4	22
4|4|POB________P_H__	4	22
4|4|P__H__O______PB_	4	22
4|4|_O__B_____PP__H_	3	22
4|4|P_P__O_____H__B_	5	21
4|4|P____HB____P_O__	5	21
4|4|O_H___P___B____P	4	21
4|4|_O____PHP_____B_	4	21
4|4|O_P___H____P_B__	3	21
4|4|O_P____P___H_B__	3	21
4|4|O__P_P____H__B__	3	21
4|4|O__P__H____P_B__	3	21
4|4|BO_____P___H__P_	3	21
4|4|PH_______O_B_P__	6	20
4|4|P_B____H_O___P__	6	20
4|4|O_B__H_____P___P	5	20
4|4|O__H_____BP____P	5	20
4|4|B_O__H_____P___P	5	20
4|4|P_B____H_O__P___	5	20
4|4|P__P_O___H____B_	5	20
4|4|_O____B_H__P_P__	5	20
4|4|O_P__B_____H___P	4	20
4|4|O__P_B____H___P_	4	20
4|4|O__P_H___B____P_	4	20
4|4|BOH_______P____P	4	20
4|4|BOH________P__P_	4	20
4|4|BO____H____P__P_	4	20
4|4|B_O__H_____PP___	4	20
4|4|B_O__H_____P__P_	4	20
4|4|B_O___H__P_____P	4	20
4|4|P_O__H_____BP___	4	20
4|4|P_O__H_____B__P_	4	20
4|4|_OH_B______P__P_	4	20
4|4|_O__B_H____P__P_	4	20
4|4|_O__P______B_HP_	4	20
4|4|_O___P_PB_____H_	4	20
4|4|_O____P_B__H__P_	4	20
4|4|OB_____P__P___H_	3	20
4|4|O_H___P__B_____P	3	20
4|4|O_H___P____P_B__	3	20
4|4|BO____H___P____P	3	20
4|4|P_H__P_____B__O_	3	20
4|4|P_____OB_H___P__	3	20
4|4|_O__B__P___P__H_	3	20
4|4|_O__B___P__H__P_	3	20
4|4|P_____H___OP_B__	5	19
4|4|OBH_______P____P	4	19
4|4|OBH________P__P_	4	19
4|4|OB____H_P______P	4	19
4|4|OB____H____P__P_	4	19
4|4|OB________P_H__P	4	19
4|4|O_BP______H_P___	4	19
4|4|O_B__P____H____P	4	19
4|4|O_B__H____P____P	4	19
4|4|O_B__H_____PP___	4	19
4|4|O_B__H_____P__P_	4	19
4|4|O_B___H____PP___	4	19
4|4|O_____PP_____BH_	4	19
4|4|O_____P____B_HP_	4	19
4|4|O_____P____B_H_P	4	19
4|4|O_____P____P_BH_	4	19
4|4|BO_______H_P__P_	4	19
4|4|PO_____P_H____B_	4	19
4|4|PP_____O_H____B_	4	19
4|4|PP_____O_____HB_	4	19
4|4|PHB________OP___	4	19
4|4|PH_____BO_____P_	4	19
4|4|PH_____BP_____O_	4	19
4|4|P_B__H_____OP___	4	19
4|4|P_B__H_____O__P_	4	19
4|4|P__H_B____O___P_	4	19
4|4|P__H_P_____O__B_	4	19
4|4|P____OB__H_____P	4	19
4|4|P_____OP___H_B__	4	19
4|4|P_____O____H_BP_	4	19
4|4|P_____P___OH_B__	4	19
4|4|HPP________O_B__	4	19
4|4|_O__B____H_P__P_	4	19
4|4|_O_____PB__P__H_	4	19
4|4|_O_____PB____PH_	4	19
4|4|OB____H___P____P	3	19
4|4|OB_____P___H__P_	3	19
4|4|O_____PP___H_B__	3	19
4|4|O_____P____H_BP_	3	19
4|4|BO____P____H__P_	3	19
4|4|B_O__P_____P__H_	3	19
4|4|PP__H______B__O_	3	19
4|4|P__H__P___O__B__	3	19
4|4|P_____O____B_HP_	3	19
4|4|P_____BO_P___H__	3	19
4|4|_OP_B______H__P_	3	19
4|4|_O__B_H____P_P__	3	19
4|4|O_H____B_P___P__	5	18
4|4|O_H_______PP__B_	5	18
4|4|O_H_______P___BP	5	18
4|4|O__P_B____H____P	5	18
4|4|O__H_B____P____P	5	18
4|4|O_P___P____H__B_	4	18
4|4|O__H_B____P__P__	4	18
4|4|O_B___H____P_P__	3	18
4|4|O_H__P___B_____P	3	18
4|4|O_H__P_____P_B__	3	18
4|4|O__B__P__P___H__	3	18
4|4|O__H___P__P__B__	3	18
4|4|P__H_B____O__P__	3	18
4|4|_O__B____P_H__P_	3	18
4|4|_O__H__PP_____B_	3	18
4|4|_O__H__P_P____B_	3	18
4|4|OP_H_B________P_	5	17
4|4|O_H____P___P__B_	5	17
4|4|O__H_B____P___P_	5	17
4|4|O____BPP_____H__	5	17
4|4|O_____B__H_P___P	5	17
4|4|PPB____O______H_	5	17
4|4|OB____P___H____P	4	17
4|4|OB_____P__H___P_	4	17
4|4|O__P_P___B____H_	4	17
4|4|O____BHP_____P__	4	17
4|4|O____PH____B_P__	4	17
4|4|O_____B__P_H__P_	4	17
4|4|O_____B__P_H___P	4	17
4|4|O_____HP___B_P__	4	17
4|4|BO____H_P______P	4	17
4|4|B_O__P____H____P	4	17
4|4|B_O__H___P_____P	4	17
4|4|B_O__H____P____P	4	17
4|4|B_O_______PP_H__	4	17
4|4|PB_____P_H____O_	4	17
4|4|PHB____O______P_	4	17
4|4|PH_____OB_____P_	4	17
4|4|P_O__P_____B__H_	4	17
4|4|P____O_B__H__P__	4	17
4|4|P____BO__H_____P	4	17
4|4|P____B_O__H__P__	4	17
4|4|P_____OB__H__P__	4	17
4|4|P_____O___HB_P__	4	17
4|4|P_____BO__H__P__	4	17
4|4|P_____BP___H_O__	4	17
4|4|P_____B___HO_P__	4	17
4|4|P_____B____H_OP_	4	17
4|4|P______O__B__HP_	4	17
4|4|P______O__HB_P__	4	17
4|4|P______O__H__PB_	4	17
4|4|_O__P__H__P___B_	4	17
4|4|_O___B__H__P__P_	4	17
4|4|OB____P____H__P_	3	17
4|4|OB____H____P_P__	3	17
4|4|O_B__P_____P__H_	3	17
4|4|O__B_H____P_P___	3	17
4|4|O__B__H____P_P__	3	17
4|4|O__P__P__B___H__	3	17
4|4|O_____H___P__B_P	3	17
4|4|PH___P_____O__B_	3	17
4|4|P_H____O_P____B_	3	17
4|4|P_____BO_H___P__	3	17
4|4|_O__B_____HP__P_	3	17
4|4|_O____P_P__H__B_	3	17
4|4|_O_____PP__H__B_	3	17
4|4|PH_____B__O___P_	4	16
4|4|P__H_P____O___B_	4	16
4|4|_O___P__H__P__B_	4	16
4|4|O__P__P___H__B__	3	16
4|4|PP__H______O__B_	3	16
4|4|P_H__O___B_____P	3	16
4|4|O_H__P____B____P	4	15
4|4|O_H____B_P__P___	4	15
4|4|PH___O_____B__P_	4	15
4|4|P_B__P_____O__H_	4	15
4|4|P__H_BO_______P_	4	15
4|4|P__H______PB_O__	4	15
4|4|P____B_P__O__H__	4	15
4|4|_O___P__B__P__H_	4	15
4|4|_B__H__P__O___P_	4	15
4|4|O__B_P____H__P__	3	15
4|4|O__B_H___P____P_	3	15
4|4|O__B__P___H__P__	3	15
4|4|P_O___P____B_H__	3	15
4|4|P_H__B___O_____P	3	15
4|4|P__H__P___B__O__	3	15
4|4|P__H___P__B__O__	3	15
4|4|O_____B___PH_P__	6	14
4|4|P_____H___PB_O__	6	14
4|4|P__H_B____P__O__	4	14
4|4|P__H___B__P__O__	4	14
4|4|O_____H____P_B_P	3	13
4|4|P_H___O____P_B__	3	13
4|4|P_____B___OH_P__	5	12
4|4|OPB_______H____P	4	12
4|4|O_H__B_____P___P	4	12
4|4|O_H___P____P__B_	4	12
4|4|POH____P______B_	4	12
4|4|P_B____P___O__H_	4	12
4|4|P____HOP_____B__	4	12
4|4|O__B_P____P___H_	3	12
4|4|O__B_H____P___P_	3	12
4|4|O_____P___PH_B__	3	12
4|4|BO___P_____P__H_	3	12
4|4|P_____OB__P__H__	3	12
4|4|P_____O___PB_H__	3	12
4|4|_O__BP_____P__H_	3	12
4|4|OP_H_____B_____P	5	11
4|4|P_____H___OB_P__	5	11
4|4|BPO_______H____P	4	11
4|4|B_O___P____P_H__	4	11
4|4|OB___P_____P__H_	3	11
4|4|OB____P____H___P	3	11
4|4|OP_____P_B____H_	3	11
4|4|O__B_P____H___P_	3	11
4|4|O__B_P_____P__H_	3	11
4|4|O__H__P___P__B__	3	11
4|4|O____PH____P_B__	3	11
4|4|O_____P___HP_B__	3	11
4|4|O_____HP__P__B__	3	11
4|4|O_____HP___P_B__	3	11
4|4|O_____H___PP_B__	3	11
4|4|BO____P____H___P	3	11
4|4|BO____H____P_P__	3	11
4|4|B_O___H____P_P__	3	11
4|4|PH____O____B__P_	3	11
4|4|PH____B____O__P_	3	11
4|4|PH_____OP_____B_	3	11
4|4|PH_____O__P___B_	3	11
4|4|PH_____O___B__P_	3	11
4|4|P_B___P____O_H__	3	11
4|4|P_H__O____B____P	3	11
4|4|P_H__O_____P__B_	3	11
4|4|P_H__B____O____P	3	11
4|4|P_H__B_____P__O_	3	11
4|4|P____O_B__P__H__	3	11
4|4|P____B_O__P__H__	3	11
4|4|P_____O__H_P_B__	3	11
4|4|P_____BO__P__H__	3	11
4|4|P_____B__H_P_O__	3	11
4|4|P_____B___PO_H__	3	11
4|4|P_____B____O_HP_	3	11
4|4|P_____PO___B_H__	3	11
4|4|P_____P____O_HB_	3	11
4|4|P_____P____B_HO_	3	11
4|4|P______O__PB_H__	3	11
4|4|P______O__P__HB_	3	11
4|4|P______O___B_HP_	3	11
4|4|_O__P_H____P__B_	3	11
4|4|_O__P____H_P__B_	3	11
4|4|_O__H__P__B__P__	3	11
4|4|_B__H__P__O__P__	3	11
4|4|O_____P___PB_H__	4	10
4|4|PH_____B__P___O_	4	10
4|4|P_____O___PH_B__	4	10
4|4|_O_____PH__P__B_	4	10
4|4|O__B__P___P__H__	3	10
4|4|O__B__H___P__P__	3	10
4|4|BO_____P___P__H_	3	10
4|4|OP_H_______PB___	5	9
4|4|O_____H___PB_P__	4	9
4|4|P_____B___PH_O__	4	9
4|4|_O__P__HP_____B_	4	9
4|4|_B__P__H__O___P_	4	9
4|4|OB____H____P___P	3	7
4|4|OB_____P___P__H_	3	7
4|4|BO____H____P___P	3	7
4|4|P__H_O____P___B_	3	7
4|4|P__H_B____P___O_	3	7
4|4|P_____P___OB_H__	3	7