4|4|OP_PE____P__B_P_	6	368
4|4|O__PE__B____P_PP	8	328
4|4|O__PE__B____PP_P	7	300
4|4|OP_P_____P__BEP_	6	282
4|4|OPEP___B_____P_P	9	254
4|4|O_P_E__P_P__B__P	7	225
4|4|OP_P__E___P_P_B_	5	214
4|4|O__P___P__PEP_B_	7	207
4|4|PO_P___PPE___B__	8	203
4|4|O_P_E_____PBP__P	6	197
4|4|P_B___EOP__P__P_	6	195
4|4|OPEB__P______P_P	6	190
4|4|O_P____B_E__P_PP	6	187
4|4|PB_____O___EPP_P	6	182
4|4|PP_P__E_B____O_P	6	176
4|4|OPEP______P_P_B_	6	175
4|4|OP_B_EP______P_P	5	175
4|4|OP_PP____E_P_B__	6	173
4|4|OPEP_P______P_B_	6	171
4|4|OP_P__E_P__PB___	5	171
4|4|PO_PP__P_E___B__	7	165
4|4|O_P_EP_P___BP___	6	165
4|4|O__P__EP__P_P_B_	7	163
4|4|OP_P_PE_B_____P_	7	148
4|4|OP_P__E_B_P___P_	6	148
4|4|O_P____B_E_PP_P_	6	148
4|4|OP_____PP__EP_B_	7	145
4|4|OP____B____EPP_P	5	137
4|4|O__P_____PPE_B_P	6	135
4|4|PEP___PBP____O__	9	130
4|4|O__PE____PP__B_P	6	129
4|4|P_O____P__P__BEP	8	126
4|4|P_O__P_B_E__P__P	5	124
4|4|OP_P___B_E__P__P	6	122
4|4|OP____EP_P__P_B_	7	120
4|4|PPEP___PB_____O_	9	115
4|4|O_P_E_P__P__B__P	5	115
4|4|O_P___P__P__BE_P	5	115
4|4|O_P___P__P__B_EP	5	115
4|4|PP_P__E_B____OP_	7	114
4|4|PP____EPB____O_P	7	111
4|4|PB____PO___EP_P_	7	111
4|4|O_P____BPE____PP	7	110
4|4|OP_____PP__E_PB_	6	105
4|4|OPEP____P__PB___	8	102
4|4|O_P____B_E_PP__P	6	102
4|4|OPEP______PPB___	7	97
4|4|PP_P__E_B__P_O__	6	96
4|4|OEP__P__P__B__P_	7	93
4|4|O_PB___PPE___P__	6	89
4|4|PB_P__E__P_P_O__	6	88
4|4|OPEPP________B_P	5	83
4|4|PP_P__E_B_P__O__	6	80
4|4|O_PB_P___E__P__P	5	80
4|4|O_P_EPB______P_P	5	79
4|4|O_P__PB__E___P_P	5	79
4|4|PP_P__E_B____PO_	5	78
4|4|O_P__PB____E_P_P	5	78
4|4|O__P___B____PPEP	7	75
4|4|PPEP____B__P__O_	8	72
4|4|O_PP___B_E__P__P	5	71
4|4|OPP_E__B__P_P___	5	69
4|4|OEPP______P_P_B_	5	67
4|4|PEB__P_P_P___O__	7	66
4|4|O_P___PB____PE_P	7	65
4|4|O_P___PB____P_EP	7	65
4|4|OP_PP_____EP_B__	4	65
4|4|PP____EPB____OP_	7	62
4|4|OPEP_____P___B_P	7	61
4|4|OP_B__P_PE_____P	6	60
4|4|OP_B__P_P_E____P	6	60
4|4|PP____EPB____PO_	6	59
4|4|P_P___EO__P__BP_	6	57
4|4|PB_P_P____EOP___	6	55
4|4|PB_P__E__P___OP_	7	52
4|4|OP____EP_P___PB_	6	52
4|4|OP_PE_B_P______P	5	52
4|4|O_PB__P_PE_____P	6	51
4|4|O_PB__P_P_E____P	6	51
4|4|OE_P__P__P_B_P__	6	51
4|4|O_EP__P__P_B_P__	6	51
4|4|PPO_E__B_____P_P	5	51
4|4|PPO____B_E___P_P	5	51
4|4|PB_P___P_PE__O__	7	50
4|4|P_P_E_PO_B___P__	6	49
4|4|O_P___EP__P__PB_	6	49
4|4|O__PEP_B_P___P__	5	48
4|4|O__PEP_B_P____P_	4	47
4|4|PPO_E__B____P__P	5	46
4|4|PBP__P____EOP___	5	46
4|4|OPEB__P____P_P__	5	45
4|4|OP_B_EP____P_P__	4	45
4|4|OPEP___B____P__P	6	44
4|4|OPEP_____P___BP_	6	43
4|4|PBP____P_PE__O__	6	43
4|4|OPP_E__B_____P_P	5	43
4|4|OPP____B_E___P_P	5	43
4|4|OEPB_P_P_____P__	6	41
4|4|P_B___POPE____P_	5	40
4|4|OPPB_____E__P__P	5	39
4|4|OEPP_P_______PB_	5	38
4|4|OPP_E__B____P__P	5	38
4|4|O__P__EP__P__PB_	6	37
4|4|P_B__P_PP_E__O__	5	35
4|4|OPEP___B____PP__	5	34
4|4|O__PE_PB_P___P__	4	33
4|4|PPO____B_E__P__P	5	31
4|4|OP_____BP_E_P_P_	5	30
4|4|POP_E__P____PB__	8	26
4|4|OEPB__PP_____P__	5	26
4|4|OEPP______P__PB_	4	26
4|4|OPP____B_E__P__P	5	23
4|4|O__P__E__PPP_B__	4	18
4|4|P_B___POP_E___P_	5	17
4|4|O__P__E___PP_PB_	5	16
4|4|OPB_EP_P_____P__	4	12
4|4|OPB__P_P_E___P__	4	12
4|4|OPB_P__P_E___P__	4	10