4|4|P_O____PBP____P_	5	502
4|4|OP_P_____P__B_P_	5	425
4|4|PPO____PB_____P_	6	393
4|4|OP_P_P_____PB___	6	364
4|4|P_O___P_B__P_P__	6	359
4|4|O__P_P_B_____P_P	6	345
4|4|P_O____PB_P___P_	5	332
4|4|O__P___B____PP_P	6	331
4|4|PO_P___PB____P__	11	323
4|4|P_P____B_P_P_O__	5	316
4|4|P_P___PBP____O__	6	306
4|4|O__P___P__P_P_B_	6	301
4|4|OP_____P__P_P_B_	6	273
4|4|P_B____P_P___OP_	5	264
4|4|OP_____PP_P___B_	6	262
4|4|OPP_____P__PB___	8	255
4|4|P_O___PB____P_P_	5	238
4|4|OP___P_PP_____B_	6	237
4|4|OP_P_P__B_____P_	6	230
4|4|P_O____P__P__B_P	6	227
4|4|P_P____B_P___OP_	6	227
4|4|PO_P_P_P_____B__	7	224
4|4|O__P___B__P__P_P	6	224
4|4|OP_P____B_P_P___	5	223
4|4|OP_P____B_P___P_	5	223
4|4|O_P_______PBP_P_	5	222
4|4|PB_____O__P__P_P	7	218
4|4|PB___P_O_____P_P	6	218
4|4|O_P___PB____P_P_	5	218
4|4|PO_P__PP_____B__	6	212
4|4|OP_P_P__P_____B_	5	211
4|4|_OP____PP__P_B__	6	210
4|4|P_O_____B_PP_P__	5	210
4|4|O_PB_P_______P_P	5	209
4|4|PO_P___P__P__B__	5	209
4|4|O_P_______PBP__P	5	206
4|4|P_P__P_BP_____O_	5	198
4|4|OP_P____B__PP___	5	197
4|4|OP_P_____P__B__P	5	197
4|4|POPP_______P_B__	5	197
4|4|PB_____O___P_P_P	8	196
4|4|O__P___B_____PPP	9	194
4|4|P_O___PB____P__P	5	194
4|4|O__P__PB_____P_P	5	192
4|4|OP_P_P_____BP___	5	191
4|4|OPP_____P__BP___	10	186
4|4|P_O__P__P____B_P	6	185
4|4|O_P__P__P__B__P_	5	184
4|4|O_P___PB____P__P	5	178
4|4|P_P____P_OP___B_	5	178
4|4|OP_P_P_B_____P__	6	172
4|4|OP_____B_____PPP	8	170
4|4|OP_P____BP____P_	5	169
4|4|POP____PP____B__	8	168
4|4|OPP_______PPB___	7	166
4|4|OP_____B__P__P_P	8	164
4|4|OP___P_B_____P_P	7	164
4|4|POP_____P__BP___	6	164
4|4|OP____PB_____P_P	6	163
4|4|OPPP_______BP___	5	163
4|4|O__P__PB____P_P_	7	162
4|4|PO_____PP__P_B__	6	161
4|4|O__P_____PP__B_P	4	161
4|4|OP_P__PB_____P__	5	160
4|4|OP_____PP__P__B_	6	158
4|4|O_PP_P_____BP___	4	155
4|4|P_O__P_PB_____P_	4	152
4|4|OP_P_P_P____B___	7	151
4|4|PP_____B_O___P_P	7	148
4|4|OP_B_P_______P_P	4	146
4|4|OP_P_P______P_B_	4	137
4|4|O__P__P_____PPB_	7	133
4|4|P_O__P_P_P___B__	7	133
4|4|OP_______P_BP_P_	5	131
4|4|PO_P____BP____P_	4	130
4|4|P_O___P__P_P_B__	4	130
4|4|OPPP___P____B___	7	129
4|4|OP_P___P_P__B___	6	128
4|4|OP_____PP__PB___	8	125
4|4|POPP___P_____B__	6	125
4|4|POP__P_____BP___	7	123
4|4|POP______P_BP___	6	123
4|4|PP_P____BP___O__	5	123
4|4|OP_P__P____BP___	8	121
4|4|O_PP__P____BP___	8	121
4|4|POP____P___P_B__	7	121
4|4|POP____P_P___B__	8	120
4|4|OP_____P_P_P__B_	6	120
4|4|P_O___PP_P___B__	6	120
4|4|PP_P__O_B_____P_	8	119
4|4|OPP_______PBP___	9	118
4|4|OP_P_____P__BP__	4	118
4|4|OPP__P_____BP___	8	117
4|4|OPP______P_BP___	7	117
4|4|O_PB_P_P_____P__	5	117
4|4|P_O__P_B_P_____P	6	116
4|4|O__P__PB____P__P	7	113
4|4|P_O____P__P__BP_	5	113
4|4|OP_P____BP___P__	4	113
4|4|POP_P__P_____B__	7	112
4|4|OP_____PPP____B_	5	112
4|4|O__P___P__P__PB_	5	112
4|4|BPO_P______P_P__	4	112
4|4|P_P____BP_P___O_	4	110
4|4|_OP____PPP___B__	7	109
4|4|PP_____POP____B_	5	109
4|4|O__P_P_P_P____B_	4	109
4|4|O__P_P___P___B_P	7	108
4|4|_O_____PPP_P_B__	5	108
4|4|_OP____PB__P_P__	8	107
4|4|OPPP____B_____P_	5	107
4|4|P_O___PB_P_____P	5	103
4|4|O_P__PP____BP___	8	102
4|4|O_P___P__P_BP___	7	102
4|4|O_PP_P_____B__P_	5	102
4|4|P_P__P_B_____PO_	5	102
4|4|OP_____P__PPB___	7	101
4|4|O__P_P_P_P___B__	7	101
4|4|OP_______P_PP_B_	6	100
4|4|OP_P_P_B______P_	5	99
4|4|O__P__P_____P_BP	5	98
4|4|OP____PB____P_P_	6	97
4|4|OP_B_P_P_____P__	4	95
4|4|POP____P____PB__	7	94
4|4|OP_____B____PP_P	5	94
4|4|OP_B_P______P_P_	3	94
4|4|PB_____O___P_PP_	7	91
4|4|O__P_P___P___BP_	6	90
4|4|O_P____P_PP_B___	5	89
4|4|POP_______PBP___	5	89
4|4|OP_______P_BP__P	5	88
4|4|OP_P_P_____B__P_	4	88
4|4|PBPP_________OP_	6	87
4|4|P_O____P_PP__B__	5	87
4|4|PB_P______PO_P__	4	87
4|4|PB_____O__P__PP_	6	86
4|4|PB___P_O_____PP_	5	86
4|4|OPP____P__P_B___	5	85
4|4|OPP____P___PB___	7	84
4|4|O__P______P__PBP	5	83
4|4|O__P_PP____BP___	8	82
4|4|P_O__P_BP______P	7	82
4|4|_O_____PBP_P__P_	5	81
4|4|OP_____P_P_PB___	6	80
4|4|OP____B___P__P_P	5	80
4|4|OP_____P_PP___B_	5	79
4|4|P_O__P_B_____PP_	4	79
4|4|P_O___PBP_____P_	6	78
4|4|POP____B____P__P	5	78
4|4|O__P__PP_P___B__	6	77
4|4|_OP_P__PB____P__	8	76
4|4|OPPP_______B__P_	5	76
4|4|O__P_P_P__B_P___	4	75
4|4|POPP_______B_P__	4	75
4|4|O__P__PB____PP__	6	74
4|4|PO_____B_P__P_P_	6	74
4|4|P_P______PPO_B__	4	74
4|4|P_O___PBP______P	6	73
4|4|OP________PPP_B_	5	73
4|4|O__P___P_PP__B__	5	73
4|4|P_O___PB_P____P_	5	73
4|4|O__P__P__P_BP___	7	72
4|4|P_P______OPP__B_	4	72
4|4|P_P___PB_O____P_	5	71
4|4|OP________PBP_P_	4	71
4|4|OP_P___PB___P___	7	70
4|4|P_P__O___P_BP___	5	70
4|4|OP_P___B___P__P_	4	70
4|4|PB___P_O_P____P_	4	70
4|4|O_P___PBP_____P_	6	68
4|4|OP_____P__P__PB_	5	68
4|4|PP_____B___OP_P_	5	68
4|4|O_PP______PB__P_	4	66
4|4|OP_B_P_P____P___	4	65
4|4|O_PB__P_P______P	4	65
4|4|O__P__P___P_P_B_	6	64
4|4|O__P_____PP__BP_	5	64
4|4|OP_B__P_P______P	4	64
4|4|P_P__P_B__O_P___	4	64
4|4|O_P___P___PBP___	9	63
4|4|PB____PO____P__P	7	63
4|4|_O___PPBP____P__	6	63
4|4|PO_____B___PP_P_	5	63
4|4|OP_P_P____B_P___	4	63
4|4|P_P____B__P__PO_	6	62
4|4|_O___P_BP_P__P__	5	62
4|4|O_P__P_P___B__P_	4	62
4|4|P_P___PB_____PO_	4	62
4|4|O_PB__P____P_P__	3	62
4|4|POP__P_P_____B__	7	61
4|4|POP___PP_____B__	6	61
4|4|POP____P__P__B__	5	61
4|4|OP_B_P_P______P_	3	61
4|4|POP____PB____P__	10	59
4|4|_OP____PBP___P__	9	58
4|4|O__P_____PPP_B__	3	58
4|4|PPO__P_P_____B__	7	57
4|4|OP_____PP__BP___	6	57
4|4|PO_____B_P__P__P	6	57
4|4|PPO___PP_____B__	6	57
4|4|O_P_______PP_PB_	5	57
4|4|PPB____P_P___O__	5	57
4|4|P_O_______PP_PB_	5	57
4|4|OPB__P______P__P	4	57
4|4|_O____PBP_P__P__	4	57
4|4|PB_____O___PP__P	8	56
4|4|_OP__P_PB____P__	8	56
4|4|_OP___PPB____P__	7	56
4|4|_OP____PB_P__P__	6	56
4|4|O_P__P___P___B_P	4	56
4|4|PPO____P__P__B__	5	55
4|4|P_B__P___O_PP___	5	55
4|4|P_O__PP____BP___	4	55
4|4|PB____PO____PP__	6	54
4|4|OP_____PP__B__P_	5	54
4|4|OP________PBP__P	4	54
4|4|OP____P_P__PB___	7	53
4|4|PO_____BPP____P_	7	53
4|4|PP_____OB__P_P__	6	53
4|4|_OP_P__B___P__P_	5	53
4|4|_O___P_BP_P___P_	4	53
4|4|O_PB_P_P____P___	3	53
4|4|OPP_P______BP___	9	52
4|4|PB_____O___PPP__	7	51
4|4|OP____PB____P__P	6	51
4|4|PP_____PB__P_O__	6	51
4|4|O_P__P_P__P_B___	4	51
4|4|OP____P_P__BP___	9	50
4|4|OPB__P_____PP___	4	49
4|4|O_P__P_P_P___B__	3	48
4|4|PP______B__P_OP_	6	47
4|4|OP_BP_P________P	5	47
4|4|OP_____P__PBP___	5	47
4|4|O____PB__P___P_P	4	47
4|4|P_P__O____PBP___	4	47
4|4|OPPB______P_P___	3	47
4|4|_O___P_PP_P___B_	3	47
4|4|_O___PPBP_____P_	7	46
4|4|_O____PBP_P___P_	6	46
4|4|BPO__P_____PP___	4	46
4|4|P_B__PP____OP___	4	46
4|4|O_PB_P___P____P_	3	46
4|4|OP_______P_P_PB_	5	44
4|4|PP______B__P_PO_	5	44
4|4|O_P___PB___PP___	6	43
4|4|OP_B_P____P_P___	3	43
4|4|O__P__P___PBP___	9	42
4|4|O_P___PP___BP___	7	42
4|4|OP____PBP_____P_	6	42
4|4|OP____P_P__B__P_	6	42
4|4|OPPB_____P____P_	3	42
4|4|OP____PB____PP__	5	41
4|4|OPP___P____BP___	7	40
4|4|OP_____B__PP_P__	7	39
4|4|PP_____B__PO_P__	7	39
4|4|OP___P_B___P_P__	6	39
4|4|PP___P_B___O_P__	6	39
4|4|OP____PB___P_P__	5	39
4|4|PP____PB___O_P__	5	39
4|4|P_P__OPP_____B__	5	39
4|4|O__P__PB___P_P__	4	39
4|4|O__P______PP_PB_	4	39
4|4|BPO__P______P__P	4	39
4|4|OP____P___PBP___	8	38
4|4|OP___PP____BP___	7	38
4|4|OP____P__P_BP___	6	38
4|4|OP___P_P_P___B__	6	37
4|4|PB___P_O_P___P__	5	37
4|4|O_____PP_P_B_P__	4	37
4|4|OP____PP_P___B__	5	36
4|4|OPPB_P________P_	6	35
4|4|OPPB______P___P_	5	35
4|4|OP_PP____B_____P	4	35
4|4|OPP____P___B__P_	5	34
4|4|OP____P___PPB___	6	33
4|4|PB_____P__PO_P__	5	33
4|4|PB___P_P___O_P__	4	33
4|4|PO__P__B_P____P_	6	32
4|4|OP_P_PB_______P_	4	32
4|4|PB____PO_P___P__	4	32
4|4|BPO____PP____P__	5	31
4|4|BPO_P__P_____P__	4	30
4|4|P_P__O_P__P__B__	4	30
4|4|P_P__P_B__O__P__	5	29
4|4|OP_____P_PP__B__	4	29
4|4|O_PB_P____P___P_	5	27
4|4|OPPB_______P__P_	3	27
4|4|BPO____P_P___P__	5	26
4|4|PO____PB_P____P_	5	25
4|4|P_P___PO__B_P___	5	25
4|4|OP_B_P____P___P_	4	25
4|4|BPO___P_P______P	4	21
4|4|P_P___P___PB_O__	4	21
4|4|BPO__P_P______P_	3	21
4|4|P_B__PPO____P___	5	20
4|4|OPB___P_P______P	4	20
4|4|BPO__P_______P_P	4	20
4|4|P_O___P___PB_P__	4	20
4|4|P_P___PB__O__P__	4	20
4|4|OPB__P_P______P_	3	20
4|4|BPO___P__P_____P	4	19
4|4|PO______B__PPP__	5	18
4|4|OP_____B___PP__P	5	17
4|4|BPO____P____PP__	5	14
4|4|PO_____B___PP__P	5	14
4|4|OP____B___PP_P__	4	13
4|4|OP________PP_PB_	4	13
4|4|OP_______PPP_B__	3	13
4|4|BPO__P_P_____P__	4	12
4|4|PP____PO__B_P___	6	11
4|4|P_B___PO__P__P__	5	11
4|4|P_B___P___PO_P__	4	9