4|4|O_O_E_B_____O__P	8	304
4|4|O_O___B____E_P_O	7	239
4|4|O_P_E__O_B____O_	8	204
4|4|O_O____P____OEB_	10	189
4|4|P_O___EO_____BO_	8	174
4|4|_OB_E__PO_____O_	7	172
4|4|O_O_E_B______P_O	6	163
4|4|O_O___B__E___P_O	6	163
4|4|_OB___EPO_____O_	7	162
4|4|O_O__E_P_____OB_	8	157
4|4|O_O_E__P_____BO_	7	142
4|4|O_O____P_E___BO_	7	142
4|4|O_O__E_____P_OB_	7	136
4|4|OP_BE______O_O__	8	132
4|4|OP_B_____E_O_O__	8	132
4|4|O_PBE______O_O__	7	132
4|4|O_PB_____E_O_O__	7	132
4|4|O_O_E____B___P_O	7	128
4|4|O_P_E__O_____BO_	7	128
4|4|O_P____O_E___BO_	7	128
4|4|O_O___B_____OE_P	10	123
4|4|O_O___B_____O_EP	10	123
4|4|OO_PE____B____O_	6	122
4|4|O_P_E____B_O__O_	7	119
4|4|O__O_B_______OEP	7	117
4|4|P_O___E____O_BO_	7	117
4|4|O_O__E_____O_PB_	7	113
4|4|O_O_E______P_BO_	6	110
4|4|O_O______E_P_BO_	6	110
4|4|O_OPE____B____O_	6	105
4|4|OO_OE______P_B__	7	100
4|4|OO_O_____E_P_B__	7	100
4|4|O_P_E______O_BO_	6	100
4|4|O_P______E_O_BO_	6	100
4|4|O_O_E__O_B____P_	6	100
4|4|_OB_____OE_P__O_	7	93
4|4|_OB_____OE_P_O__	8	92
4|4|O_O_E_B____OP___	7	92
4|4|_OB____OO__E__P_	7	90
4|4|OE_P_____O_O__B_	7	89
4|4|O_EP_____O_O__B_	7	89
4|4|P_B___EO_O____O_	8	87
4|4|O_P_E______B_OO_	7	86
4|4|O_P______E_B_OO_	7	86
4|4|O_O___E___OBP___	7	86
4|4|_OB____OOE___P__	8	85
4|4|_OB___E_P__O_O__	6	84
4|4|_OB_O__O_E___P__	7	83
4|4|_O__O__O___E_PB_	8	78
4|4|_O___O_POE____B_	6	77
4|4|_OB____POE___O__	7	73
4|4|OEP______OB____O	6	71
4|4|_OB_O__P_E___O__	6	71
4|4|_O____O_OE_B__P_	7	70
4|4|PEO______B_O__O_	7	69
4|4|O_O_E_B____O_P__	6	67
4|4|O_O___B__E_O_P__	6	67
4|4|O_O_E_BO_____P__	6	67
4|4|O_O___BO_E___P__	6	67
4|4|OEBP_______O_O__	5	66
4|4|P_B___E__O_O__O_	7	65
4|4|_OB_P_E____O_O__	6	65
4|4|_OP_B____E_O_O__	6	65
4|4|_OO_B_E____O_P__	7	64
4|4|_OB_O____E_P_O__	7	64
4|4|O_O___O____E_B_P	6	64
4|4|_OB_O_E____O_P__	6	63
4|4|_OO_B____E_P_O__	6	63
4|4|OEO_____P_B____O	8	62
4|4|OEB____O_O____P_	6	62
4|4|O__O_OE______B_P	7	61
4|4|O____BEO_____O_P	7	61
4|4|OEO______PB____O	7	57
4|4|O_O____O__EB_P__	6	54
4|4|O__O_OE______BP_	6	52
4|4|OEBP_____O___O__	5	52
4|4|OE_P_____OB___O_	6	51
4|4|O_EP_____OB___O_	6	51
4|4|OBEO__O______P__	5	49
4|4|_O___O_PO__E__B_	6	45
4|4|OEBP______O__O__	6	45
4|4|OBO___E____O_P__	6	42
4|4|OEO_______BPO___	8	41
4|4|OEOP______B_O___	8	37
4|4|OEB____O_O__P___	7	37
4|4|O__OEO___B___P__	5	37
4|4|O____BEO_____PO_	6	32
4|4|O__O_OE___B__P__	5	24