4|4|P_O________O_B__	5	64
4|4|O_P________B_O__	5	37
4|4|O__O_B_______P__	4	31
4|4|O_____B______O_P	5	29
4|4|O__O_B________P_	5	28
4|4|O__P_______B_O__	4	28
4|4|P_B____O______O_	5	25
4|4|_O__B______O_P__	5	21
4|4|O_P________O_B__	3	21
4|4|O_O________P_B__	3	20
4|4|P______O_____BO_	5	19
4|4|O_P_______B____O	4	18
4|4|O_____B____O_P__	4	17
4|4|_O_____OB_____P_	4	17
4|4|O_____O____B_P__	3	15
4|4|O__P_____B____O_	4	14
4|4|O_____P____B_O__	4	13
4|4|P_B________O__O_	4	13
4|4|O__B_P________O_	3	12
4|4|P_____O____O_B__	4	11
4|4|O__B_O________P_	3	11
4|4|O_____B____P_O__	4	10
4|4|O_____B__P_____O	3	7