4|4|OP_PE__O____B_P_	11	1593
4|4|O_PPE__O____B_P_	10	1592
4|4|OEP____O____BP_P	12	1332
4|4|OEP____O____B_PP	11	1332
4|4|O_PP___O____BEP_	13	1303
4|4|OP_P___O____BEP_	12	1303
4|4|OP_B_______EPP_O	8	1222
4|4|OP_PE______OB_P_	10	1169
4|4|O_PPE______OB_P_	9	1168
4|4|O_P_E__O____B_PP	11	1142
4|4|O_P_E__O____BP_P	10	1069
4|4|OP_PE______BO_P_	6	1050
4|4|O_PB_______EPP_O	7	1007
4|4|OP_B____P__E_P_O	8	988
4|4|OP_PE__B____P_O_	7	956
4|4|O_PP_______OBEP_	12	949
4|4|OP_P_______OBEP_	11	949
4|4|O_PPE______BO_P_	6	929
4|4|OP_P____O___PEB_	9	928
4|4|O_PP___O___EB_P_	10	913
4|4|OP_P___O___EB_P_	9	911
4|4|O_P_E______OB_PP	10	892
4|4|O_P_E______OBP_P	9	889
4|4|O_PPE__B____P_O_	7	888
4|4|OP_PE______OB__P	10	885
4|4|O_PPE______OB__P	9	885
4|4|OP_PE_______BP_O	6	872
4|4|OP_B_______EP_PO	7	869
4|4|P_O_E__B___OP_P_	7	824
4|4|P_O___P_O____BEP	7	800
4|4|O_PB____P__E_P_O	8	793
4|4|OEP________OB_PP	10	773
4|4|OEP________OBP_P	9	773
4|4|OPPOE_______B_P_	9	764
4|4|OP_OE____P__B_P_	11	749
4|4|P_O____BP____OEP	13	740
4|4|O_O___P_B____PEP	9	736
4|4|OP_PE___B____P_O	8	733
4|4|OP_PE___O___P_B_	9	726
4|4|OP_OEP______B_P_	8	725
4|4|OP_P____B__E_O_P	7	720
4|4|OP_P____B__E_P_O	7	719
4|4|O_OP___B___E_P_P	9	718
4|4|O_P_E__B___OP_P_	7	718
4|4|OP_PE___B____O_P	8	713
4|4|OP_PE_____O_B__P	8	712
4|4|O_P_E__B____PO_P	8	701
4|4|OP_PE____B___P_O	7	687
4|4|O_PPE___P__B_O__	7	683
4|4|OP_OE__P_P____B_	8	682
4|4|OP_P__E____BO_P_	7	680
4|4|O_O_E___B__P_P_P	7	677
4|4|O_PPE_____O_B__P	7	674
4|4|OP_P________BPEO	7	657
4|4|OP_P_______BOEP_	7	655
4|4|O_P_E__B____P_OP	7	648
4|4|OO_PE___B__P_P__	8	641
4|4|O_OPE___B__P_P__	7	641
4|4|OP_BP______E_P_O	7	640
4|4|OP_P___PO__E__B_	9	639
4|4|O_O_E__B____P_PP	9	633
4|4|O_O_E__B___PP_P_	7	631
4|4|OEB____P_P__O_P_	6	626
4|4|OBEP___O_____P_P	9	623
4|4|O_P____P_P__BEO_	7	619
4|4|OP_PE___B__P_O__	12	616
4|4|OP_PE_B_____O__P	8	608
4|4|OP_P__E_P__OB___	11	604
4|4|O_O____BP__E_P_P	8	604
4|4|P_O___P_B____OEP	10	602
4|4|O_O_E__B____PP_P	8	598
4|4|O_P_E__B___PP_O_	7	595
4|4|O__P_P_O___EP_B_	8	575
4|4|O_P_E__B___OP__P	7	573
4|4|OP_BE______PO__P	9	572
4|4|OP_O_P______PEB_	8	568
4|4|O_P_E__O_P___B_P	7	568
4|4|O_PPE_B_____O__P	7	567
4|4|OEP____B_P__O__P	8	545
4|4|OPPO________BEP_	9	542
4|4|OEB____PP___P_O_	8	540
4|4|OP_PE______OBP__	9	535
4|4|O_PPE______OBP__	8	535
4|4|OP_B______PEP__O	7	532
4|4|PEO___P_B____O_P	10	531
4|4|OP_O_____P__BEP_	11	530
4|4|OB____EPP___O_P_	7	529
4|4|OP_O_P______BEP_	8	527
4|4|O_P_EP_____BO_P_	7	527
4|4|O_P_E__B_P__P_O_	9	526
4|4|OP_P___B___EP__O	7	517
4|4|O_P_E__O___PB_P_	13	516
4|4|O_P_EP_B____P_O_	8	514
4|4|O_P_E__P___OB_P_	9	513
4|4|OEP__P_B____P_O_	9	509
4|4|OP_P___POE____B_	8	506
4|4|OEP____B_P__P_O_	8	504
4|4|OP_PE__B____P__O	7	504
4|4|OP_P___B___E_P_O	7	502
4|4|OPP_E______BO_P_	9	501
4|4|O_O_EP_B____P_P_	7	501
4|4|OP_BE___P__O_P__	7	499
4|4|O_P____O____BEPP	12	498
4|4|O_PBE___P__O_P__	6	496
4|4|OEP__P_B____O__P	8	493
4|4|O_O_E__P_P___B_P	7	491
4|4|O__PEP_B____P_O_	7	490
4|4|OP_PE__B_____O_P	8	487
4|4|OP_P___B_E___O_P	8	487
4|4|OPPO________PEB_	8	486
4|4|PPO___EPO_____B_	10	485
4|4|O_O_E__PB____P_P	8	482
4|4|OP_PE___P__B_O__	6	482
4|4|OP_P______O_BE_P	10	480
4|4|OP_P______O_B_EP	10	480
4|4|O__PE__B____P_OP	7	480
4|4|OP_OE___B__PP___	10	478
4|4|O_P_E__O_B___P_P	6	476
4|4|O_PP______O_BE_P	9	474
4|4|O_PP______O_B_EP	9	474
4|4|P_O____B___OPEP_	7	471
4|4|OPP____O___EB_P_	8	470
4|4|PEO__P_B____P_O_	11	469
4|4|OP_PE____P_O_B__	7	469
4|4|O_PPE____P_O_B__	6	468
4|4|OP_PE__B____O__P	8	463
4|4|OEPB_____P___P_O	7	454
4|4|O_P_E__B_P__O__P	9	445
4|4|OP_PE__B_____P_O	7	444
4|4|OP_P___B_E___P_O	7	444
4|4|PPP____OO__E__B_	10	443
4|4|O_PPE__B_____O_P	7	441
4|4|O_PP___B_E___O_P	7	441
4|4|O_P_EP_B____O__P	8	438
4|4|O_O_EP_B____P__P	8	438
4|4|O_PPE__B____O__P	7	437
4|4|O_O_E__BP___P_P_	8	434
4|4|O_OP___B_____PEP	9	428
4|4|OPP_E__B____P_O_	10	426
4|4|P_O___EOP____BP_	6	426
4|4|O_PB______PEP__O	6	426
4|4|OP_PE__O_____B_P	8	424
4|4|OP_P___O_E___B_P	8	424
4|4|OP_P_P______OEB_	7	424
4|4|OP_PE______OPB__	7	424
4|4|O_PPE______OPB__	6	424
4|4|OPP____P____OEB_	7	421
4|4|O_P____O__PEP_B_	8	420
4|4|PP_PE___O____OB_	7	420
4|4|OP_B_E_O_____P_P	8	418
4|4|O_P____P___OBEP_	9	416
4|4|O_PB_E_O_____P_P	7	414
4|4|OEPB_____O__P_P_	8	411
4|4|P_O__PEPO_____B_	10	410
4|4|OEP____P___OB_P_	10	410
4|4|P_O___EPO_P___B_	9	410
4|4|OP_PE_O_____B__P	9	407
4|4|O__P___P__OEP_B_	8	407
4|4|O_P_E__B___PO__P	8	403
4|4|OP_PE______O_B_P	7	401
4|4|OP_P_____E_O_B_P	7	401
4|4|OP_P_____E_BO_P_	6	400
4|4|O_P_EP_____OB__P	10	396
4|4|O_P_E____P_OB__P	9	396
4|4|OBEP_P______O_P_	6	394
4|4|O_PB__P____E_O_P	8	393
4|4|OP_P___B_E__O_P_	8	392
4|4|OP_P_______OBE_P	11	390
4|4|OP_P_______OB_EP	11	390
4|4|OEPP_______OB__P	10	389
4|4|OP_OEP_____PB___	9	389
4|4|OP_OE____P_PB___	8	389
4|4|PEO____BP____O_P	13	388
4|4|O_P____OP____BEP	7	387
4|4|O_PP_______OBE_P	10	386
4|4|O_PP_______OB_EP	10	386
4|4|OEB_____P__PP_O_	7	386
4|4|O_P_E__B__P_P_O_	9	385
4|4|OPP_E______OP_B_	6	385
4|4|O_O_E__B___PP__P	7	384
4|4|OB_P___O_E__P_P_	7	383
4|4|O_PPE_O_____B__P	8	382
4|4|O_PB____P_E__P_O	7	382
4|4|OP_B_____P_E_P_O	6	382
4|4|O_P__P_B____OE_P	11	381
4|4|O_P__P_B____O_EP	11	381
4|4|O_P____B_P__OE_P	10	381
4|4|O_P____B_P__O_EP	10	381
4|4|O_O____PP____BEP	7	380
4|4|O_P__P_P____BE_O	14	379
4|4|O_P__P_P____B_EO	14	379
4|4|OP_B_E_O____P_P_	8	375
4|4|O_OPE_____P__B_P	9	374
4|4|O_OP_____EP__B_P	9	374
4|4|OPPOE___P_____B_	10	373
4|4|O_O____B___PPEP_	7	373
4|4|O_PB_E_O____P_P_	7	373
4|4|O_P_E_OB____P__P	6	372
4|4|OEPB_O______P_P_	7	371
4|4|OP_O__E_P__B__P_	9	368
4|4|O_P_E__O_P___BP_	6	367
4|4|PEO____BP__P_O__	11	366
4|4|O_OP______P__BEP	8	365
4|4|OO_PE_____P__B_P	8	364
4|4|OO_P_____EP__B_P	8	364
4|4|PO_P___O_____BEP	8	363
4|4|P_O____O__PEP_B_	7	363
4|4|OP_P__B____E_P_O	7	360
4|4|O_P_EP_O___BP___	7	359
4|4|OPEB___O____P_P_	6	357
4|4|O_P_E__OP____B_P	7	356
4|4|OP_P__E__O_PB___	6	356
4|4|P_O_E_OB____P_P_	6	354
4|4|OO_P______P__BEP	8	353
4|4|O_P_EPB_____O__P	8	352
4|4|O_P_E_B__P__O__P	7	352
4|4|O_P_E_OB____P_P_	6	352
4|4|OO_PP_E______B_P	7	351
4|4|O_P____O_P__BE_P	11	350
4|4|O_P____O_P__B_EP	11	350
4|4|OP_B____P_EO_P__	7	349
4|4|OP_PE__B___OP___	7	347
4|4|O_PP_____E_BO_P_	6	347
4|4|OO_P__E___P_P_B_	6	344
4|4|O_PB_____P_E_P_O	5	344
4|4|OPEB___O_____P_P	8	343
4|4|O_PPE__B___OP___	6	343
4|4|OEB____PP_P___O_	9	342
4|4|OP_OE____P_B_P__	6	342
4|4|O_O_E__P_P___BP_	6	342
4|4|OEB____PP__P__O_	9	341
4|4|OP_PE__B_P____O_	9	341
4|4|OP_PE__O_B____P_	5	341
4|4|OP_O__E_B__PP___	10	340
4|4|O_PPE__B_P____O_	8	339
4|4|O_P_E__B__O_P__P	7	339
4|4|O_P___B__P_E_P_O	6	339
4|4|P_O_E__B_O___P_P	7	338
4|4|OEB____PPP____O_	8	337
4|4|OB_____P__P_OEP_	7	337
4|4|OB___P_P____OEP_	6	337
4|4|O_O____BPE___P_P	9	336
4|4|OEB__P_____PO__P	6	335
4|4|PPO_E___O__P__B_	9	334
4|4|OEPB_____O___P_P	8	334
4|4|O_PB___PPE____O_	7	334
4|4|OPP____OP__E__B_	7	334
4|4|O_O___E__P_B_P_P	7	334
4|4|OP_PE__BP_____O_	8	333
4|4|PPO_E__O____P_B_	6	333
4|4|OE_B_P_____OP_P_	7	332
4|4|O_EB_P_____OP_P_	7	332
4|4|OP_P______P_OEB_	6	332
4|4|PPO___E_O__P__B_	9	331
4|4|PPO____OP__E__B_	7	329
4|4|P_O____B_E_OP_P_	7	328
4|4|O_O_E____P__BP_P	7	328
4|4|O_P__P_____BOEP_	7	328
4|4|OPP________BOEP_	9	327
4|4|P_O____OB____PEP	9	325
4|4|O_PB___P_O_E__P_	6	325
4|4|O_P_E__O____BPP_	9	324
4|4|OP_P__E_B____P_O	7	323
4|4|O_P______P_PBEO_	6	323
4|4|OPEP____O___P_B_	9	322
4|4|OP_P__E_B____O_P	7	322
4|4|PEP____B_P_O_O__	7	321
4|4|O_OP___P_____BEP	9	320
4|4|OPPB_______E_P_O	8	320
4|4|OP____B_P__E_P_O	7	319
4|4|OP_PE__BO_____P_	8	318
4|4|OPO_E__B____P_P_	7	316
4|4|O_P_EP_B___OP___	7	316
4|4|P_B__PEOP_____O_	8	314
4|4|O_P____OP_PE__B_	6	314
4|4|O_P__E___P_O_B_P	5	313
4|4|OP_B______P__OEP	8	312
4|4|OP_____P__OEP_B_	7	312
4|4|P_B___EO__O_P_P_	8	309
4|4|P_O____OP_PE__B_	6	309
4|4|O_P_EO_B____P__P	6	309
4|4|O_PB___PP_E__O__	11	307
4|4|OP_B___PP_E__O__	10	307
4|4|O_O_EP______BP_P	6	307
4|4|OB_P______P__PEO	8	306
4|4|OP_PE______BPO__	6	306
4|4|OP_B___P___EO__P	8	305
4|4|O_PP___B_E__O_P_	7	305
4|4|OOP___E_____BP_P	7	305
4|4|OOP________EBP_P	7	305
4|4|O_PBE__P_____PO_	7	305
4|4|O_PB___P_E___PO_	7	305
4|4|O_PB___P___EO__P	7	305
4|4|OP_PE___OP____B_	9	304
4|4|OP_PE___O_____BP	9	304
4|4|O_O____P_P_E_BP_	6	302
4|4|P_O_E_P_O__P_B__	7	300
4|4|O__P_O_P_E__P_B_	7	300
4|4|PO_PEP__O_____B_	7	297
4|4|PO_PE___O_P___B_	6	297
4|4|PEO____B_P_P_O__	7	296
4|4|O_PPE______BPO__	5	295
4|4|OP_P___B_E__P_O_	8	294
4|4|PEB____OP_P___O_	10	293
4|4|PEB____OPP____O_	9	293
4|4|OEPB_____P_P_O__	5	293
4|4|O_PB______P__OEP	8	292
4|4|P_B___EOP_P___O_	8	292
4|4|OOP_E_______BP_P	7	291
4|4|O_O__E_PB____P_P	7	291
4|4|OO_PE__B__P_P___	6	291
4|4|OPPP________OEB_	6	290
4|4|O_P___EO_P___B_P	6	289
4|4|O_PP___BP_E__O__	9	287
4|4|PEB__P_OP_____O_	8	287
4|4|OPEP____B____O_P	7	287
4|4|O_O_EP_B___PP___	7	287
4|4|O_P____O_B_EP_P_	6	287
4|4|PO_PE__B____PO__	7	285
4|4|OOEP___B_____P_P	9	284
4|4|OP_____P__O_PEB_	7	283
4|4|PO_PE__BO_____P_	7	283
4|4|O__P___O__PEP_B_	10	282
4|4|OB_P__E____PP__O	11	281
4|4|OP_P___BP_E__O__	8	281
4|4|OP_P_E_B___O_P__	7	281
4|4|O_P_EO_B___PP___	6	281
4|4|O_O___E___PBP_P_	7	279
4|4|OBPP_______EP__O	7	279
4|4|OPEP___PO_____B_	9	277
4|4|OP____EPB___P_O_	8	277
4|4|OPP_E__O____P_B_	6	277
4|4|O_P________OBEPP	11	275
4|4|OO_PE____P___BP_	6	275
4|4|OP_PE__B___P_O__	10	274
4|4|OP_P___B_E_P_O__	10	274
4|4|O_PPE__B___P_O__	9	274
4|4|O_PP___B_E_P_O__	9	274
4|4|O__P_E_B____P_OP	7	274
4|4|OP_P__E___P_O_B_	6	274
4|4|OEP____P___OB__P	10	273
4|4|O_PB____P_EO_P__	7	273
4|4|OEPB___P_P____O_	6	273
4|4|O_P_E__OP____BP_	6	273
4|4|OP_P___BPE____O_	10	272
4|4|PEO____BO____P_P	8	272
4|4|P_P_E__O_B_P__O_	6	272
4|4|OP_PE___B____PO_	9	271
4|4|O__P___P_EO_P_B_	7	271
4|4|OPP_E__P_O____B_	7	271
4|4|OBEP_______O_P_P	7	270
4|4|OEPB__O_____P__P	7	270
4|4|O_P_E__O_B__P__P	6	270
4|4|OP____P_B__E_P_O	7	268
4|4|O_PPE_______BPO_	6	268
4|4|O_O_E__BP___P__P	10	267
4|4|OPP________OPEB_	6	267
4|4|OPEB___P_____P_O	8	266
4|4|O_O_E__P_P__B__P	8	266
4|4|OPEP___B_____O_P	7	266
4|4|O_PP___B_E__P_O_	7	265
4|4|OB__E__O__P_P__P	7	265
4|4|OPEO___PP_____B_	9	264
4|4|OEB_____P___P_OP	7	264
4|4|O_P____B_E_OP_P_	7	263
4|4|OE_B_O_____PP_P_	6	263
4|4|O_EB_O_____PP_P_	6	263
4|4|O_O____B_E__PP_P	11	262
4|4|O_O____B_E__P_PP	10	262
4|4|PPP____OB__E__O_	9	262
4|4|O__P___B_E__P_OP	7	262
4|4|PEB____OP__P_O__	8	261
4|4|OP_PE__B____PO__	7	261
4|4|OPEO_P______P_B_	10	259
4|4|OPEO______P_P_B_	9	259
4|4|O__PE____PO__B_P	6	259
4|4|_OB___EOP__P__P_	6	259
4|4|OEPB___P____O__P	8	257
4|4|O_P_E______OBPP_	8	257
4|4|PO_P_E_O_____B_P	8	256
4|4|O_P_E_O____BPP__	6	256
4|4|O_PP___BPE____O_	9	255
4|4|OP_PP____E_B_O__	7	255
4|4|OBP___E____PP__O	10	254
4|4|O_O_EP_P____B__P	7	254
4|4|O_PP_E_B___O_P__	6	254
4|4|O_P___EO_P___BP_	5	254
4|4|OP_PE__B___O_P__	7	253
4|4|OP_P___B_E_O_P__	7	253
4|4|OP_B___PO_E__P__	7	253
4|4|OEB__P_PP_____O_	7	252
4|4|P_P_E__O___P_BO_	7	252
4|4|P_P____O_E_P_BO_	7	252
4|4|O_P_EP_B___PO___	7	251
4|4|O_PPE__B____PO__	6	251
4|4|PO_P___BP_E__O__	8	250
4|4|OO_PE__B____PP__	8	249
4|4|P_O_E__BO____P_P	8	249
4|4|OP_BP_____EO_P__	6	249
4|4|O__P_____POE_B_P	6	249
4|4|OO_P___BP_E__P__	7	248
4|4|O_PPE_O____B_P__	5	248
4|4|O_PP__O__E_B_P__	5	248
4|4|OP_OP____E_B_P__	7	247
4|4|OPOP__E_B_____P_	13	246
4|4|O_P_E__OP__P_B__	10	246
4|4|O_P_E_P____BO_P_	6	246
4|4|O_P_E__P___OB__P	10	245
4|4|OEO____PP__P__B_	7	245
4|4|O_P_E_BO____P__P	5	245
4|4|O_OP_PE_B_____P_	13	244
4|4|O_OP__E_B_P___P_	12	244
4|4|OO_P_PE_B_____P_	12	244
4|4|O_OP__E_BP____P_	11	244
4|4|OO_P__E_B_P___P_	11	244
4|4|OP_OP____E_P_B__	7	244
4|4|OB_P_______E_OPP	6	244
4|4|OB_P_______E_PPO	6	244
4|4|OPEP____O____PB_	9	243
4|4|O_P_E_B____OP__P	5	243
4|4|OEPB________PPO_	7	242
4|4|O_P_E__O_B_P__P_	6	242
4|4|OEPB__O_____P_P_	6	242
4|4|OP_P__B_____OE_P	8	241
4|4|OP_P__B_____O_EP	8	241
4|4|O_OP___BP_E__P__	8	241
4|4|O_PB_____EP_O_P_	7	241
4|4|OP_PE__B_____OP_	7	241
4|4|OP_P___B_E___OP_	7	241
4|4|OEP______P_PB_O_	6	241
4|4|O_P_E__B_P_PO___	6	241
4|4|O_P_E_______BPOP	6	241
4|4|PPO____O____PEB_	6	241
4|4|O_P_EO_P___BP___	8	240
4|4|P_B____O_P_E_OP_	7	240
4|4|OOEP______P_P_B_	7	240
4|4|PPB____OO__E__P_	6	240
4|4|OP_____PP__E_OB_	7	239
4|4|OB_PE__O____P__P	7	238
4|4|OEB___P__P___P_O	5	238
4|4|O_OP___BPE___P__	10	237
4|4|OO_P___BPE___P__	9	237
4|4|OB_P_P___E__O_P_	6	236
4|4|O_P_E__O___PB__P	13	235
4|4|P_B_E__OP____OP_	10	235
4|4|OEPB_P______P__O	8	235
4|4|OP_PE____B_P___O	8	235
4|4|OEPB_____P__P__O	7	235
4|4|O_PPE__B___O_P__	6	235
4|4|O_PP___B_E_O_P__	6	235
4|4|O__O_P______BEPP	11	233
4|4|OP_____O__PEP_B_	9	233
4|4|P_O___P_OE___B_P	8	233
4|4|OB____PO___EP_P_	8	233
4|4|O_PB_P___E__O_P_	6	233
4|4|O_P_E__B_P_P__O_	6	233
4|4|O_P_EP_P___BO___	9	232
4|4|O_P_E__P_P_BO___	8	232
4|4|O_OPE__B____PP__	7	232
4|4|OE_P_____P_O_B_P	6	232
4|4|O_EP_____P_O_B_P	6	232
4|4|OEP____O___PP_B_	6	232
4|4|P_O____BOE___P_P	7	231
4|4|PEO____O___PP_B_	6	231
4|4|OP_P__E_B__OP___	11	230
4|4|OEO___PP____P_B_	7	230
4|4|OP_____PO__EP_B_	10	228
4|4|OO_PE__BP_____P_	7	228
4|4|O_PP__B_____OE_P	7	228
4|4|O_PP__B_____O_EP	7	228
4|4|OP_OEB______P_P_	6	228
4|4|O_O_E__BP____P_P	8	227
4|4|OPEB______P__O_P	8	227
4|4|OP_PEO_______B_P	7	227
4|4|OP_P_O___E___B_P	7	227
4|4|OP_P___B_E__P__O	8	226
4|4|OP____B____EO_PP	7	226
4|4|O_P_E_O____BP__P	5	226
4|4|O_P_E_O____B_P_P	5	226
4|4|O_P___O__E_B_P_P	5	226
4|4|OP_____OP__EP_B_	11	225
4|4|O_O_E___P_P__B_P	8	225
4|4|PO_P__E_B____O_P	7	225
4|4|OO_PE__P_P___B__	8	224
4|4|PO_PP__B__E__O__	7	224
4|4|OPEOP______B_P__	7	223
4|4|OPEPP______B_O__	7	223
4|4|O_O____B_E_PP_P_	7	223
4|4|O_O_EP_P___BP___	7	223
4|4|P_B__PE_P__O__O_	7	223
4|4|O_O___E___PBP__P	8	222
4|4|OEP__P__P__O__B_	7	222
4|4|OP_PE_O____B_P__	5	222
4|4|OP_P__O__E_B_P__	5	222
4|4|OP_____P__P_OEB_	9	221
4|4|O_P____B_E__PO_P	8	221
4|4|OP_PE___B____OP_	7	221
4|4|O_P____B_E__P_OP	7	221
4|4|O_P_E__P_P_O_B__	6	221
4|4|OPO_E__P_P____B_	7	220
4|4|OE_B_P_____OP__P	7	220
4|4|O_EB_P_____OP__P	7	220
4|4|O_O__PE_P__B__P_	8	219
4|4|O_P_E__P__O_B__P	8	219
4|4|PO_P____B_E_P_O_	7	219
4|4|OEB__PP_____O__P	7	219
4|4|OB___PEOP_____P_	6	219
4|4|OEB___P__P__O__P	6	219
4|4|O_P__O_P__EBP___	6	219
4|4|PO_P___OPE___B__	10	217
4|4|OEOP___B_____P_P	9	217
4|4|O__PEO_P_____PB_	6	217
4|4|O__P_O_P_E___PB_	6	217
4|4|OB_P__EO_____P_P	8	216
4|4|O_O_EP_____PPB__	8	216
4|4|O_OPE__P_P___B__	7	216
4|4|O_O_E____P_PPB__	7	216
4|4|OP_P__B____EP__O	6	215
4|4|O__PE_OP____P_B_	8	213
4|4|O__P__E__P_O_B_P	7	212
4|4|OP_PE____B____PO	6	212
4|4|O_PB___OPE___P__	7	210
4|4|OE_B_O_____PP__P	7	210
4|4|O_EB_O_____PP__P	7	210
4|4|OEP____O_P_P__B_	5	210
4|4|OP_PE_______BPO_	5	210
4|4|O_O_E__P_P__PB__	9	209
4|4|O_O_EP_P____PB__	8	209
4|4|O__P__E___POP_B_	7	209
4|4|OB_P__E_P___P__O	7	208
4|4|OP____B____EPO_P	6	208
4|4|O__PE__P_P___BO_	5	208
4|4|OB_P______P_PE_O	7	207
4|4|OB_P______P_P_EO	7	207
4|4|O_P_E__B__OPP___	7	207
4|4|OOEP_P______P_B_	7	205
4|4|OP_PP_E____O_B__	6	205
4|4|OP_PE__O___P_B__	10	202
4|4|OP_P___O_E_P_B__	10	202
4|4|O_PPE__O___P_B__	9	202
4|4|O_PP___O_E_P_B__	9	202
4|4|O_O__P_P___E_B_P	6	202
4|4|O_P_EP_O_B____P_	6	202
4|4|O_O_E__PP__P_B__	10	201
4|4|O__P___O__BEP_P_	7	201
4|4|P_B___E_P_PO__O_	7	201
4|4|OEOP_____P___B_P	9	200
4|4|O_P____B_E_OP__P	7	200
4|4|OEBP___P_P____O_	7	200
4|4|O_P_E_BO_____P_P	5	200
4|4|O_P___BO_E___P_P	5	200
4|4|O_B___P__P_E_O_P	8	199
4|4|OPB____PP__E__O_	8	199
4|4|OP____EPB____P_O	8	199
4|4|OP_B____PE_P__O_	7	199
4|4|OEO___P_____P_BP	7	199
4|4|OPP____O____PEB_	6	199
4|4|OPB_E_______PO_P	6	199
4|4|PEB____OP____PO_	11	198
4|4|PP___P_OO__E__B_	9	198
4|4|OP_PE_OB_____P__	6	197
4|4|OP_P__OB_E___P__	6	197
4|4|OP_B__O_P_E__P__	6	197
4|4|O__O_P______BPEP	10	196
4|4|O__PE_O_____P_BP	8	195
4|4|OB__EP_OP_____P_	6	195
4|4|OPEB___OP_____P_	6	195
4|4|O_P____B_E_PP_O_	8	194
4|4|P_O_EP_BO_____P_	7	193
4|4|O_PP__B____EP__O	5	193
4|4|OP____EPB____O_P	8	192
4|4|PO_PE__PO____B__	9	191
4|4|OPP_E___B____P_O	9	191
4|4|O_PB__P__E__O_P_	8	190
4|4|OP_P__B___E_O_P_	7	190
4|4|OO_P___B_E__P__P	8	189
4|4|OO_PP__B_E___P__	8	189
4|4|OP_BE______P_PO_	8	189
4|4|OP_B_____E_P_PO_	8	189
4|4|OEB____PP_P__O__	8	189
4|4|O_PBE______P_PO_	7	189
4|4|O_PB_____E_P_PO_	7	189
4|4|OPEO_____P_B_P__	6	189
4|4|O_O_EP______PB_P	8	188
4|4|PP_____OO_PE__B_	8	188
4|4|PEB____OP_P__O__	9	187
4|4|OPP_E___B____O_P	9	187
4|4|P_P_E_PO_____BO_	6	187
4|4|P_P___PO_E___BO_	6	187
4|4|OP_PE______B_OP_	5	186
4|4|OP_P_____E_B_OP_	5	186
4|4|O_PB____PE____OP	8	185
4|4|O_PB____PE_P__O_	7	185
4|4|OP_PE_B_____OP__	7	185
4|4|O__P___O__BEP__P	7	185
4|4|O_P___B___PEP__O	7	185
4|4|OPEB___P_P____O_	6	185
4|4|OP_P_____P___BEO	5	185
4|4|OPOPE________B_P	10	184
4|4|OPOP_____E___B_P	10	184
4|4|O_P_E_O____PB__P	9	184
4|4|OO_____P___EB_PP	8	184
4|4|O_O_EP_BP_____P_	7	184
4|4|PPO_E__BO_____P_	7	184
4|4|P_O___E_P__B_OP_	6	184
4|4|O_PB____PE___PO_	8	183
4|4|OP_____PO__E_PB_	9	182
4|4|OO_____P___EBP_P	8	182
4|4|OPEBP______P_O__	7	182
4|4|OB____EPP____OP_	6	182
4|4|O_P_EPB_____P__O	6	181
4|4|P_B____OPE___OP_	10	180
4|4|OBEP_P_____PO___	9	180
4|4|OP_B_P___E__P__O	8	180
4|4|OBEP_____P_PO___	8	180
4|4|_OP____OP__E_BP_	6	180
4|4|OP_____OP__E_PB_	10	179
4|4|O_P_E_P____OB__P	9	179
4|4|PO_P_E_O_____BP_	7	179
4|4|OEP__O__P__B__P_	8	178
4|4|_O___P_OPE___BP_	7	178
4|4|_OP____POP_E__B_	6	178
4|4|OEO__P__B__PP___	9	177
4|4|OEO_____BP_PP___	8	177
4|4|OPB___EO____P_P_	7	177
4|4|P_P__E_O___P_BO_	6	177
4|4|P_B__P_OPE____O_	8	176
4|4|O_PB_P___E__P__O	7	176
4|4|O_OPEP_______B_P	10	173
4|4|O_OP_P___E___B_P	10	173
4|4|OP_P__O_____BE_P	10	173
4|4|OP_P__O_____B_EP	10	173
4|4|OO_PEP_______B_P	9	173
4|4|OO_P_P___E___B_P	9	173
4|4|OP_B___P_E__O__P	8	173
4|4|OPEB___P_____PO_	7	173
4|4|OP_PE__B____OP__	7	173
4|4|OE_P_____P_P_OB_	6	173
4|4|O_EP_____P_P_OB_	6	173
4|4|OPOPE______P_B__	10	172
4|4|OPOP_____E_P_B__	10	172
4|4|OP_OEB______P__P	6	172
4|4|O_P_E__P___OPB__	7	171
4|4|P_O___OB_E__P_P_	6	171
4|4|OPP_E_____B_O__P	6	171
4|4|_O___PEOP____BP_	7	170
4|4|POP_E__BO_____P_	7	170
4|4|OEP__P_P_O____B_	6	170
4|4|OOPPE______P_B__	9	169
4|4|OOPP_____E_P_B__	9	169
4|4|O_PP__O_____BE_P	9	169
4|4|O_PP__O_____B_EP	9	169
4|4|PO_____O__PEP_B_	6	169
4|4|OE_P_____P_O_PB_	5	169
4|4|O_EP_____P_O_PB_	5	169
4|4|PB_____OO__E_P_P	9	168
4|4|OO_____PP__EP_B_	8	168
4|4|O_OP___B_E__P__P	8	167
4|4|O__P__OP_E__P_B_	8	167
4|4|O_O_E__PB__P_P__	8	167
4|4|OP_PE____BP____O	7	167
4|4|OP_PE______O_BP_	6	167
4|4|OP_P_____E_O_BP_	6	167
4|4|PB____PO___EP_O_	10	166
4|4|O_PB___P_E__O__P	8	166
4|4|OP_P__B_P_E__O__	8	166
4|4|OPEB_____P_P_O__	6	166
4|4|O_PPE____BP____O	6	166
4|4|OEPP______O_B__P	10	165
4|4|OBEP_________PPO	6	165
4|4|O_PPE__B_____OP_	6	165
4|4|O_PP___B_E___OP_	6	165
4|4|OP___P_OP__E__B_	9	164
4|4|OEP____OP_P___B_	7	164
4|4|P_O_E__OP__P_B__	7	164
4|4|OBEP_________OPP	6	164
4|4|P_O_EO_B_____P_P	6	164
4|4|P_O__O_B_E___P_P	6	164
4|4|_OP__PEPO_____B_	7	162
4|4|OPP_E__O_B____P_	6	162
4|4|PEP___OB_P___O__	8	161
4|4|OOP_E__BP_____P_	7	161
4|4|O_P_E______PBPO_	6	161
4|4|O_P___EO____PBP_	5	161
4|4|OEPB___O_____PP_	5	161
4|4|P_O____PB__E_PO_	9	160
4|4|OPOPE________BP_	9	160
4|4|OPOP_____E___BP_	9	160
4|4|O_O_E__B____PPP_	9	160
4|4|OBEP___O____P__P	8	160
4|4|O_P___OB_E__P_P_	6	160
4|4|P_P___PO___E_BO_	6	160
4|4|OEP___PBP____O__	10	159
4|4|OP_____OP_PE__B_	8	159
4|4|OB_P__E__P_P_O__	7	159
4|4|OP_B_E_O_____PP_	7	159
4|4|O_P_EO_B_____P_P	6	159
4|4|O_P__O_B_E___P_P	6	159
4|4|OPPB____PE____O_	9	158
4|4|POPPE______O_B__	9	158
4|4|POPP_____E_O_B__	9	158
4|4|OP__P__O___E_PB_	9	157
4|4|OP_P__B_PE____O_	8	157
4|4|OPO_E__BP_____P_	7	157
4|4|P_O___EO___PP_B_	6	157
4|4|OPO_E_B_____P__P	6	157
4|4|O_P____O_B_EP__P	6	157
4|4|OPPBE______O_P__	8	156
4|4|OPPB_____E_O_P__	8	156
4|4|OPP_E__BO_____P_	7	156
4|4|OPPB______EOP___	6	156
4|4|PO_P___BO_E__P__	6	156
4|4|PO_PE___O_____BP	10	155
4|4|OPEP_P__O_____B_	9	155
4|4|OPEP____O_P___B_	8	155
4|4|O_O_EP_B____PP__	8	155
4|4|OPPPE______B_O__	8	155
4|4|OPPP_____E_B_O__	8	155
4|4|O_PB_E_O_____PP_	6	155
4|4|OPPOE____B____P_	9	154
4|4|OEP___O____PB__P	8	154
4|4|OB__P_EP____O_P_	6	154
4|4|O_PPE______B_OP_	5	154
4|4|O_PP_____E_B_OP_	5	154
4|4|O_P_E__O_BP___P_	7	153
4|4|OEO__P_P_P____B_	6	153
4|4|OP_B_P__PE____O_	10	152
4|4|O_PB_P__PE____O_	9	152
4|4|OP_B____PEP___O_	9	152
4|4|O_OPEP_______BP_	9	152
4|4|O_OP_P___E___BP_	9	152
4|4|O_P_E__P___OBP__	9	152
4|4|O_PB____PEP___O_	8	152
4|4|OO_PEP_______BP_	8	152
4|4|OO_P_P___E___BP_	8	152
4|4|O_OPE_____P__BP_	8	152
4|4|O_OP_____EP__BP_	8	152
4|4|O_PPE_P____B_O__	8	152
4|4|O_PP__P__E_B_O__	8	152
4|4|OO_PE_____P__BP_	7	152
4|4|OO_P_____EP__BP_	7	152
4|4|OP__P_B____E_P_O	6	152
4|4|OP_BP_O___E__P__	5	152
4|4|O_P_E__O___PBP__	12	151
4|4|OPEO_P_____BP___	9	151
4|4|OPP_E____O_PB___	9	151
4|4|P_O__P_B_E__P_O_	8	151
4|4|O__P__EO_P___B_P	8	151
4|4|OP_____PB___PEO_	8	151
4|4|OP_OEP___B____P_	8	151
4|4|P_O___OB____PEP_	6	151
4|4|O_P_E_P____BPO__	6	151
4|4|OP_PP_E___O__B__	5	151
4|4|OE_P_O_B_____P_P	9	150
4|4|O_EP_O_B_____P_P	9	150
4|4|O_PPE_____PB_O__	7	150
4|4|O_PP_____EPB_O__	7	150
4|4|OP_PE_P____B_O__	7	150
4|4|OP_P__P__E_B_O__	7	150
4|4|P_O_E_P__O_P_B__	6	150
4|4|OP_P_E_O_____B_P	6	150
4|4|O_P___OB_E__P__P	6	150
4|4|O__OEBP_____P_P_	6	150
4|4|O_P__P_B_E__P_O_	8	149
4|4|O__PE_OP_____PB_	7	149
4|4|O__P__OP_E___PB_	7	149
4|4|O_PPE____BP___O_	6	149
4|4|O_O_EPB______P_P	6	149
4|4|O_O__PB__E___P_P	6	149
4|4|O_P_E_O__B__P__P	6	149
4|4|OP_PE__OB____P__	12	148
4|4|O__PE__O____P_BP	8	148
4|4|OEPB_____O___PP_	7	148
4|4|OP_O_B___E__P_P_	6	148
4|4|OP_PE_____PB_O__	6	148
4|4|OP_P_____EPB_O__	6	148
4|4|O__PE__P__O__PB_	6	148
4|4|O__P___P_EO__PB_	6	148
4|4|OO_PE__PP____B__	10	147
4|4|O_OPE__PP____B__	9	147
4|4|O_O__PB____E_P_P	6	147
4|4|OBP___E_P___P__O	6	147
4|4|OBP_____P__EP__O	6	147
4|4|O_P_EPB____OP___	6	147
4|4|O__PEP_O_B____P_	5	147
4|4|OOPPE_______B__P	7	146
4|4|P_B____OPEP___O_	9	145
4|4|OPP___E__O_PB___	9	145
4|4|O__P__O__E__P_BP	8	145
4|4|OEP____P___PB_O_	8	145
4|4|OP_B_P____EOP___	6	145
4|4|OP_____O__BEP_P_	6	145
4|4|O_OPE_P____P_B__	8	144
4|4|O_OP__P__E_P_B__	8	144
4|4|_OP_E__BO__P_P__	7	144
4|4|O_OPE_____PP_B__	7	144
4|4|O_OP_____EPP_B__	7	144
4|4|OP_P__E___OPB___	7	143
4|4|OPPB_____E__P__O	7	143
4|4|OO_PE_P____P_B__	8	142
4|4|OO_P__P__E_P_B__	8	142
4|4|P_O______EPOP_B_	7	142
4|4|OPEP______P_O_B_	7	142
4|4|OO_PE_____PP_B__	7	142
4|4|OO_P_____EPP_B__	7	142
4|4|OBP____O_E__P_P_	6	142
4|4|OP_PE__PB____O__	12	141
4|4|OEBP___PP_____O_	11	141
4|4|OP_PE__B_____PO_	7	141
4|4|OP_P___B_E___PO_	7	141
4|4|OP_P_P___E__O_B_	6	141
4|4|OEB____OP__P__P_	6	141
4|4|O_PB__O_P_E__P__	6	141
4|4|O_O_E__PPP___B__	11	140
4|4|O_O_EP_PP____B__	10	140
4|4|OEBP____P__P__O_	10	140
4|4|O_O_E_PPP____B__	9	140
4|4|O_O_E__PP_P__B__	8	140
4|4|PO_PE__BO____P__	8	140
4|4|OPEO____P__B__P_	8	140
4|4|P_P___EO_B_P__O_	7	140
4|4|OPP___B____E_P_O	6	140
4|4|OEBP_P__P_____O_	11	139
4|4|OEBP____P_P___O_	10	139
4|4|OP_PE__OP____B__	10	139
4|4|O_PPE__OP____B__	9	139
4|4|OP_____P___BOEP_	9	139
4|4|O_P_EO_P___B_P__	7	139
4|4|O_P__O_P_E_B_P__	7	139
4|4|OPB____O_P_E__P_	5	139
4|4|OB_P__E____PPO__	10	138
4|4|OPEP____O_____BP	9	138
4|4|P_O_EP_BO____P__	8	138
4|4|P_O_E_PBO____P__	7	138
4|4|O__P__EO_P___BP_	7	138
4|4|P_O_E_P__P_O_B__	7	138
4|4|OP_OE_P____B_P__	6	138
4|4|OP_O__P__E_B_P__	6	138
4|4|OP____P_____BPEO	6	138
4|4|OPEP___OB_____P_	10	137
4|4|OO_____PP__E_PB_	7	137
4|4|PO_PE__OP____B__	10	136
4|4|PB_____OO__E_PP_	8	136
4|4|OPEP_P______O_B_	7	136
4|4|O_O__PE____PPB__	5	136
4|4|O_O_E__P_P__BP__	7	135
4|4|OBP_E__O____P__P	6	135
4|4|PP_P__E_B____OO_	9	134
4|4|OEBP____PP____O_	9	134
4|4|OE_P___B____P_OP	8	134
4|4|O_EP___B____P_OP	8	134
4|4|P_O___OBPE____P_	7	134
4|4|O_B___EOP__P__P_	7	134
4|4|O_O_E_P____B_P_P	6	134
4|4|O_O___P__E_B_P_P	6	134
4|4|OEP__P___O_PB___	7	133
4|4|OBEP___O____PP__	7	133
4|4|OB____P_P___PE_O	7	133
4|4|OB____P_P___P_EO	7	133
4|4|OEBP____P_P__O__	5	133
4|4|O_P_E_POP____B__	9	132
4|4|O_P_E__OP_P__B__	8	132
4|4|OPP____B___E_P_O	6	132
4|4|O__PE__O_B___P_P	5	132
4|4|OEOP_P_____PB___	7	131
4|4|OEP____O__B_P__P	6	131
4|4|OP_P_B_______PEO	5	131
4|4|OEPP__O_____B__P	9	130
4|4|OEB___POP____P__	7	130
4|4|P_O____BP_EP_O__	7	130
4|4|OP_____OB__EP_P_	7	130
4|4|OPP_________BPEO	6	130
4|4|O_P_EO_____B_P_P	6	130
4|4|O_P__O___E_B_P_P	6	130
4|4|P_O_E__OPP___B__	11	129
4|4|OP_B_E_O____P__P	8	129
4|4|O_O____B_E_PP__P	7	129
4|4|OPEB___PO____P__	7	129
4|4|P_P____O_BPE__O_	7	129
4|4|O_O_EP_P____BP__	6	129
4|4|O__P__O__P_E_B_P	6	129
4|4|OE_P_____P_B_OP_	6	129
4|4|O_EP_____P_B_OP_	6	129
4|4|OPP_E__B_____P_O	7	128
4|4|OPP____B_E___P_O	7	128
4|4|O__PE_____O__PBP	8	127
4|4|O__P_____EO__PBP	8	127
4|4|OEO____PP_____BP	8	127
4|4|O_P___OBPE____P_	7	127
4|4|O__PE_O______PBP	7	127
4|4|O__P__O__E___PBP	7	127
4|4|O_O_E__BP___PP__	9	126
4|4|OBP___E____PPO__	9	126
4|4|OOPPE_______PB__	8	126
4|4|OOEP___P_P____B_	7	126
4|4|OBP___EO_____P_P	7	125
4|4|O_P_E_OP____B__P	9	124
4|4|OEO_____P__P__BP	7	124
4|4|O_PB___O_E__P__P	5	124
4|4|O_PP__E___OPB___	7	123
4|4|O_P____P___OBE_P	10	122
4|4|O_P____P___OB_EP	10	122
4|4|OEP___OP____B__P	9	122
4|4|P_O____OPE_P_B__	7	122
4|4|OB_PE__O____PP__	7	122
4|4|OE_B_P_____OPP__	6	122
4|4|O_EB_P_____OPP__	6	122
4|4|O_P_E_B____O_P_P	5	122
4|4|O_P___B__E_O_P_P	5	122
4|4|PO_____OP_PE__B_	5	122
4|4|OEPP_P_____BO___	10	121
4|4|OEPP_____P_BO___	9	121
4|4|OEBP_P_____PO___	7	121
4|4|OP_OE_B_P______P	6	121
4|4|PPO____B_E__P_O_	10	120
4|4|O_O_EP_BP____P__	8	120
4|4|O_P_E__B_P___PO_	8	120
4|4|OOEP_P__P_____B_	7	120
4|4|O_O_E_PBP____P__	7	120
4|4|OB_____P__P_OE_P	7	120
4|4|OB_____P__P_O_EP	7	120
4|4|OPB___EOP_____P_	5	120
4|4|POO___E_P__BP___	11	119
4|4|OB_____P__P_PE_O	7	119
4|4|OB_____P__P_P_EO	7	119
4|4|P_P___EO__P__BO_	7	119
4|4|OP_BE__P_O_____P	7	119
4|4|O_P_E_P___O_B__P	7	119
4|4|O_O__P_P___E_BP_	5	119
4|4|OPP____B_E__P_O_	10	118
4|4|O_P____P__O_BE_P	9	118
4|4|O_P____P__O_B_EP	9	118
4|4|OPO____P___E_B_P	8	118
4|4|OEBP___OP____P__	7	118
4|4|P_O__O_B_E__P__P	6	118
4|4|OP_O_B___E__P__P	6	118
4|4|O_P__E_O___PP_B_	6	118
4|4|OE_B_P_P_____PO_	6	118
4|4|O_EB_P_P_____PO_	6	118
4|4|P_B____OPE_P_O__	8	117
4|4|PO_____O___EPB_P	11	116
4|4|OEOP____P__P__B_	10	116
4|4|OP____EP_P___OB_	7	116
4|4|OB___P_P____PE_O	6	116
4|4|OB___P_P____P_EO	6	116
4|4|OP_PE_B_O_____P_	6	116
4|4|O_P_EPB______O_P	6	116
4|4|O_P__PB__E___O_P	6	116
4|4|OO_____BP____PEP	10	115
4|4|OO_____P___EBPP_	7	115
4|4|P_O__E_O___PP_B_	7	115
4|4|OPO____P___E_BP_	7	115
4|4|OEB___PO____P_P_	6	115
4|4|OEB___PO_____P_P	6	115
4|4|OE_B_O_____PPP__	6	115
4|4|O_EB_O_____PPP__	6	115
4|4|OO_PE__BP____P__	8	114
4|4|O_P___EP__P__OB_	7	114
4|4|P_B_E__P_P_O_O__	7	114
4|4|PB_P_O____EOP___	7	114
4|4|O__P___O_P_E_PB_	6	114
4|4|OPBPE________O_P	5	114
4|4|OPBP_____E___O_P	5	114
4|4|O_PPE_OB_____P__	5	114
4|4|O_PP__OB_E___P__	5	114
4|4|PO_____O___EPBP_	10	113
4|4|O__PEP_B__O_P___	6	113
4|4|O_P___BO_E__P__P	5	113
4|4|PO_PO__B__E__P__	5	113
4|4|PP_PEO__O_____B_	7	112
4|4|O_P__O_B_E__P__P	6	112
4|4|O__PE__O__B__P_P	6	112
4|4|O__P___O_EB__P_P	6	112
4|4|O_P__PB____E_O_P	6	112
4|4|OEBP________PPO_	6	112
4|4|OB____EP____POP_	11	111
4|4|OB_P__EO____P__P	7	111
4|4|OPB___EP_P____O_	6	111
4|4|OPB______E__PO_P	6	111
4|4|O_P____B_EP_P_O_	9	110
4|4|O_OPE__BP____P__	7	110
4|4|P_P____OPE_O_B__	7	110
4|4|P_O____B_EO_P__P	7	110
4|4|OPB_E______P_O_P	7	110
4|4|OPB______E_P_O_P	7	110
4|4|P_P_E_PO_B___O__	7	110
4|4|OP_____OB__E_P_P	7	110
4|4|OPB_E__P_P____O_	6	110
4|4|OPB_P________OEP	6	110
4|4|O_P___P__E_BO_P_	6	110
4|4|O_P_E__B____PPO_	8	109
4|4|O__P___O_B_E_P_P	7	109
4|4|O__P__E__P_O_BP_	6	109
4|4|OPO_E___P____B_P	9	108
4|4|P_P___EO___P_BO_	8	108
4|4|O_B____OP____PEP	7	108
4|4|P_P_E_PO_O___B__	6	108
4|4|P_P___PO_B_E__O_	9	107
4|4|O__P_P_O_P_E__B_	7	107
4|4|OB_P_P____EOP___	7	107
4|4|OO_____P___PBEP_	9	106
4|4|O_P____B_EO_P__P	7	106
4|4|OE_B_P_P___OP___	6	106
4|4|O_EB_P_P___OP___	6	106
4|4|OPB____O___EP_P_	5	106
4|4|O_O_EP__P____B_P	9	105
4|4|OPOPE__B____P___	8	105
4|4|OE_P___O_P_P_B__	7	105
4|4|O_EP___O_P_P_B__	7	105
4|4|OPO_E__P__B_P___	6	105
4|4|OEB___P_P___P__O	6	105
4|4|OEPB___P_P_____O	5	105
4|4|P_P_EO_O___P_B__	8	104
4|4|P_P__O_O_E_P_B__	8	104
4|4|OPP_E__B____P__O	7	104
4|4|OPEB__O_P_____P_	7	104
4|4|O__PEO_____P_B_P	6	104
4|4|O__P_O___E_P_B_P	6	104
4|4|OEP____O___P_PB_	5	104
4|4|POO__PE____BP___	12	103
4|4|POO___E__P_BP___	11	103
4|4|POO___E___PBP___	10	103
4|4|POEP___O____PB__	8	103
4|4|P_B____O_PE__OP_	8	103
4|4|OO_PEP___B____P_	5	103
4|4|OPEP______PBO___	11	102
4|4|OPEP_P_____BO___	10	102
4|4|OPEP_____P_BO___	9	102
4|4|OPB_E__P_____O_P	8	102
4|4|OPB____P_E___O_P	8	102
4|4|O_P___EO_B_P__P_	6	102
4|4|OEPB_O_P____P___	6	102
4|4|O_P_E_OP___B_P__	6	102
4|4|O_P___OP_E_B_P__	6	102
4|4|OPEO__B_____P_P_	5	102
4|4|PEO__P_BO____P__	8	101
4|4|PB_P__E_O_P__O__	8	101
4|4|OB_P_______PPE_O	7	101
4|4|OB_P_______PP_EO	7	101
4|4|OP_B___PO_E___P_	7	101
4|4|PEO___PBO____P__	7	101
4|4|_OP_E__BOP____P_	7	101
4|4|OEB____PP____OP_	7	101
4|4|_O___P_POE_B__P_	7	101
4|4|OP_P_B____E__P_O	5	101
4|4|OEO_____PP___B_P	8	100
4|4|OB_P__EO_____PP_	7	100
4|4|O_P_EPB____PO___	7	100
4|4|OOPPE______B_P__	6	100
4|4|OOPP_____E_B_P__	6	100
4|4|O_P_E_B__P_PO___	6	100
4|4|OB__P_P_____PE_O	6	100
4|4|OB__P_P_____P_EO	6	100
4|4|P_O____BOE___PP_	8	99
4|4|OPB___EO_____P_P	7	99
4|4|OEP____OP__P__B_	6	99
4|4|OOEP_____P_P__B_	6	99
4|4|OOPPE_______BP__	6	99
4|4|OPEP_____P___BO_	7	98
4|4|OP____EPB____PO_	7	98
4|4|_OP____BOE_P__P_	7	98
4|4|OBP________PPE_O	6	98
4|4|OBP________PP_EO	6	98
4|4|OP_O_E____PB_P__	6	98
4|4|P_P___OBP_E__O__	6	98
4|4|PBP__O____EOP___	6	98
4|4|OP_____O___BPEP_	6	98
4|4|OPB____OP__E__P_	5	98
4|4|OB____EO__P_P__P	7	97
4|4|O_P_E_OBP______P	6	97
4|4|OB_P__E__P___OP_	8	96
4|4|OPB_______O_PE_P	7	96
4|4|OPB_______O_P_EP	7	96
4|4|_OO__PE_P__B__P_	7	96
4|4|OE_P_____P_O_BP_	7	96
4|4|O_EP_____P_O_BP_	7	96
4|4|OOPP_E_____B_P__	6	96
4|4|OE_P___P_P_B_O__	5	96
4|4|O_EP___P_P_B_O__	5	96
4|4|OPO_E__B__P_P___	7	95
4|4|PBO____P_PE__O__	7	95
4|4|OP_B_E_P_O____P_	6	95
4|4|O__P__E__PO__B_P	6	95
4|4|O_PB__EOP____P__	6	95
4|4|O_P___O__E_BP__P	5	95
4|4|PEO____O___P_PB_	5	95
4|4|OP____O____BPEP_	9	94
4|4|OO_PEP_B____P___	7	94
4|4|P_B___POPE____O_	7	94
4|4|OEO__P_P__B_P___	6	94
4|4|O_OPEP_B____P___	6	94
4|4|PPEP____B__O__O_	9	93
4|4|OOP_E______PB__P	8	93
4|4|OEPP___B_P____O_	6	93
4|4|OPB___EO_P____P_	6	93
4|4|O_PPEO_B____P___	5	93
4|4|OO__P_EP_____B_P	7	92
4|4|P_O____PP_EB_O__	7	92
4|4|OE_P_O___P_B__P_	7	92
4|4|O_EP_O___P_B__P_	7	92
4|4|OP_B_E_PO_____P_	6	92
4|4|OPB_E_P______O_P	6	92
4|4|OPB___P__E___O_P	6	92
4|4|O__O_BP__E__P_P_	6	92
4|4|OB_P___P_PE__O__	8	91
4|4|OEPB_P_O_____P__	7	91
4|4|O__P___O__B_PE_P	7	91
4|4|O__P___O__B_P_EP	7	91
4|4|_OP__PEOB_____P_	7	91
4|4|P_O__E_O___P_PB_	6	91
4|4|O_P___EO___PP_B_	5	91
4|4|OO__P__P____BEP_	10	90
4|4|OO_____P____BEPP	10	90
4|4|OOP_E______PPB__	9	90
4|4|OEP__O___P_B__P_	7	90
4|4|OEP__P____BOP___	6	90
4|4|OBP___E__P_P_O__	6	90
4|4|O_P__E_O___P_PB_	5	90
4|4|_OB___POPE____P_	5	90
4|4|OP_PE__P_B_____O	7	89
4|4|O__PE_O____PP_B_	7	89
4|4|PO_P__O___E_PB__	7	89
4|4|O_P_EP_B_O____P_	6	89
4|4|O_O_EP___B___P_P	6	89
4|4|O_P___E___POPB__	6	89
4|4|O_PPE__P_B_____O	6	89
4|4|OE_B_O_____P_P_P	6	89
4|4|O_EB_O_____P_P_P	6	89
4|4|PEB_____P_PO_O__	6	88
4|4|_OP_EP_BO_____P_	6	88
4|4|OBP__P____EOP___	6	88
4|4|OOEP_____P___B_P	8	87
4|4|OOEP_P_____PB___	8	87
4|4|OBEP_______PP__O	7	87
4|4|OB_P_P___E__O__P	5	87
4|4|P_B__P_OPE___O__	9	86
4|4|O__P__EP__P__OB_	7	86
4|4|OEPB_O_______P_P	7	86
4|4|OE_P___O_P_P__B_	6	86
4|4|O_EP___O_P_P__B_	6	86
4|4|OE_O_BP_____P_P_	6	86
4|4|O_EO_BP_____P_P_	6	86
4|4|OB__P_EP_____OP_	5	86
4|4|O_O_EP_B_P____P_	6	84
4|4|P_O__OE__P_BP___	10	83
4|4|OE_P_____PPB_O__	9	83
4|4|O_EP_____PPB_O__	9	83
4|4|OE_P__P__P_B_O__	8	83
4|4|O_EP__P__P_B_O__	8	83
4|4|O_P_E__B__O_PP__	8	83
4|4|OEB___PO_P___P__	6	83
4|4|P_O____BPE___PO_	8	82
4|4|P_B____P_PEO_O__	6	82
4|4|OEB___P__P_O_P__	5	82
4|4|OOPPE__B____P___	7	81
4|4|OEPP_P_______OB_	6	81
4|4|O__P___O_PPE__B_	6	81
4|4|OBP___EO____P__P	6	81
4|4|OO__P_EP_____BP_	6	80
4|4|O__PE_O__B__P__P	5	80
4|4|OBP____P_PE__O__	7	79
4|4|OEP__O_P___PB___	7	79
4|4|O_P___E____B_OPP	6	79
4|4|PBO__P____EOP___	6	79
4|4|O_P____BPE___PO_	8	78
4|4|OO_P___B__E_PP__	7	78
4|4|OEB____PP___PO__	7	78
4|4|OPEO__B_____P__P	7	78
4|4|OP_P_OE____B__P_	6	78
4|4|O_P_E_BOP______P	6	78
4|4|O__P_OE__P_B__P_	6	78
4|4|OP_____OB__E_PP_	6	78
4|4|OP____B___P_OE_P	10	77
4|4|OP____B___P_O_EP	10	77
4|4|OO__P_EP____B_P_	8	77
4|4|O_P_EO_B____PP__	7	77
4|4|_O__P__OP_PE__B_	4	77
4|4|P_O_E__BP____PO_	13	76
4|4|_OO_B_EPP_____P_	5	76
4|4|P_O_EP_O_B___P__	8	75
4|4|OEPP__O____BP___	8	75
4|4|P_B_E_P__P_O_O__	7	75
4|4|OPP_E_B______P_O	6	75
4|4|OPP___B__E___P_O	6	75
4|4|O_P_E_OB___PP___	6	75
4|4|O_P___B__E_OP__P	5	75
4|4|OO____P_P___BE_P	10	74
4|4|OO____P_P___B_EP	10	74
4|4|P_B___POPE___O__	8	74
4|4|OPO___B__E__P__P	6	74
4|4|_OP____OB__E_PP_	12	73
4|4|OO_____P__P_BE_P	10	73
4|4|OO_____P__P_B_EP	10	73
4|4|PPEP____BO____O_	7	73
4|4|PE_P_____BP__OO_	6	73
4|4|P_EP_____BP__OO_	6	73
4|4|OP____B___PEP__O	6	73
4|4|OP_PE_OB____P___	6	73
4|4|O_O_EP_B__P_P___	6	73
4|4|OP__P_EO___B_P__	6	73
4|4|O_B___P_P__EP__O	5	73
4|4|O_PPE_OB____P___	5	73
4|4|PPO_E__B___O_P__	10	72
4|4|PPO____B_E_O_P__	10	72
4|4|P_O__OE___PBP___	9	72
4|4|OOP________PBE_P	9	72
4|4|OOP________PB_EP	9	72
4|4|O_P_EP_B_O___P__	7	72
4|4|P_B___EO_PO___P_	7	72
4|4|OP_PE_B____O_P__	5	72
4|4|OP_P__B__E_O_P__	5	72
4|4|O__PE__P_PO__B__	5	72
4|4|O__P_PO_____PEB_	8	71
4|4|O_O_EP_B_P___P__	7	71
4|4|OP_____O__B_PEP_	7	71
4|4|OPP____B_E__P__O	7	71
4|4|P_B____OPEP__O__	10	70
4|4|OPEP____B_O_P___	8	70
4|4|O__P_BP_____PE_O	6	70
4|4|O__P_BP_____P_EO	6	70
4|4|O_P__BP_____PE_O	6	70
4|4|O_P__BP_____P_EO	6	70
4|4|O_B___PO___EP_P_	6	70
4|4|PO_____O_B_EP__P	6	70
4|4|O__PE__O_BP___P_	5	70
4|4|OP____B_____OEPP	10	69
4|4|OO____B_____PEPP	8	69
4|4|OOEP_____P___BP_	7	69
4|4|O_P_E_PB_O___P__	6	69
4|4|O_P_E_OP___BP___	7	68
4|4|O_O_E_PB_P___P__	6	68
4|4|PEO____BP____PO_	11	67
4|4|OE_P_O___P___B_P	8	67
4|4|O_EP_O___P___B_P	8	67
4|4|O__P__O__E_PP_B_	7	67
4|4|OB_PE__P_P___O__	6	67
4|4|OPB____O___E_P_P	6	67
4|4|OP____B__P_E_P_O	5	67
4|4|OPP___B_____OE_P	9	66
4|4|OPP___B_____O_EP	9	66
4|4|OP_____O_P_EP_B_	9	66
4|4|O_P___P___O_BE_P	8	66
4|4|O_P___P___O_B_EP	8	66
4|4|OO____B_P___PE_P	7	66
4|4|OO____B_P___P_EP	7	66
4|4|OOP_E______PBP__	7	66
4|4|OEO___P__P_B__P_	7	66
4|4|OEB__P_PP____O__	6	66
4|4|O_P_EO_B___P_P__	6	66
4|4|O_P__O_B_E_P_P__	6	66
4|4|OP_OEPB_____P___	6	66
4|4|PP_____OOP_E__B_	7	65
4|4|OO___P_P____BE_P	9	64
4|4|OO___P_P____B_EP	9	64
4|4|P_B___POP__E__O_	7	64
4|4|OP_B_E_O______PP	7	64
4|4|OP_B___O__E___PP	7	64
4|4|OEO__P____BPP___	6	64
4|4|O_P__PB__E__P__O	6	64
4|4|O__P_O___E_BP__P	5	64
4|4|OP____BP____OEP_	10	63
4|4|OP___PB_____OE_P	9	63
4|4|OP___PB_____O_EP	9	63
4|4|OE_P_____P___OBP	9	63
4|4|O_EP_____P___OBP	9	63
4|4|OO____BP____PEP_	8	63
4|4|OO__P_B_____PE_P	8	63
4|4|OO__P_B_____P_EP	8	63
4|4|OEPB__PO_____P__	6	63
4|4|O_O_EP___B__P__P	6	63
4|4|OEPP______P__OB_	5	63
4|4|OP_P__EO___B__P_	5	63
4|4|O__PE_P____BPO__	5	63
4|4|OPEP____O__PB___	11	62
4|4|OPP_E__B___O_P__	10	62
4|4|OPP____B_E_O_P__	10	62
4|4|O_P___OP____BE_P	9	62
4|4|O_P___OP____B_EP	9	62
4|4|PP____EO___P_BO_	7	62
4|4|OB_PE__P_P_____O	7	62
4|4|O_P_E_P____B_OP_	5	62
4|4|O_P___P__E_B_OP_	5	62
4|4|PO_____BO____PEP	11	61
4|4|OP_____OPP_E__B_	7	61
4|4|OOP_E_P_____B__P	7	61
4|4|P_P___OOP__E__B_	6	61
4|4|OP_P_OE____PB___	6	61
4|4|OP_P_B____EO_P__	5	61
4|4|OEPB____P____PO_	8	60
4|4|OPEP_____O____BP	8	60
4|4|OO___PB_____PE_P	7	60
4|4|OO___PB_____P_EP	7	60
4|4|P_O_E_PO_B___P__	7	60
4|4|P_P__O_OPE___B__	7	60
4|4|O__P__EO_B_P__P_	6	60
4|4|OPB____O_____PEP	6	60
4|4|O__PE_O____P_PB_	6	60
4|4|O__P__O__E_P_PB_	6	60
4|4|PP____EO_P_B_O__	6	60
4|4|O_P_E_B_P__P_O__	5	60
4|4|OEPB__O______PP_	5	60
4|4|OE_P___B___PP_O_	7	59
4|4|O_EP___B___PP_O_	7	59
4|4|OE_P_O___P___BP_	7	59
4|4|O_EP_O___P___BP_	7	59
4|4|OEO____PP__PB___	7	59
4|4|P_P___E___PO_BO_	6	59
4|4|OBP_E__P_P_____O	6	59
4|4|OP_____O_B_EP_P_	6	59
4|4|_OP_E__BOP___P__	8	58
4|4|P_O_E__PP__B_O__	7	58
4|4|OBP___EO_____PP_	6	58
4|4|O_P_EOB_P______P	6	58
4|4|OB____PO_P_E__P_	6	58
4|4|O__P___O_B_E_PP_	6	58
4|4|PO__O__B_____PEP	10	57
4|4|OP____B__P__OE_P	8	57
4|4|OP____B__P__O_EP	8	57
4|4|OOP___B_____PE_P	7	57
4|4|OOP___B_____P_EP	7	57
4|4|P_B__PE__O_OP___	8	56
4|4|P_B_EP_O_O___P__	7	56
4|4|O_P_E_B____PPO__	6	56
4|4|O_P_E_BO___PP___	6	56
4|4|OEB___P____OP_P_	5	56
4|4|OPBP____PE____O_	8	55
4|4|OP_B___P__EO_P__	7	55
4|4|O_PB___P__EO_P__	6	55
4|4|OP____B____POEP_	9	54
4|4|OO____P___P_BE_P	9	54
4|4|OO____P___P_B_EP	9	54
4|4|PPO_E_OB_____P__	9	54
4|4|PPO___OB_E___P__	9	54
4|4|PBO___O_____PE_P	7	54
4|4|PBO___O_____P_EP	7	54
4|4|OP_B_O_P__E___P_	6	54
4|4|OB_P__P_____PE_O	6	54
4|4|OB_P__P_____P_EO	6	54
4|4|O__PEO_P_P___B__	6	54
4|4|OPP_E_B_____P__O	6	54
4|4|OP_____O_B_E_P_P	6	54
4|4|O_PP_OE____PB___	5	54
4|4|OEB__P___O___P_P	5	54
4|4|OPEP______OPB___	10	53
4|4|OEPP______OPB___	9	53
4|4|PPO_E__B_____PO_	9	53
4|4|PPO____B_E___PO_	9	53
4|4|O__P__PO_P_E__B_	8	53
4|4|_OP_EP_BO____P__	7	53
4|4|_OO_P__PP__E__B_	6	53
4|4|_OP_E_PBO____P__	6	53
4|4|OPP_E_OB_____P__	9	52
4|4|OPP___OB_E___P__	9	52
4|4|OO____B____PPEP_	7	52
4|4|O_P__O_P__EB_P__	6	52
4|4|OEB__PP____PO___	6	52
4|4|PEP___B____O_PO_	5	52
4|4|O__PEPOB____P___	5	52
4|4|OPP_E__B_____PO_	9	51
4|4|OPP____B_E___PO_	9	51
4|4|OPEP___O_P___B__	7	51
4|4|OEPP_P___O____B_	7	51
4|4|OP_B_O_P__E__P__	7	51
4|4|OEOP_P___P____B_	7	51
4|4|P_B___P_PE_O_O__	7	51
4|4|O_O_E_P____B_PP_	5	51
4|4|O_O___P__E_B_PP_	5	51
4|4|O__PEO_____P_PB_	5	51
4|4|O__P_O___E_P_PB_	5	51
4|4|OP_O_B_P__E___P_	7	50
4|4|P_B_EP_P_O___O__	6	50
4|4|OPEO__B_____PP__	6	50
4|4|OPB___EO_____PP_	6	50
4|4|OP_PE_B__P_____O	5	50
4|4|O_PPE_B__P_____O	4	50
4|4|OOP___P_____BE_P	8	49
4|4|OOP___P_____B_EP	8	49
4|4|OEPP_____OP___B_	6	49
4|4|OEOP_____PP___B_	6	49
4|4|OP_PEO_B_____P__	6	49
4|4|OP_P_O_B_E___P__	6	49
4|4|OO_____B___P_PEP	11	48
4|4|OE_P_O___P_P__B_	6	48
4|4|O_EP_O___P_P__B_	6	48
4|4|OP_OEBP______P__	6	48
4|4|OP_O_BP__E___P__	6	48
4|4|OPEO__B_P_____P_	5	48
4|4|O_B___EOP____P_P	5	48
4|4|PB____O____OPEP_	7	47
4|4|OEB___PO____P__P	7	47
4|4|OOP_E_B__P_____P	7	47
4|4|OE_P_____PO__BP_	6	47
4|4|O_EP_____PO__BP_	6	47
4|4|OEPB_O_______PP_	6	47
4|4|OE_B_P_____P_PO_	5	47
4|4|O_EB_P_____P_PO_	5	47
4|4|O_P___P____OBE_P	9	46
4|4|O_P___P____OB_EP	9	46
4|4|P_B__PE___OOP___	7	46
4|4|OP_PEB____P__O__	6	46
4|4|OP_P_B___EP__O__	6	46
4|4|O_O_E_PP___B_P__	6	46
4|4|O_O___PP_E_B_P__	6	46
4|4|O__P__E____B_OPP	6	46
4|4|OBP___P_____PE_O	5	46
4|4|OBP___P_____P_EO	5	46
4|4|PP_____OO____BEP	9	45
4|4|P_B_E__PP__O_O__	8	45
4|4|OP_____O_P_E_PB_	8	45
4|4|OPEP_______OPB__	6	45
4|4|O_PPEO_B_____P__	5	45
4|4|O_PP_O_B_E___P__	5	45
4|4|OP____P____BOEP_	10	44
4|4|PEO___P____B_OP_	6	44
4|4|OE_B_O_____P_PP_	5	44
4|4|O_EB_O_____P_PP_	5	44
4|4|P_B_E_PO_O___P__	6	43
4|4|OEP__O___P_PB___	6	43
4|4|OPB____O___E_PP_	5	43
4|4|OEB__P___O__P__P	7	42
4|4|OOEP_____P__P_B_	6	42
4|4|O__P__EO_BP___P_	5	42
4|4|O__P__E___PO_PB_	6	41
4|4|OP_P__B___EO_P__	5	41
4|4|OPEP__O_P_____B_	8	40
4|4|OPB_____O_EPP___	8	40
4|4|OE_P_O____PBP___	7	40
4|4|O_EP_O____PBP___	7	40
4|4|P_B____PPE_O_O__	7	40
4|4|P_P_E_OO___P_B__	7	40
4|4|P_P___OO_E_P_B__	7	40
4|4|O__P__E___PP_OB_	6	39
4|4|OEB___PO____PP__	6	39
4|4|P_P___OOPE___B__	6	39
4|4|OEB___PO_____PP_	5	39
4|4|OPP____O_____BEP	6	38
4|4|OEP___BOP_____P_	6	38
4|4|OOPPE____B___P__	6	38
4|4|P_O____PPE_B_O__	6	37
4|4|OEB___P____OP__P	5	37
4|4|OPP___B__E__P__O	6	36
4|4|OP_____O_B_E_PP_	5	36
4|4|OEO___P_P_____BP	7	35
4|4|OEPP_O_____PB___	7	35
4|4|OEO___PPP_____B_	7	35
4|4|_OB___POP_E___P_	5	35
4|4|P_B___P_PE_O__O_	6	34
4|4|OEO___P_P__P__B_	6	34
4|4|OOEP_____P___PB_	5	34
4|4|OP____B_P_EO_P__	5	34
4|4|P_O___EO___P_PB_	5	34
4|4|O_P_EBP____O_P__	5	34
4|4|O_P__BP__E_O_P__	5	34
4|4|POEP____B___PO__	7	33
4|4|OOP_E__B_P___P__	8	32
4|4|OOP_E__B___P_P__	7	32
4|4|OOP____B_E_P_P__	7	32
4|4|OEPP___O__B_P___	7	32
4|4|PEP___O_P__O__B_	6	32
4|4|OP_____O_P___BEP	8	31
4|4|OB_____P_O___PEP	7	31
4|4|P_O__O_BPE___P__	7	31
4|4|OPB____POE___P__	6	31
4|4|O__PEBP____O_P__	5	31
4|4|O__P_BP__E_O_P__	5	31
4|4|OB__E__PP__P_O__	6	30
4|4|O_P___OP__EB_P__	5	30
4|4|OP_B_EOP______P_	5	30
4|4|OP_B__OP__E___P_	5	30
4|4|O_P__O_BPE___P__	7	29
4|4|OP_B__OP__E__P__	6	29
4|4|PPO_E__B__O__P__	8	28
4|4|PPO____B_EO__P__	8	28
4|4|OOEP_P____B_P___	6	28
4|4|POO_E__B_P___P__	8	27
4|4|O__PE_OP_P___B__	5	27
4|4|OPP_E__B__O__P__	8	26
4|4|OPP____B_EO__P__	8	26
4|4|OPB____OPE___P__	7	26
4|4|PEO__P_P__B__O__	5	26
4|4|PBP____O__EOP___	7	25
4|4|OPB_E__O____PP__	7	24
4|4|OOP_E_P__B_____P	7	24
4|4|P_B___P_P_EO_O__	6	23
4|4|OEPB__OP____P___	5	23
4|4|OPEO__B_P___P___	6	22
4|4|OE_P_O___P___PB_	5	22
4|4|O_EP_O___P___PB_	5	22
4|4|OEB___POP_____P_	6	17
4|4|P____BEO___O_PP_	6	16