4|4|O_O______O_O_B__	6	431
4|4|O_O______O_O__B_	7	420
4|4|O_O________O_OB_	7	416
4|4|O_OB_______O_O__	5	370
4|4|O_O_______B_O__O	8	334
4|4|_OB____OO_____O_	8	309
4|4|O_O___B______O_O	6	294
4|4|O_O__B_____O_O__	7	271
4|4|O_O___B_____O__O	8	257
4|4|O_O_______BO_O__	6	236
4|4|O_O______OB____O	7	224
4|4|OO_O_______B__O_	7	217
4|4|O_O____O_____BO_	8	210
4|4|O_O_______BOO___	7	202
4|4|O__O_B____O__O__	7	193
4|4|O_O___O____B_O__	6	192
4|4|OO_O_B_______O__	7	190
4|4|OO_O_____B____O_	8	187
4|4|O_O___B____O_O__	6	187
4|4|O_O___B____OO___	10	184
4|4|O__O_O_______BO_	5	184
4|4|O__O_O___B____O_	7	177
4|4|OO_O______B_O___	9	174
4|4|_OB____OO____O__	9	169
4|4|_OB_O__O_____O__	8	167
4|4|O__O_B___O___O__	7	166
4|4|_OB_____O__O__O_	7	160
4|4|O_O____O___B_O__	8	156
4|4|O_O________O_BO_	7	155
4|4|_OB_O__O______O_	7	153
4|4|_O__B__O__O___O_	6	153
4|4|O__O_O____B_O___	7	145
4|4|O_O__B___O_____O	6	140
4|4|O____O_O_____BO_	6	137
4|4|_O__B__O_O____O_	5	136
4|4|_O__O_B____O_O__	7	134
4|4|OBO______O_____O	8	128
4|4|O_O___B__O_____O	6	126
4|4|O_O____O__B___O_	7	124
4|4|O____O_O___B_O__	7	123
4|4|O__B_O_O______O_	6	122
4|4|O_O__O_____B__O_	7	115
4|4|_O__O_O____B__O_	7	112
4|4|O__O_____OB___O_	6	112
4|4|O_O____O__B__O__	7	111
4|4|O____BO__O_____O	7	111
4|4|O__O_OB_______O_	6	111
4|4|O__O_O___B___O__	5	109
4|4|_O__B__O__O__O__	5	109
4|4|O_O____O___B__O_	6	108
4|4|O_O_______BO__O_	6	106
4|4|O__O_B____O_O___	6	106
4|4|O_O__B__O______O	7	105
4|4|O_O__B_____OO___	6	104
4|4|O_O__B_____O__O_	6	104
4|4|O_O___BO_____O__	6	104
4|4|_O__O__O__B__O__	6	99
4|4|O_O___B___O____O	6	97
4|4|_O___B_OO_____O_	5	96
4|4|O_____O____O_OB_	7	89
4|4|O____O_O__B__O__	6	88
4|4|O_O__B____O____O	6	87
4|4|OO____B____O_O__	7	85
4|4|O__O_O____B__O__	5	84
4|4|O_____OO___B_O__	6	81
4|4|O_____O____B_OO_	6	81
4|4|O__O_B___O____O_	6	80
4|4|O_B__O_____OO___	4	79
4|4|_O__O__O__B___O_	6	78
4|4|O_O___O___B____O	7	74
4|4|OOB____O______O_	6	74
4|4|O__O_B____O___O_	6	72
4|4|O_B___O__O_____O	4	72
4|4|O____BO____O_O__	7	71
4|4|O_O___O____B__O_	6	69
4|4|O____OB____O_O__	6	68
4|4|O_____BO___O_O__	6	68
4|4|_O__B____O_O_O__	6	67
4|4|O____BOO_____O__	6	57
4|4|O_____O__B_O_O__	5	52
4|4|O______O___O_OB_	6	48
4|4|O_____O___BO_O__	5	46
4|4|OOB_______O____O	5	38
4|4|O_____O___OB_O__	6	35
4|4|OOB________O__O_	5	34
4|4|O_____B___OO_O__	6	32
4|4|O_B__O___O_____O	4	28
4|4|O__B___O__O__O__	4	28
4|4|O__B__O___O__O__	4	15