4|4|OP_O_______BO_O_	8	4369
4|4|OP_B___O____O_O_	9	3522
4|4|OO_P_______BO_O_	8	3198
4|4|O_OP_______BO_O_	7	2882
4|4|P_O____OO____BO_	9	2812
4|4|O_O____OB___P_O_	11	2760
4|4|O_O____O____BO_P	12	2734
4|4|OO_O________BO_P	9	2682
4|4|O_OB____O____P_O	10	2619
4|4|OP_O____O__O__B_	11	2571
4|4|O_O________OBO_P	11	2490
4|4|O_OB___P____O_O_	7	2392
4|4|OO_O_______BO_P_	9	2310
4|4|OP_O____O____OB_	9	2284
4|4|OP_B_______OO_O_	11	2235
4|4|OP_B____O____O_O	13	2184
4|4|OBO____O____O_P_	8	2174
4|4|OO_P____B___O_O_	12	2152
4|4|O_O____O_O__B_P_	8	2138
4|4|OO_P____O__O_B__	9	2128
4|4|O_OP____O__O_B__	8	2102
4|4|OP_B____O__O_O__	9	2094
4|4|OPOB________O_O_	8	2086
4|4|OO_O________B_PO	10	2056
4|4|O_P____O_O___BO_	6	2040
4|4|OP_O__B_____O_O_	9	2016
4|4|O_O___B_O____O_P	8	2003
4|4|OO_O________BP_O	10	1997
4|4|OP_B___O_____O_O	9	1995
4|4|O_O____OP____BO_	7	1954
4|4|OO_O____B___P_O_	11	1950
4|4|OP_O_______OO_B_	9	1943
4|4|OP_O____O___B_O_	8	1939
4|4|OO_O____P__B_O__	9	1934
4|4|OB_P___O____O_O_	12	1910
4|4|O_O____O_O___B_P	8	1883
4|4|O_O_____B__OP_O_	10	1882
4|4|O_OB_______OO_P_	6	1845
4|4|O_O____PO__O__B_	10	1842
4|4|O_B__O_O____P_O_	10	1840
4|4|O_OB_______OP_O_	6	1832
4|4|O_O____OO____B_P	10	1823
4|4|O_O__O_____OP_B_	7	1807
4|4|OP_O_______OBO__	8	1804
4|4|OP_O_____O_O__B_	10	1799
4|4|OP_O____O__B__O_	7	1797
4|4|OO_O____B___O_P_	11	1795
4|4|OO_P_____O_O_B__	7	1789
4|4|OO_P______B_O__O	8	1779
4|4|O_OB_______PO_O_	10	1770
4|4|O_O____O___BO_P_	8	1758
4|4|O_OB____O____O_P	10	1749
4|4|OO_O________P_BO	11	1722
4|4|OP_B___OO_____O_	11	1717
4|4|OBO_____P____O_O	8	1707
4|4|O_O____OP___B_O_	9	1696
4|4|OOP________BO_O_	9	1688
4|4|O_OB____O___P_O_	10	1683
4|4|OP_O____O__B_O__	7	1680
4|4|O_O___O_____BO_P	10	1677
4|4|O_OB_____O___P_O	8	1659
4|4|O_O____PO_O___B_	9	1651
4|4|O_OP_______OBO__	8	1646
4|4|O_O___BO____O_P_	7	1645
4|4|O_O____OO____BP_	9	1643
4|4|O_O___B_O____P_O	8	1638
4|4|OP_O_____B___O_O	7	1631
4|4|O_OB___PO_____O_	9	1622
4|4|_OB____OO__P__O_	8	1607
4|4|OO_P_____O_O__B_	7	1601
4|4|OBO_____P__O_O__	8	1598
4|4|O_OB_____P__O_O_	7	1598
4|4|O_O____P_O___OB_	8	1588
4|4|OB____O_P____O_O	8	1584
4|4|OP_B___O____O__O	11	1578
4|4|OO_O_____O__B_P_	10	1558
4|4|OO_P_______OBO__	8	1539
4|4|O_O___BO____P_O_	7	1539
4|4|O_O____O_P___BO_	9	1527
4|4|O_O____P_O__B_O_	8	1526
4|4|OBO________OO_P_	8	1525
4|4|O_O____O____BOP_	11	1523
4|4|OO_O___P_____OB_	8	1514
4|4|OB___O_O____O_P_	11	1508
4|4|OBO____O____P_O_	8	1503
4|4|OP_B___O_O____O_	10	1500
4|4|_OB__P_OO_____O_	10	1499
4|4|OP_O_____O_B__O_	7	1498
4|4|O_OB___O_O____P_	6	1495
4|4|O_PB___O_O____O_	9	1490
4|4|OP_O______B_O__O	8	1485
4|4|O_OB___O_P____O_	6	1478
4|4|OP_O____B__O_O__	9	1467
4|4|OO_P__B_____O_O_	8	1467
4|4|OB_____O____OP_O	13	1461
4|4|OB_____O____O_PO	12	1461
4|4|O_O___BOP_____O_	9	1458
4|4|_OB____OO_P___O_	9	1457
4|4|OO_O________POB_	9	1453
4|4|OP_O_____O__B_O_	8	1451
4|4|OO_P____B__O_O__	10	1447
4|4|O_OB______P_O__O	9	1436
4|4|O_OP____B__O_O__	9	1436
4|4|OO_O________BOP_	9	1435
4|4|O_O____O__B_P_O_	7	1435
4|4|O_O______O_OB_P_	9	1399
4|4|OO_OP______B_O__	8	1398
4|4|O_O______O_OB__P	9	1395
4|4|OO_P_____B___O_O	7	1392
4|4|OO_O______O_P_B_	9	1388
4|4|OO_P___O_____BO_	8	1388
4|4|O_O____P_O__O_B_	8	1385
4|4|OO_O___P____O_B_	9	1379
4|4|O_P____O____BOO_	9	1372
4|4|O_O__O_P____O_B_	8	1370
4|4|_OB____OOP____O_	8	1368
4|4|O_OB_P______O_O_	6	1351
4|4|O_O__B_____O_O_P	7	1347
4|4|OBP____O____O_O_	11	1342
4|4|OO_O____P__O_B__	7	1338
4|4|O_O__O_____BP_O_	7	1338
4|4|O_OP__B_____O_O_	7	1337
4|4|O_OB____P__O__O_	9	1333
4|4|OP_O______O_O_B_	9	1329
4|4|O_O_____P_OO__B_	7	1326
4|4|OO_O____P____OB_	8	1318
4|4|OP_B__O______O_O	8	1318
4|4|O_O___B____OO__P	8	1309
4|4|O_O______O__BP_O	8	1305
4|4|OBO____O_____O_P	9	1304
4|4|O_O__P_____BO_O_	9	1304
4|4|_OB__O_PO_____O_	7	1294
4|4|O_O_____P__O_BO_	6	1291
4|4|O_O___B____OP_O_	7	1288
4|4|OB_P_______OO_O_	11	1285
4|4|O_OB_____O__P_O_	7	1283
4|4|O_O___B____OO_P_	7	1278
4|4|O_OB___P_O____O_	7	1273
4|4|OO_O_____P_B_O__	9	1267
4|4|O_P______O_OBO__	8	1261
4|4|O_O____O_O___BP_	7	1260
4|4|OP_B___OO____O__	8	1257
4|4|OP_O______OBO___	8	1254
4|4|O_O____O____PBO_	7	1252
4|4|OOPO________B_O_	11	1247
4|4|OO_OP______O_B__	10	1241
4|4|OO_O___P_O____B_	9	1241
4|4|OO_O_____O_P_B__	6	1240
4|4|O_OB_____O__O_P_	7	1236
4|4|O_O_____PO_O_B__	6	1235
4|4|OO_O_B_______P_O	7	1232
4|4|OO_O_______PBO__	8	1231
4|4|OB___O_O____P_O_	7	1231
4|4|OP_O_______B_OO_	7	1230
4|4|O_O____O__B_O_P_	8	1225
4|4|O__P_____O_O_OB_	7	1225
4|4|OB_____O__P_O_O_	11	1223
4|4|OB___P_O____O_O_	10	1223
4|4|OP_B___O_____OO_	8	1214
4|4|O_OB______P_O_O_	8	1211
4|4|OO_O____O____B_P	7	1211
4|4|O__O_O______BO_P	9	1208
4|4|OB_O____P__O_O__	10	1203
4|4|OO_O___O____P_B_	11	1202
4|4|OP_O_____B__O_O_	6	1201
4|4|OPO________BO_O_	11	1200
4|4|OO_O_____P_O__B_	7	1200
4|4|_OB____OP_O___O_	7	1199
4|4|OBO____P_____O_O	8	1197
4|4|_OB__O_OO_____P_	7	1192
4|4|OO_OP________BO_	7	1191
4|4|OPOB_________O_O	7	1182
4|4|OO_O_B_______O_P	7	1181
4|4|O_P____O_O_B__O_	6	1180
4|4|O_P______O_O_BO_	5	1180
4|4|O_O___B_P__O__O_	8	1172
4|4|OO_____OO___B_P_	10	1169
4|4|O_O___O_B____P_O	9	1164
4|4|OB___O_P____O_O_	7	1160
4|4|O_O__P_____OO_B_	7	1156
4|4|O_O___BO____O__P	8	1144
4|4|O_O_____P_OO_B__	6	1143
4|4|OBO____O_____P_O	8	1141
4|4|O_PB___O_____OO_	8	1141
4|4|OP_O__B_____O__O	9	1138
4|4|_OB____OO_O___P_	7	1138
4|4|O_O______P_O_OB_	6	1136
4|4|O_OP____O____OB_	10	1135
4|4|OO_P____O____OB_	9	1135
4|4|OO_P_______B_OO_	7	1134
4|4|OPOB________O__O	10	1131
4|4|P_O____OBO____O_	10	1131
4|4|OO_O_____B___P_O	8	1125
4|4|OO_O_______BP__O	8	1125
4|4|O_O________OBOP_	10	1124
4|4|O_O____O_O__P_B_	8	1123
4|4|OO_P_B_______O_O	7	1116
4|4|O_O____O_P_B_O__	7	1115
4|4|OP_B_____O___O_O	11	1114
4|4|OO_OP________OB_	8	1111
4|4|OOPB________O_O_	9	1110
4|4|O_OB__P______O_O	8	1109
4|4|O_O____O_____BOP	8	1106
4|4|O_O___O_____BP_O	10	1104
4|4|O_OB_O______P_O_	6	1104
4|4|OO_O____O_P_B___	8	1098
4|4|OP_B_____O__O_O_	11	1096
4|4|OO_O____O__P_B__	7	1093
4|4|_OB____OO____OP_	8	1090
4|4|O_O__P_O___BO___	9	1088
4|4|OPO________OO_B_	9	1087
4|4|OBO____O_O____P_	7	1087
4|4|OO_O______P_OB__	8	1086
4|4|OB___O_O____P__O	10	1085
4|4|O_O____P__O_O_B_	8	1085
4|4|O_O___O____BO_P_	7	1083
4|4|O_O__O_O____P_B_	7	1080
4|4|O_O____O_P_BO___	8	1079
4|4|OB_P____O____O_O	11	1078
4|4|OO_O_____P___BO_	8	1078
4|4|P_O____OO__B_O__	8	1077
4|4|O_OB_____O___O_P	7	1077
4|4|OO_O__P_____OB__	8	1076
4|4|OOB_____O____O_P	8	1075
4|4|_OB____OO__P_O__	9	1074
4|4|OO_P____O__B_O__	7	1072
4|4|P_O____O_O_O_B__	9	1071
4|4|O_OB_O______O_P_	6	1071
4|4|P_O____O_O_O__B_	6	1071
4|4|OP_B____O__O__O_	10	1068
4|4|OB____O_____OP_O	12	1065
4|4|OB____O_____O_PO	11	1062
4|4|OP_B______O_O__O	10	1059
4|4|OO_O____B__O_P__	9	1059
4|4|OP_B_O______O_O_	8	1052
4|4|O_OB_____P_OO___	8	1052
4|4|OO_P_____O_OB___	8	1049
4|4|OP_O_____O_B_O__	7	1048
4|4|O_O______P_OO_B_	6	1046
4|4|POB____OO____O__	9	1045
4|4|P_O____O_OB___O_	6	1045
4|4|O_OB______P__O_O	7	1043
4|4|OO_O_____P_O_B__	9	1039
4|4|O_O____O___OP_B_	7	1037
4|4|O_OB_____P__O__O	8	1035
4|4|O_OP_____O_OB___	8	1032
4|4|OBO________P_O_O	7	1031
4|4|OB_P_____O___O_O	10	1029
4|4|OB_O_O______O_P_	8	1026
4|4|O_O______O_P_BO_	5	1026
4|4|P_O____OO_O__B__	10	1022
4|4|OB_P____O__O_O__	10	1017
4|4|OB_P___O_O____O_	8	1017
4|4|O_PB______O_O__O	9	1014
4|4|OP_B__O_____O_O_	8	1013
4|4|OO_P____B__OO___	13	1012
4|4|OBOP_________O_O	8	1011
4|4|O_OB____O___P__O	10	1010
4|4|O_P____O_B___OO_	7	1010
4|4|O_O____B_O___P_O	9	1009
4|4|OB_O____P____O_O	8	1004
4|4|OOB________P_O_O	8	1003
4|4|_OO_B__PO_____O_	7	1002
4|4|O_O____OBO____P_	9	1001
4|4|O_O____B_O__P__O	9	1001
4|4|OBP________OO_O_	10	999
4|4|OP_B_____O_O_O__	9	998
4|4|O_PB_____O_O_O__	8	998
4|4|OBO________O_O_P	7	997
4|4|O_OB_____O__P__O	8	995
4|4|O_O___O__O___B_P	6	994
4|4|OBO________OP_O_	7	992
4|4|POO____O_____BO_	9	991
4|4|O_P______OB_O__O	7	990
4|4|O_O____O____POB_	8	985
4|4|O_O______O_BO_P_	8	985
4|4|P_O__O_O_____BO_	8	983
4|4|O_O_____PO_OB___	8	981
4|4|O__O_B____O__O_P	7	981
4|4|OB___O_O____O__P	10	980
4|4|O_O__P_O____O_B_	7	979
4|4|P_O____O_B___OO_	7	976
4|4|OB____O_P___O__O	12	975
4|4|OP_O_____O___OB_	8	974
4|4|O_O__O_____BO_P_	8	968
4|4|O_O__O_B____P__O	8	965
4|4|O_O____O__O_P_B_	8	963
4|4|O_O_____P_OOB___	8	961
4|4|O_P__O____B_O__O	7	961
4|4|O_OB_P_____OO___	7	959
4|4|OP_O__O_____BO__	8	956
4|4|OBO____OP____O__	8	954
4|4|OBO________OO__P	8	953
4|4|O_O______O_P_OB_	7	953
4|4|OO_O_____O_PB___	9	952
4|4|O_P________OBOO_	8	950
4|4|O_P____O_O_O__B_	6	948
4|4|OB_P_____O_O_O__	10	947
4|4|P_O____OO_O___B_	7	947
4|4|OO_O_P______B_O_	9	945
4|4|O_O______O_PB_O_	7	942
4|4|OO_O_____P__B_O_	10	941
4|4|O_OP___O_B____O_	7	941
4|4|OB__P_O______O_O	7	938
4|4|O_OB_P______O__O	7	938
4|4|OB_O________O_PO	9	935
4|4|O_OP____O_O___B_	9	933
4|4|O_O______P_O_BO_	8	933
4|4|O_OP_B_____O_O__	7	931
4|4|OP_O______O_BO__	7	930
4|4|O_P____O_O_O_B__	7	930
4|4|OOOO________B_P_	10	929
4|4|OO_P_B_____O_O__	7	929
4|4|OO_O_____O_P__B_	8	928
4|4|OO_P____O_O___B_	8	928
4|4|O_P____O__OBO___	8	928
4|4|OO_O______P_O_B_	9	926
4|4|_OO_____O__P_OB_	7	925
4|4|OO_P___O_B____O_	7	923
4|4|OP_B______O_O_O_	7	922
4|4|P_O____O_O___OB_	6	921
4|4|P_O___B_O__O__O_	7	919
4|4|_OO_____O__P_BO_	7	919
4|4|OP_B___O__O_O___	9	918
4|4|O_O____O_O__B__P	8	918
4|4|O__O_B___O___O_P	7	916
4|4|O_O__O_B____O_P_	10	915
4|4|O_O____B_O__O_P_	10	915
4|4|OO_O____P__O__B_	9	915
4|4|O_OB_O______P__O	7	915
4|4|OP_O__O____B_O__	7	912
4|4|_OB____POO____O_	7	911
4|4|O_O__O_B____P_O_	12	910
4|4|O_O____B_O__P_O_	11	910
4|4|O__O_B______POO_	8	909
4|4|OO_P_____OB____O	7	909
4|4|OO_P______OBO___	11	904
4|4|OP_O__B_O_____O_	10	904
4|4|POO____O_B____O_	8	904
4|4|OP_O__B____OO___	9	903
4|4|O_OP______OBO___	10	902
4|4|O_O__O_P_____OB_	8	902
4|4|O_O____B_O_OP___	9	901
4|4|OB_O_P______O_O_	8	901
4|4|OO_O______O_B_P_	10	898
4|4|OO_OB_____P_O___	7	898
4|4|OBOP________O__O	11	897
4|4|O_O__O_B___OP___	8	897
4|4|OO_O_O______B_P_	9	896
4|4|O_O______O_PO_B_	7	896
4|4|OO_P___O____OB__	9	893
4|4|OO_O_P______O_B_	8	893
4|4|OBO________PO__O	8	893
4|4|O_PB___O__O_O___	8	893
4|4|OO_O____P_O___B_	8	892
4|4|OO____B_____O_OP	10	891
4|4|O_O__P_O____BO__	11	890
4|4|OP_O_B_______O_O	8	890
4|4|O_O____O_P__BO__	10	889
4|4|OP_B___O_O_____O	10	887
4|4|OO_O__P_____BO__	8	884
4|4|_OB_O__O_____OP_	7	884
4|4|O_O__P_____OBO__	10	883
4|4|O_OB_____P_O__O_	7	883
4|4|O_O______P_OBO__	9	881
4|4|OO_P__O_____BO__	8	879
4|4|O_P____O_O_BO___	8	879
4|4|OBO_P______O_O__	7	879
4|4|OP_B___O_O___O__	9	877
4|4|O_PB___O_O___O__	8	877
4|4|OO_O______P_BO__	7	876
4|4|OBO_____P__OO___	7	876
4|4|OO_O______P_B_O_	8	875
4|4|OB_P____O_O____O	10	873
4|4|OO_O____P_O_B___	9	873
4|4|OB_O________OP_O	8	873
4|4|O_O______OB_P__O	7	872
4|4|OO_P______BOO___	7	871
4|4|OOP_________BO_O	9	870
4|4|OO____B_O____O_P	9	870
4|4|OOB_____O__P_O__	8	869
4|4|P_O___BOO_____O_	7	868
4|4|O_O__O_____PO_B_	7	867
4|4|OB_P_O______O__O	10	866
4|4|OO_O_____B_P__O_	8	865
4|4|O_OB_O_____OP___	7	865
4|4|P_O____O_O_B_O__	6	865
4|4|OP_B___O___O_O__	8	864
4|4|_OP____OOB____O_	8	864
4|4|OP_O__O______OB_	8	863
4|4|O_O__O____B_P__O	7	863
4|4|OBO____O_P____O_	6	862
4|4|O_O___P____BO_O_	8	861
4|4|OO_P______O_BO__	7	858
4|4|O_O___BOO_____P_	7	858
4|4|OO_O_______BO__P	8	855
4|4|_OO_O__P_____OB_	8	854
4|4|O_O____OP____OB_	8	853
4|4|O_O____OP_O___B_	7	853
4|4|OB_P______O_O__O	12	849
4|4|O_OP__O_____BO__	8	849
4|4|OO_O_____P___OB_	7	849
4|4|OP_O______BOO___	7	849
4|4|OB_____O__P_O__O	12	848
4|4|O_P____O_OB___O_	6	848
4|4|O_O____O__B_O__P	8	844
4|4|OO_____OP____BO_	7	843
4|4|OBOP_______OO___	9	842
4|4|OB___O_OO_____P_	8	842
4|4|OB___P_O____O__O	11	841
4|4|O_P__O_B___OO___	8	841
4|4|OO_OB_______OP__	7	841
4|4|O_O____OP_O__B__	10	838
4|4|O_O___BO_P____O_	7	837
4|4|O_O___P__O___B_O	9	832
4|4|OPO_____O__B__O_	9	830
4|4|O_O____P_B___OO_	9	829
4|4|OO_O____O__B__P_	7	828
4|4|O_O___OP_____OB_	9	827
4|4|OB_P_O_____OO___	8	827
4|4|O_P___O___B_O__O	7	827
4|4|O_P____B_O_OO___	8	824
4|4|O_O____O_P_O__B_	6	824
4|4|O_OP__O______OB_	8	822
4|4|_OB____OP_O__O__	8	821
4|4|OO_P__O______OB_	7	820
4|4|OBO__O______P__O	8	819
4|4|O_O__O_____OPB__	7	819
4|4|OO_____O____BO_P	11	818
4|4|OOPO_____B____O_	8	818
4|4|OB_O______P_O__O	12	816
4|4|OO_O___O_____B_P	10	816
4|4|O_O____B_O_O_P__	9	816
4|4|O_PB___O___O_O__	7	816
4|4|OO_O_________PBO	10	815
4|4|O_O__O_O___BP___	7	815
4|4|O_P____O___OBO__	11	812
4|4|O_OP______O_BO__	7	811
4|4|OO_O_B_____O_P__	7	810
4|4|OOOO________P_B_	10	809
4|4|O_O___B_O__P__O_	8	809
4|4|O_O____B_O_O___P	9	808
4|4|OO_O____B__OP___	12	805
4|4|OOO________BO_P_	9	805
4|4|_OB_O__O___P_O__	8	805
4|4|O_B__O_O____O_P_	5	804
4|4|OBO______P___O_O	8	803
4|4|PBO____O_O____O_	7	803
4|4|P_O____OO__O__B_	6	801
4|4|P_O____O___O_BO_	9	800
4|4|OBO_______P_O__O	10	799
4|4|OO_P__B_O_____O_	8	799
4|4|OB_O______P_O_O_	7	798
4|4|O_O_______POO_B_	8	796
4|4|OB_P__O______O_O	8	795
4|4|OP_O_B_____O_O__	8	793
4|4|OB_OP______O_O__	9	792
4|4|OOB____O_____O_P	7	792
4|4|O_O___B_O__O__P_	7	792
4|4|O_B____O_O___O_P	9	789
4|4|O_OP_______B_OO_	6	789
4|4|OO_____PO____OB_	8	787
4|4|OO_O_____O_B__P_	7	786
4|4|O__O_P______BOO_	8	785
4|4|OO_B__O______P_O	8	781
4|4|OO_O___O_____BP_	9	780
4|4|_OB_P__OO____O__	10	778
4|4|OO_O_____O__P_B_	9	778
4|4|P_O____O___B_OO_	8	778
4|4|O_O__OB_____P__O	6	777
4|4|OO_OB______PO___	7	775
4|4|O_OP____O__B_O__	6	775
4|4|OO_PO______B_O__	8	774
4|4|P_O____O__O__BO_	8	773
4|4|O_O___O____OP_B_	9	770
4|4|_OB_O__OP____O__	8	769
4|4|OP_O__B______O_O	7	768
4|4|O_O______OB_O__P	7	768
4|4|OO_PB______OO___	7	767
4|4|O_O____O___BO__P	7	763
4|4|_OO_P______O_OB_	6	763
4|4|OOP____O_B____O_	8	762
4|4|O_O____O_P___OB_	6	762
4|4|OO_P_B__O____O__	7	760
4|4|OO____O_____BO_P	10	759
4|4|OB_P_O_______O_O	8	759
4|4|O_P____O___B_OO_	7	759
4|4|O__O_O______BOP_	8	757
4|4|O_O__O____B_O__P	7	757
4|4|P_O_____BO_O_O__	8	756
4|4|OB_O____P_O____O	10	755
4|4|OBP_____O__O_O__	9	755
4|4|O_O___O______OBP	9	755
4|4|PBO_____O__O_O__	9	755
4|4|OO_PO________OB_	8	755
4|4|OOO___B_____O__P	9	754
4|4|OO____B_O__O_P__	8	754
4|4|O_O___O_O____B_P	7	754
4|4|OO_OO______B_P__	8	753
4|4|OP_B_____O__O__O	12	752
4|4|OO_B________OP_O	9	752
4|4|OO_P_______O_BO_	7	751
4|4|OBP____O_O____O_	7	751
4|4|O_O_____BO_O_P__	7	751
4|4|_OB___OPO_____O_	7	751
4|4|O_PB_____O__O__O	11	750
4|4|O_O__O_B___PO___	8	749
4|4|OB_P______O__O_O	7	749
4|4|OP_B_O______O__O	11	746
4|4|O_B____O_O__P_O_	10	745
4|4|OP_B____O____OO_	12	744
4|4|O_O____B_O_PO___	8	744
4|4|OO____BO____P_O_	9	743
4|4|OP_O_O_____B__O_	8	743
4|4|PO_____OOB____O_	8	743
4|4|O_PB_O______O__O	10	742
4|4|O__P___O_O_O_B__	8	741
4|4|OBO______P_O_O__	8	740
4|4|OP_O__B__O____O_	8	740
4|4|_OB___O_O__O_P__	6	739
4|4|O_P___BO_O____O_	7	738
4|4|OB__P_O_____O__O	11	736
4|4|P_O____O_BO___O_	7	736
4|4|O_OB_______O_PO_	9	735
4|4|OO_P__O____B_O__	7	735
4|4|OP_O______OB__O_	7	735
4|4|O_P____B_O_O_O__	9	734
4|4|OO_O_O______P_B_	8	731
4|4|OB_P_____O_OO___	8	731
4|4|O_P____O_O___OB_	6	730
4|4|O_OB______POO___	9	728
4|4|OOO___B______O_P	8	727
4|4|OOPO_______B__O_	8	727
4|4|O_O____P__O__OB_	8	727
4|4|OO_P______OB_O__	7	727
4|4|O_O____O_____OBP	10	726
4|4|O_OP___O__B_O___	9	726
4|4|OB___P_OO_____O_	8	726
4|4|O__P_B___O_O_O__	7	726
4|4|OOO_________BO_P	8	725
4|4|O_OP_B__O____O__	7	725
4|4|OP_O______O_B_O_	9	721
4|4|OO_O_____P__O_B_	7	719
4|4|O__P___O_O_O__B_	7	718
4|4|O_O____O_O_B__P_	6	718
4|4|O_O______O_OBP__	8	715
4|4|OBO______O_P_O__	7	714
4|4|OB___O_OP_____O_	6	714
4|4|O_O____O_B___O_P	6	714
4|4|OP_O__B___O_O___	8	712
4|4|O_O___O___B_O__P	7	712
4|4|_OB___O_P__O_O__	6	712
4|4|OO_O_B__O____P__	7	710
4|4|O__O_O______POB_	8	709
4|4|OBO______O___P_O	6	709
4|4|O_OB__P_____O_O_	9	708
4|4|OB_P_____O_O__O_	7	708
4|4|OBO______O___O_P	6	707
4|4|O__P___O_OB___O_	7	706
4|4|OB_O__O_P____O__	7	705
4|4|O_O___O___B_P__O	7	705
4|4|O_P__OB_____O__O	7	705
4|4|O_P___B___O_O__O	7	705
4|4|O_O____O_P__O_B_	6	705
4|4|_OB___OOP____O__	7	703
4|4|O_O____P_O___B_O	6	703
4|4|OBO______O_P___O	8	702
4|4|O_O_______OBO_P_	8	701
4|4|O_O___O__B___P_O	6	700
4|4|OB_P_____O__O_O_	7	699
4|4|OP_O_O______B_O_	8	697
4|4|_OB__O_OP____O__	7	697
4|4|_OB__P_OO____O__	11	696
4|4|_OB___POO____O__	10	696
4|4|_OB____OO_P__O__	9	696
4|4|OB_O____P_O__O__	7	694
4|4|OP_O_____B___OO_	6	694
4|4|O_O___O____B_O_P	6	694
4|4|_OB___OOO____P__	7	693
4|4|OP_B_____O_O__O_	10	692
4|4|O_PB_____O_O__O_	9	692
4|4|OBO_____O__O_P__	6	692
4|4|OOO____P_____OB_	8	691
4|4|OB_P__O_____O__O	11	690
4|4|PO_____O_B___OO_	8	690
4|4|O_O______OB__P_O	7	690
4|4|OBO_____O__P_O__	6	690
4|4|O_O__OB____OP___	6	690
4|4|O_O____P_OO___B_	8	689
4|4|_OB_P__OO_____O_	8	689
4|4|O_OB_O_______P_O	7	689
4|4|_OB__O_OO____P__	7	689
4|4|O_P__OB____OO___	7	688
4|4|O_O__PB_____O__O	9	687
4|4|O_O___B__P__O__O	8	687
4|4|O_O____O___P_OB_	9	685
4|4|PO_____OOB___O__	10	681
4|4|OO_P____B_O_O___	12	680
4|4|OO_B________O_PO	8	680
4|4|O_O____OP__O__B_	8	679
4|4|OOB___P______O_O	8	677
4|4|O__O_B___O__P__O	8	677
4|4|P_O___O_O__O_B__	8	677
4|4|O_P______O_B_OO_	7	677
4|4|OB____P_O____O_O	6	677
4|4|OB___O_O_____O_P	7	675
4|4|OO_____OO____B_P	9	673
4|4|O_P__O_O__B_O___	7	673
4|4|_OB_____OO_P__O_	7	673
4|4|O_O__O__B__OP___	10	672
4|4|O_O_____BO_OP___	9	672
4|4|OO_O_______B_OP_	8	672
4|4|OB____O_P__O_O__	9	671
4|4|_OO_____O__O_BP_	8	669
4|4|OBO_____P___O__O	8	668
4|4|O_P___B__O__O__O	7	667
4|4|OB_O____P___O_O_	8	666
4|4|OP_B______O__O_O	7	666
4|4|OB___O_OP____O__	8	665
4|4|OBOP_______O_O__	8	664
4|4|OBO_______POO___	11	663
4|4|OBO__P_____OO___	10	663
4|4|OBO______P_OO___	9	663
4|4|OBO____O____O__P	8	663
4|4|OOB_O________O_P	7	662
4|4|OB____O_O____P_O	6	662
4|4|OPO____O____O_B_	9	660
4|4|_OB____PO_O__O__	8	660
4|4|O_O____O_PB___O_	7	660
4|4|OOB____PO_____O_	7	659
4|4|O_O_______O_BO_P	9	658
4|4|O_O__O_P_____BO_	7	658
4|4|POO________O_BO_	8	657
4|4|O_P____O_BO___O_	7	657
4|4|O__O_O___B__P_O_	6	657
4|4|OO_O_______O_B_P	8	656
4|4|OO_PB_____O____O	7	656
4|4|OB_____OO_P___O_	7	656
4|4|OPB____O____O_O_	9	655
4|4|OB_O_____P_O_O__	8	655
4|4|OB___O_P_____O_O	7	655
4|4|O_O___B_O__P_O__	7	655
4|4|O_P___B__O_OO___	7	655
4|4|OO__P__O_____BO_	10	654
4|4|O_O__O______BP_O	7	654
4|4|OBO____P____O__O	8	653
4|4|OB_P__O_____O_O_	8	652
4|4|OO_O___O_B____P_	7	652
4|4|_OB____OOO____P_	7	652
4|4|OO_O__B__P____O_	7	651
4|4|OO_O__O____B_P__	7	650
4|4|O_O___O____BO__P	7	649
4|4|P_O___O____O_OB_	6	649
4|4|OBO___O_____P__O	11	648
4|4|OOPO________O_B_	8	648
4|4|OO_O____P_B_O___	8	648
4|4|O_O___BO____P__O	7	647
4|4|O_O____O___B_O_P	6	645
4|4|OO_B______P_O_O_	7	644
4|4|_OO_B___O__P__O_	6	644
4|4|OB___O_O_____P_O	7	643
4|4|_OB__O_PO____O__	7	643
4|4|OB____O_O____O_P	6	643
4|4|O_P___O__O_B__O_	6	643
4|4|OB_____OP__O__O_	9	642
4|4|OB_O_____O_O_P__	8	642
4|4|O_OB_________OOP	8	641
4|4|OO______P__BO_O_	9	639
4|4|OO_____OO____BP_	8	637
4|4|OP_B_______O_OO_	10	634
4|4|O_PB_______O_OO_	9	634
4|4|OPOB___O______O_	8	634
4|4|_OB__O__O__P__O_	7	634
4|4|O_O____O_B__P_O_	6	634
4|4|OO_________BO_PO	11	633
4|4|OO_O______OB_P__	7	633
4|4|O_O___BO_____PO_	7	633
4|4|O_O__B___O___P_O	6	633
4|4|POB_O__O_____O__	8	632
4|4|O_P____O_OB_O___	7	632
4|4|OOO____P_B____O_	8	631
4|4|O_O____B_O_P_O__	9	630
4|4|OO_P___O__B_O___	8	628
4|4|OO_________BOP_O	10	626
4|4|OB_O____O_P____O	10	626
4|4|OB_O______P__O_O	7	626
4|4|O_P__O_O____BO__	9	625
4|4|O_OB___P_O___O__	6	624
4|4|OP_____O__B_O__O	9	623
4|4|OO_OB______OP___	7	623
4|4|O_O__BP______O_O	7	623
4|4|O_O__O_B____O__P	10	622
4|4|O_O____B_O__O__P	10	622
4|4|OO_P___O___B_O__	7	622
4|4|POB_____O__O_O__	8	621
4|4|OO_P_____O_B_O__	7	621
4|4|P_O____O___O_OB_	5	620
4|4|O_O____OP___BO__	9	619
4|4|P_O____OO_B__O__	7	618
4|4|OO_P__O__B___O__	6	618
4|4|OO_P__B__O____O_	8	617
4|4|O_O____P___OBO__	11	616
4|4|OBO____O_P___O__	9	616
4|4|O_OP__B_O_____O_	8	616
4|4|OB_P__O_O____O__	7	616
4|4|O_OP______OB_O__	6	616
4|4|O_O__OB______P_O	6	616
4|4|P_O____O_B_O__O_	7	615
4|4|OBO___P______O_O	6	615
4|4|OO____BO____O_P_	9	613
4|4|OO_O___O_P____B_	7	611
4|4|OO_____OP__B_O__	11	610
4|4|O_O__PB____OO___	8	610
4|4|OO_P_O____B_O___	7	610
4|4|O_OP__O____B_O__	6	610
4|4|O_O___P__O_O_B__	8	609
4|4|O_OB_______P_OO_	9	608
4|4|OOO_____O____B_P	9	607
4|4|OOOB____P_____O_	8	607
4|4|O_O___BOO____P__	8	607
4|4|OP_O_____O__O_B_	10	606
4|4|O_O___B__P_O__O_	7	606
4|4|OO_PB______O_O__	6	606
4|4|OO____B____OP_O_	8	605
4|4|O_O___B__P_OO___	7	605
4|4|OPOB___O____O___	12	604
4|4|OO_P___O___BO___	8	604
4|4|O_O____O__P_O_B_	8	604
4|4|O_OP_____B___OO_	6	604
4|4|OBO__P______O__O	9	603
4|4|OBO______P__O__O	8	603
4|4|O_O___O_O__B_P__	5	603
4|4|OOPB_________O_O	9	602
4|4|O_O__P____B_O__O	9	601
4|4|P_O_____BO_O__O_	9	601
4|4|O_O____O_O_PB___	8	601
4|4|OOO____P_O____B_	8	600
4|4|OBO_P__O_____O__	7	600
4|4|OBO___O______O_P	6	600
4|4|O_O______PB_O__O	8	599
4|4|OOO___B______P_O	8	598
4|4|O_P______B_O_OO_	6	598
4|4|OO_O____BO____P_	10	597
4|4|O_O__O_P_O____B_	8	597
4|4|O_O___O__O__B__P	8	597
4|4|O_OP____OB____O_	6	597
4|4|O__O_O____B_P_O_	6	597
4|4|OOOB____O_____P_	8	596
4|4|OO_P_____OB_O___	7	596
4|4|OB___OO_____P__O	9	595
4|4|O_O__O_O_____B_P	9	595
4|4|_OB___O_O__P__O_	7	595
4|4|O__O_O______PBO_	5	595
4|4|P_O__O_____O_BO_	8	594
4|4|OP____O_____BO_O	7	594
4|4|O_O_____P_O_B__O	7	594
4|4|O_P___O____OBO__	10	593
4|4|OOB____O_P___O__	9	593
4|4|O_O____O__O__B_P	9	593
4|4|OP_O_B__O____O__	8	593
4|4|_OB___OOO_____P_	7	593
4|4|O_OP_____O_B_O__	6	592
4|4|OO_____O____B_PO	12	591
4|4|OO_____O____BP_O	11	591
4|4|O_OB____PO____O_	9	591
4|4|O_O____P_O_OB___	9	591
4|4|O_OB_O__P_____O_	8	591
4|4|OO_O____P_B____O	8	590
4|4|OO____P_____BO_O	7	590
4|4|O_OB___P_O_____O	7	590
4|4|O_OB____P_O___O_	7	590
4|4|_OB___OPO____O__	7	590
4|4|OO_O______P_B__O	8	589
4|4|O_O_____BO_O__P_	8	588
4|4|O_O_____P__B_OO_	8	588
4|4|OP_O_____OB____O	7	588
4|4|O_O__O_O__B_P___	7	588
4|4|O__P_O_O___B_O__	7	588
4|4|OBO__O_____OP___	6	588
4|4|OO____BO_____P_O	9	586
4|4|OBO______O_PO___	6	586
4|4|OOO_________B_PO	9	585
4|4|OB_P_____O__O__O	10	584
4|4|O_O___P____OBO__	10	584
4|4|OP_O_O______O_B_	9	584
4|4|OO_P____OB____O_	6	584
4|4|O_P__O____BOO___	6	584
4|4|O_O____O_O_B_P__	5	584
4|4|OP_B_O_O____O___	11	583
4|4|O_PB_O_O____O___	10	583
4|4|OOO_________BP_O	9	583
4|4|OP____BO____O_O_	9	583
4|4|O_B__O_O____PO__	9	583
4|4|OP_B___O_O__O___	11	582
4|4|O_PB___O_O__O___	10	582
4|4|OO____BO_____O_P	8	581
4|4|O__P_O_____B_OO_	7	581
4|4|OO_P_____B___OO_	6	581
4|4|OBO___O______P_O	6	581
4|4|OBO_____P__O__O_	6	581
4|4|OO_O_P_______BO_	9	580
4|4|O_OB____OO____P_	9	580
4|4|OO_O______P__BO_	8	580
4|4|O_OB_O__O_____P_	8	580
4|4|O_OP_____O___OB_	8	580
4|4|OBP___O_____O__O	10	579
4|4|OOP____O_____BO_	7	579
4|4|OO_P______B_OO__	7	579
4|4|O_OB____O_O___P_	7	579
4|4|O_P____O_OB__O__	7	579
4|4|OO_B____P__O_O__	7	578
4|4|O_O____OPB____O_	9	577
4|4|OO_P_____O___OB_	7	577
4|4|O_P___O____O_OB_	6	577
4|4|OB____OOP____O__	8	576
4|4|O_OP_____BO___O_	6	575
4|4|OO_P__B___O_O___	7	574
4|4|OO_P___O_O____B_	7	574
4|4|P_B__O_O_O____O_	7	574
4|4|OOB____P_____OO_	8	573
4|4|O_O___O__P_B_O__	7	573
4|4|O_OP___O_O____B_	8	572
4|4|OP_____OO____BO_	7	572
4|4|O__O_O____B_P__O	6	572
4|4|O_O___B__P___O_O	5	572
4|4|PO_____OO_O__B__	10	571
4|4|O_O____O_B__O_P_	5	571
4|4|O_O____P_O_B_O__	7	570
4|4|O_OB__O__O_____P	6	570
4|4|OO__P__O___B_O__	10	569
4|4|OO_PO______B__O_	9	569
4|4|OP_____O____BO_O	9	569
4|4|OO_O_____P_B___O	8	569
4|4|O_P__B___O_O_O__	7	569
4|4|_OO_O______O_PB_	7	569
4|4|_OO_O______P_OB_	7	569
4|4|OO_P_____OB___O_	6	568
4|4|OOP________OBO__	10	567
4|4|PBO______O_O_O__	9	567
4|4|OO_O____B_O_P___	11	565
4|4|OO_____P____BO_O	9	565
4|4|OBP______O___O_O	9	565
4|4|OO_O_____P____BO	7	565
4|4|O_O____O__PBO___	9	564
4|4|OP_O__B_O____O__	8	564
4|4|O_P___B__O_O__O_	7	564
4|4|O_P___O__O_O_B__	5	564
4|4|OO____O_____B_PO	11	563
4|4|OP_O____OB____O_	6	563
4|4|OB____O__O___P_O	10	561
4|4|OBO_____O__P___O	8	561
4|4|O_O____O___OPB__	9	560
4|4|OB_____OPO____O_	8	560
4|4|OBO______O__O__P	6	560
4|4|OO____O_____BP_O	10	559
4|4|OOPOB_________O_	9	559
4|4|OBP______O_O_O__	9	559
4|4|PBO____O_O___O__	9	559
4|4|O_B__PO_____O__O	7	559
4|4|O_OP_____B_O__O_	6	559
4|4|_OO_B___P__O__O_	7	558
4|4|P_O____O_B_O_O__	6	557
4|4|OBPO________O_O_	9	555
4|4|OB___OO_____O__P	9	555
4|4|OOB____O_____P_O	6	555
4|4|OOP______B___O_O	7	554
4|4|OOO____P_____BO_	7	553
4|4|OP_B__O____O_O__	8	552
4|4|OOOP______B_O___	8	551
4|4|OO_____O_O___B_P	8	551
4|4|O_PB_O_O_____O__	8	551
4|4|OBO___O_____O__P	7	551
4|4|O_OB_____P___OO_	6	551
4|4|O_P______OBOO___	6	551
4|4|OBP__O_____OO___	7	550
4|4|OB_O_____O_P_O__	8	549
4|4|OO_P__B____OO___	7	549
4|4|O_P____O__B__OO_	6	549
4|4|OO_PB_____O__O__	5	549
4|4|OO_O___P____BO__	10	548
4|4|_OB___P_O__O_O__	8	548
4|4|OOB_O______P_O__	7	548
4|4|O_OB____P____OO_	9	547
4|4|OO_P_O______OB__	7	547
4|4|P_O______B_O_OO_	6	547
4|4|O_B___O__P__O__O	6	546
4|4|O_O______B_P_OO_	8	545
4|4|OBO____O_O___P__	7	545
4|4|OBP______O_OO___	7	545
4|4|O__O_O____B_O__P	7	544
4|4|_OP__B__O__O_O__	7	544
4|4|OPB___O______O_O	7	543
4|4|P_O___OO_B___O__	7	543
4|4|O_O____P_O__B__O	8	542
4|4|OP_O__O__B___O__	6	542
4|4|OO_____O_P_B_O__	9	540
4|4|OB_P_____OO____O	9	540
4|4|O_OB____O____OP_	9	540
4|4|O_OP___O___BO___	7	539
4|4|OBO____P_O___O__	7	538
4|4|OOO________POB__	8	536
4|4|OO__B_P_____O__O	7	536
4|4|OO_O___P_O___B__	7	534
4|4|OO_P______O_B_O_	7	534
4|4|OBO________OOP__	7	534
4|4|P_O__O_O_B___O__	6	534
4|4|O_O___B__P_O_O__	5	534
4|4|OPOB_________OO_	8	533
4|4|O_O______B___OOP	8	533
4|4|OO_P_____BO____O	7	533
4|4|OO_____OP____OB_	9	532
4|4|OO_____P_O_O__B_	9	532
4|4|O_B__O_OP_____O_	7	532
4|4|OB_P____O_O__O__	6	532
4|4|O__O________BOOP	10	531
4|4|O_O__O_____BO__P	8	531
4|4|OP_B__O__O_____O	10	530
4|4|O_PB__O__O_____O	9	530
4|4|OO_PB______O__O_	7	530
4|4|O_PB_O_O______O_	8	529
4|4|OO_P_____B_O__O_	6	529
4|4|O_B____O_O__O__P	8	528
4|4|OO_P______O_B__O	7	528
4|4|OP_B_O_O_____O__	7	528
4|4|OO____O____B_P_O	7	527
4|4|OP_O_____B_O__O_	6	527
4|4|OO_____O____BOP_	10	526
4|4|OO_P_O_____B__O_	7	526
4|4|O__P_____OOO__B_	7	526
4|4|O_O____O__O_PB__	8	525
4|4|OBO___P_____O__O	7	525
4|4|OOPB___O______O_	8	524
4|4|O_O___O_P____B_O	7	524
4|4|OO_____O____OB_P	13	523
4|4|O_O___B___P_O__O	7	523
4|4|OPOB_____O____O_	8	522
4|4|O_OP___O___B_O__	6	522
4|4|OBP__O______O__O	9	521
4|4|OBP______O__O__O	9	521
4|4|P_O___OO_____BO_	8	521
4|4|O_P__O_____OBO__	8	520
4|4|OOB_____P____O_O	6	520
4|4|P_O____O__B__OO_	6	520
4|4|OBP_____O____O_O	10	519
4|4|OB____O__O___O_P	9	519
4|4|O_OP__B___O_O___	6	519
4|4|OOPB____O_____O_	11	517
4|4|O_O___O____P_OB_	8	517
4|4|O_OP______O_B__O	7	517
4|4|O_O____O_OB___P_	7	517
4|4|_OO_____O_OP__B_	7	517
4|4|O_OP__B____OO___	6	517
4|4|O_O___P___B_O__O	8	516
4|4|_OO_B______O_PO_	8	516
4|4|_OO_P______O_BO_	8	516
4|4|OO_O__P__B___O__	7	516
4|4|_O__B__OP_O___O_	6	516
4|4|OO_____O____OBP_	12	515
4|4|_OB_P__O__O__O__	7	515
4|4|_OP_____OB_O_O__	7	515
4|4|OO_P_O___B____O_	6	515
4|4|OB_O__P______O_O	6	515
4|4|OP_O____O____BO_	5	515
4|4|OOB________O_O_P	6	514
4|4|OOPO________BO__	9	513
4|4|OO_B__P______O_O	8	513
4|4|O_P____O__O__BO_	6	513
4|4|O_OP______O_B_O_	7	512
4|4|O_O__B___O___O_P	6	512
4|4|OP_B____OO____O_	13	511
4|4|OP_B_O__O_____O_	12	511
4|4|OP_B____O_O___O_	11	511
4|4|OO_OBP________O_	8	511
4|4|O_O____O_O__PB__	7	511
4|4|O_O________O_BOP	7	511
4|4|OO____B___O_O__P	9	510
4|4|OPB____O_____O_O	8	510
4|4|_OP____OOB___O__	10	509
4|4|OO_OB_____P___O_	7	509
4|4|OBO____OO_____P_	7	509
4|4|_OO_____OO_P__B_	7	509
4|4|OO_PO____B____O_	6	509
4|4|OP_O_____BO___O_	6	509
4|4|OP_B_O_O______O_	7	508
4|4|O_O____O_O__BP__	7	508
4|4|OO_B_P______O_O_	6	508
4|4|OB____O__P___O_O	8	507
4|4|OOB______O___O_P	6	507
4|4|O_OP____O_B____O	8	506
4|4|O_O__OB____PO___	7	506
4|4|O_O___B__O_PO___	7	506
4|4|O_PB__O____O_O__	7	506
4|4|OO_____O_P_B__O_	7	505
4|4|_OO_____OB_P__O_	7	505
4|4|O_OB_P_O______O_	5	504
4|4|OP_O__B______OO_	8	502
4|4|O_O____P__O__BO_	6	502
4|4|OO_O___O____PB__	9	500
4|4|_OB_____O_OP_O__	9	500
4|4|OP____B____OO_O_	8	500
4|4|_OB_____OO_P_O__	8	500
4|4|O_B__OP_____O__O	9	499
4|4|OO_B______P__O_O	7	499
4|4|POO______B_O__O_	7	499
4|4|OO_OOB_______P__	6	499
4|4|O_OB_O_______O_P	6	498
4|4|OO_____OP_O__B__	9	497
4|4|O_P______OOO_B__	5	497
4|4|O_O___O____PBO__	10	496
4|4|O_B____O_P_OO___	8	496
4|4|O_PB___O__O___O_	7	496
4|4|O_O___OB_P_____O	7	495
4|4|O_P______OOO__B_	6	495
4|4|OB____O___P_O__O	11	494
4|4|P_O____O_OO__B__	9	494
4|4|O_O__B_O_____OP_	8	494
4|4|P_O____O__OB_O__	8	494
4|4|O_PB__OO_____O__	7	494
4|4|_O___OBOO_____P_	6	494
4|4|O_P__O_O___B__O_	7	493
4|4|OP_O_O___B____O_	6	493
4|4|OO____B____OO_P_	8	492
4|4|P_O___OO_B____O_	8	492
4|4|O_OP_O_____B__O_	6	491
4|4|O_P____O_B_O_O__	7	490
4|4|OPO____O__B_O___	10	489
4|4|_OP_____OB_O__O_	7	489
4|4|_O___O_OOB____P_	6	489
4|4|OB_O_________OPO	9	488
4|4|OB_O____O_P__O__	6	488
4|4|OP_O_______O_BO_	6	488
4|4|OB_O____O__P_O__	8	487
4|4|OO_____O_O___BP_	7	487
4|4|O_O__O_O____PB__	7	487
4|4|OOB________PO__O	8	486
4|4|O_OP_____BO____O	6	486
4|4|P_O____OO_B___O_	6	486
4|4|O_O__O__O__B__P_	7	485
4|4|P_O___OO_____OB_	6	485
4|4|O_O____O___O_PB_	7	484
4|4|O__P__O__O_B_O__	6	484
4|4|OO_OB_____P__O__	5	484
4|4|OBO_____P_O____O	7	483
4|4|O_P__O___O_B__O_	7	483
4|4|OB_O____O__O_P__	10	482
4|4|OOO________P_OB_	7	482
4|4|OOB______O_P_O__	7	482
4|4|O_P____O_B_O__O_	7	482
4|4|O_____OO_O___B_P	7	481
4|4|OB_P______O_O_O_	6	481
4|4|OB___PO_____O__O	10	480
4|4|O__P___O__O__BO_	7	480
4|4|OBO____OP_____O_	6	480
4|4|O_OP__O___B_O___	8	479
4|4|OO_O_____BP__O__	6	479
4|4|OP_B__OO_____O__	6	479
4|4|P_B__O_O_____OO_	9	478
4|4|OBP______O_O__O_	6	478
4|4|_OO_B___P__O_O__	6	478
4|4|O_OB___O__P___O_	7	477
4|4|P_O_______OO_BO_	7	477
4|4|_OB_O___P__O_O__	7	477
4|4|O_OB_O_P______O_	6	477
4|4|_OB___POO_____O_	9	476
4|4|O_O___O_B__O_P__	8	476
4|4|_OP___BOO_____O_	8	476
4|4|O____OBO_____O_P	7	476
4|4|O_P___O__OB____O	6	476
4|4|OOB_____O__P__O_	7	475
4|4|OO_O_____B_PO___	7	475
4|4|_OO_____OB_P_O__	6	475
4|4|O_OB__O______PO_	8	474
4|4|OO_P____O_B____O	7	474
4|4|OBO____O_____PO_	7	473
4|4|OO_____OO__B_P__	10	472
4|4|O____O_O___B_O_P	7	472
4|4|O__P_____O_B_OO_	6	472
4|4|OO_P_BO______O__	6	471
4|4|O_O___B__O_P_O__	6	471
4|4|OB___O_____OO_P_	10	470
4|4|O_O___O__O_P_B__	5	470
4|4|OBO____P_____OO_	7	469
4|4|OB____O_____O_OP	7	469
4|4|P_O__O___O_O__B_	6	469
4|4|O_O___OB_O_____P	8	468
4|4|OO____O____BP_O_	7	468
4|4|_OB_P___O__O_O__	7	468
4|4|OO_O_P_____B__O_	8	467
4|4|OO__P__O_____OB_	8	467
4|4|O_O______PBO_O__	6	467
4|4|_OP_B____O_O__O_	6	467
4|4|P_O__O_____O_OB_	5	467
4|4|O__O_____O__POB_	9	466
4|4|O__O_____OP__BO_	7	466
4|4|OO_OO________B_P	6	466
4|4|OB_____O_O___P_O	10	465
4|4|OO_P___O___B__O_	6	465
4|4|O_O____P__OBO___	8	464
4|4|OOO______P_O__B_	6	464
4|4|OB_O_O______P__O	9	463
4|4|O_B__P_O___OO___	7	463
4|4|_OO_O__P_B____O_	7	463
4|4|O_OB_____O___OP_	6	462
4|4|OO__O_B______O_P	8	461
4|4|O_O_____B_OOP___	8	461
4|4|O__P___O_O_B_O__	6	461
4|4|_OB_O__P_O____O_	6	461
4|4|_OB_P_OO_____O__	6	461
4|4|OO_OP_____B__O__	7	460
4|4|OB_P___O_O___O__	10	459
4|4|OOO____P____O_B_	8	458
4|4|OOB_____P__O_O__	6	458
4|4|_OB__P__O__O__O_	9	457
4|4|_OB_____O_PO__O_	8	457
4|4|_OB_____OP_O__O_	7	457
4|4|OB_O__O______P_O	6	457
4|4|O_O__O_O_B____P_	5	457
4|4|O_O__O_P___BO___	8	456
4|4|OOB_______O__O_P	7	456
4|4|PO_____O_O_O_B__	10	455
4|4|OP_B___O__O___O_	6	455
4|4|O_O____O_B_P_O__	10	453
4|4|O_O____P_O_BO___	8	453
4|4|OP_B______OO_O__	8	452
4|4|OP_____O___BO_O_	9	451
4|4|OBO____O_P_____O	8	450
4|4|OO_O______BPO___	7	450
4|4|O__O_____OP_BO__	7	450
4|4|OB____O_O__O_P__	9	449
4|4|OO_O______PB__O_	7	449
4|4|OO_P_B____O__O__	6	448
4|4|OO_________OBO_P	10	446
4|4|OB_P__O__O_____O	10	446
4|4|OO__O__O___B_P__	9	446
4|4|OPO________OBO__	7	446
4|4|O_OB___PO____O__	7	446
4|4|O_P__B___O_O__O_	6	446
4|4|OB____O_____PO_O	8	445
4|4|OO_P_____O____BO	7	445
4|4|_OB_O__P__O__O__	7	445
4|4|O_O____O_B___PO_	9	444
4|4|OO___B_P_____O_O	8	444
4|4|OOB_____O____P_O	6	444
4|4|O_O______OOP_B__	5	444
4|4|OO_O___P___B_O__	9	443
4|4|OO_____P_B___O_O	9	443
4|4|O_O__B_P_____OO_	7	443
4|4|OO_O_O___B____P_	6	443
4|4|O_P__O___O_O__B_	6	443
4|4|OB_P___OO_____O_	8	442
4|4|O_O__O____BPO___	7	442
4|4|O_P____O__OB_O__	7	442
4|4|O_O___O__O_B_P__	5	442
4|4|OO_____POB____O_	8	441
4|4|O_O______POO__B_	6	441
4|4|_OB_____P_OO__O_	6	441
4|4|OP_____O_O_O__B_	9	440
4|4|OP_O_O____B_O___	7	440
4|4|OO_B________OPO_	9	439
4|4|O_O__O_O_____BP_	8	439
4|4|O_O__O_O___B_P__	6	439
4|4|_OB__O__O__O__P_	6	439
4|4|O_O_______O_BP_O	9	438
4|4|O_P___O__O_O__B_	9	438
4|4|OO_O_________BPO	8	438
4|4|O_P___OO____BO__	11	437
4|4|OB____O_O__P_O__	8	437
4|4|OOO________PBO__	7	437
4|4|OO_P__B_O____O__	7	437
4|4|OB_O____P____OO_	7	437
4|4|OB_P_____O___OO_	9	436
4|4|O_OP_____OO___B_	8	436
4|4|O__P_O___O_B__O_	6	436
4|4|OO_P_____OO___B_	7	434
4|4|O_PB______OO_O__	7	434
4|4|_OB____PO__O_O__	7	434
4|4|OO___O_____BP_O_	8	432
4|4|OP_B_O_______O_O	8	432
4|4|OO___O_____OP_B_	7	432
4|4|O_O__P_O___B_O__	7	432
4|4|_OB_PO_O_____O__	6	432
4|4|OOB____OO_____P_	7	431
4|4|OP____B_O__O_O__	7	431
4|4|OO_O___O__B_P___	9	430
4|4|O_P___OO_B___O__	8	430
4|4|_OB_OO_O_____P__	6	430
4|4|OO____OP_____OB_	8	429
4|4|OOBO____O____P__	6	429
4|4|OB_OP_O______O__	6	429
4|4|O_O______BO__P_O	6	429
4|4|O__P_B___O_O__O_	6	429
4|4|OP_O_____OB_O___	7	428
4|4|O_OB___P__O_O___	6	428
4|4|OOO____O_____B_P	10	427
4|4|OO_P_____OO_B___	7	427
4|4|OO_____PO_O__B__	7	427
4|4|O_O___B_O_P____O	7	427
4|4|O_P___B___OOO___	7	427
4|4|OO_O_BO______P__	6	427
4|4|OB_O__O______O_P	6	427
4|4|O_P____O_OO__B__	6	427
4|4|O_P____O___O_OB_	5	427
4|4|O_OB___P_O__O___	8	426
4|4|O_OB___P__O___O_	7	426
4|4|OO___O_P_____OB_	7	425
4|4|OB_O_____O___O_P	9	424
4|4|OO____O____BO_P_	8	424
4|4|_OO__P__O__B__O_	8	424
4|4|OO__B_______O_PO	7	424
4|4|OP_____OO_O__B__	7	424
4|4|O__P___O_OO__B__	7	424
4|4|_OO_____O_PB__O_	7	424
4|4|O__P__O____B_OO_	6	424
4|4|OBOP_________OO_	9	423
4|4|O_O___B____O_PO_	7	423
4|4|OOO____O_____BP_	9	422
4|4|OO_O_______O_BP_	8	422
4|4|OB_O_P_______O_O	8	422
4|4|OO_OPB_______O__	7	422
4|4|O_OP_B____O__O__	6	422
4|4|O_O_______OO_B_P	7	421
4|4|P_O____O_OO___B_	6	421
4|4|OO______P__OBO__	8	420
4|4|OB_O_____P___O_O	8	420
4|4|O_OB__P____O_O__	8	420
4|4|OO_____OP__B__O_	8	419
4|4|OO_P__O___B_O___	7	419
4|4|O_O___BO_____OP_	6	418
4|4|OB____O_P_O____O	9	417
4|4|OO_B_O______O_P_	6	417
4|4|O_O__B__P__O__O_	6	417
4|4|P_O______O_B_OO_	6	417
4|4|_OB_O_OP_____O__	6	417
4|4|_OP_O__O_B___O__	9	416
4|4|OO_O_____OP_B___	8	416
4|4|O__O_B_______OOP	7	416
4|4|_OO_____OP_B__O_	6	416
4|4|OP_B__O_O______O	10	415
4|4|O_OP_____OO_B___	7	415
4|4|O_P___OO_____OB_	6	415
4|4|OBOP___O_____O__	10	414
4|4|O_O_______OP_OB_	7	414
4|4|OB____O__P__O__O	9	413
4|4|OO_____P_O___OB_	8	413
4|4|OBO_____O_P____O	8	413
4|4|OO_O_____B___PO_	7	413
4|4|P_B____O_O_O__O_	7	413
4|4|_OB_OP_O_____O__	10	412
4|4|_OB_O_PO_____O__	9	412
4|4|_OB_O__O__P__O__	8	412
4|4|O_OB______PO_O__	7	412
4|4|O__P_____OOB_O__	6	412
4|4|OOP____O___B__O_	7	411
4|4|OO___OB_____O__P	9	410
4|4|OOB________POO__	7	410
4|4|OO__B_______OP_O	7	410
4|4|_OB_OO_P_____O__	6	410
4|4|OPB_____O____O_O	9	409
4|4|P_____OO_B___OO_	8	409
4|4|OB__P_OO_____O__	7	409
4|4|OO___BO______O_P	6	409
4|4|O_P____O_BO__O__	7	408
4|4|O__P__BO_O____O_	7	408
4|4|P_B___OO_O____O_	7	408
4|4|OO_OO____B____P_	6	408
4|4|O_O___BO___O_P__	6	408
4|4|OO_B___PO_____O_	8	407
4|4|OP_B___O__O____O	8	407
4|4|OB__PO_O_____O__	7	407
4|4|O_O__P_O___B__O_	7	407
4|4|OO_B_O______P_O_	6	407
4|4|PO____OO_B___O__	8	406
4|4|O_OB__PO_____O__	7	406
4|4|OO____BP____O_O_	10	405
4|4|OP____BO_____O_O	9	405
4|4|OB_____O_O__P_O_	10	404
4|4|OO____B_O_O____P	9	404
4|4|O_OB__O_P_____O_	8	404
4|4|OOP______B_O__O_	7	404
4|4|OO_O__O__B___P__	7	404
4|4|OO_O_B____O__P__	6	404
4|4|O_P____O_OO___B_	6	404
4|4|OP_B_____O___OO_	10	403
4|4|O_PB_____O___OO_	9	403
4|4|OO_O_____PO___B_	7	403
4|4|P_O____O_BO__O__	6	403
4|4|OO____O_O___B__P	9	402
4|4|OOO______O_P__B_	7	402
4|4|OB_P____O__O__O_	7	402
4|4|O_P___BO_____OO_	7	402
4|4|_OP____OBO____O_	8	401
4|4|OO______O__PBO__	7	401
4|4|O_O__B____O__P_O	6	401
4|4|OO____O____B_O_P	7	400
4|4|OBOP____O____O__	10	399
4|4|OP_O_B______O_O_	8	399
4|4|OP____O___B_O__O	8	399
4|4|OO_P___O__B___O_	7	399
4|4|O__O_B____P_O__O	7	399
4|4|OPB____O_O____O_	8	398
4|4|O_OB__O_O_____P_	8	398
4|4|O_O__B___P_O__O_	6	398
4|4|OBOP_____O___O__	8	397
4|4|O__P_O_O___B__O_	6	397
4|4|_OO_B___O__P_O__	5	397
4|4|O_OP___O__O__B__	10	396
4|4|OO_P___O__O__B__	9	396
4|4|P_O___O__O_O__B_	8	396
4|4|O_O__B_____P_OO_	7	396
4|4|O__P_O___O_O__B_	7	396
4|4|OOB____O___P_O__	10	395
4|4|OB_OP_____O__O__	6	395
4|4|O_O______PBO__O_	6	395
4|4|P_O__B_OO_____O_	6	395
4|4|O_O___O____O_PB_	8	393
4|4|O__P___O_OB__O__	7	393
4|4|P_O__O__O__O__B_	6	393
4|4|O_O_____PB_O__O_	10	392
4|4|OO_OB_P_____O___	7	392
4|4|_OO_O____B_P__O_	7	392
4|4|O_OB___O__P__O__	6	392
4|4|OB____O__O__P__O	10	391
4|4|OB_P_O_O____O___	9	390
4|4|OO_O_O_______B_P	7	390
4|4|O_O__O_____P_OB_	7	390
4|4|O__B_O_O___OP___	7	390
4|4|O_O____P_OO__B__	6	390
4|4|OO____B___O__O_P	8	389
4|4|OO_____O__OBP___	8	389
4|4|O_O____P___B_OO_	8	388
4|4|OO____P__B___O_O	7	388
4|4|O_O__B_O___P_O__	7	388
4|4|OO__O_B____O_P__	7	387
4|4|PO_____O_BO__O__	7	387
4|4|O_O___O____B_PO_	5	387
4|4|_O__B__O_OP___O_	10	386
4|4|_O__BP_O_O____O_	9	386
4|4|OOBP____O____O__	7	386
4|4|OP_O______OO_B__	6	386
4|4|O_B___P__O__O__O	8	385
4|4|OP_O_O_______OB_	7	385
4|4|OO_O_P___B____O_	10	384
4|4|OO_O_____BP___O_	9	384
4|4|OOP________B_OO_	8	384
4|4|O_P__B_O_____OO_	8	384
4|4|OO_____P__O__OB_	7	384
4|4|O__P___O_B___OO_	7	384
4|4|OP_____OO_B__O__	7	383
4|4|_OB_O__O__O___P_	7	382
4|4|_OB_O__P__O___O_	7	382
4|4|O_O___O_P__O_B__	6	382
4|4|O_O____O_PO___B_	6	382
4|4|O_P_______OOBO__	9	381
4|4|OO____B__O___O_P	8	381
4|4|O_PB___O__O__O__	6	381
4|4|O_P____O__OB__O_	6	381
4|4|O__P__OO___B_O__	6	381
4|4|OB_____P_O__O_O_	10	380
4|4|OO___BO______P_O	6	379
4|4|O_O__O___B___P_O	6	379
4|4|O__P__B__O_O_O__	6	379
4|4|OO_O____P__B___O	8	378
4|4|OP_____O____BOO_	8	378
4|4|OB_O_____O_O___P	10	377
4|4|P_B__O_O_O___O__	7	377
4|4|_OB_P__O__O___O_	7	377
4|4|O__B_OO_____P_O_	6	377
4|4|OB_P_O_O_____O__	8	376
4|4|O_O____O__O__BP_	8	376
4|4|OO_B__P_____O_O_	8	375
4|4|O_OP__B_O____O__	7	375
4|4|O_OB__O__P____O_	6	375
4|4|O_O__O___P_O__B_	6	375
4|4|O__O_O___O___B_P	6	375
4|4|OO____B____OO__P	10	374
4|4|OOO______B_P__O_	7	374
4|4|OB___O_O___PO___	8	373
4|4|OB____O__O__O__P	9	372
4|4|O_O______OOP__B_	7	372
4|4|O__P_____OBO__O_	6	372
4|4|O____BOO_____O_P	6	372
4|4|OO_____P____BOO_	8	371
4|4|OOP_______B_O__O	7	371
4|4|OO_P__B____O_O__	6	371
4|4|O__P______OB_OO_	6	371
4|4|OOP____O___B_O__	10	370
4|4|OO____O_P__B__O_	9	370
4|4|OBP____O_O___O__	9	370
4|4|POB_O______O_O__	7	370
4|4|OB___O_____OP_O_	6	370
4|4|O_P__O_____O_BO_	6	370
4|4|_OB_O_OO______P_	6	370
4|4|O_P__O_____O_OB_	5	370
4|4|OB___O_O___OP___	8	369
4|4|O__P__B__O_O__O_	7	369
4|4|OO____B______OOP	9	368
4|4|O_O__B__O_P____O	7	368
4|4|O_O____O_PB__O__	7	367
4|4|OO_P_B___O___O__	6	367
4|4|_OB_OO_O______P_	6	367
4|4|OOB____O_O____P_	5	367
4|4|O_P____O__O_BO__	10	366
4|4|OOO________O_PB_	7	366
4|4|OB_P_O_______OO_	7	366
4|4|O__O_O___B___PO_	6	366
4|4|OB__P_O____O_O__	9	365
4|4|OBO__O_O____P___	7	365
4|4|_OO_B__P_____OO_	7	365
4|4|O_OB__O__O____P_	6	365
4|4|_O__OO_O_____PB_	6	365
4|4|_O__O_OO_____PB_	6	365
4|4|OO____P______OBO	7	364
4|4|O_O___O__B__O__P	6	364
4|4|O_O____P_B_O__O_	9	363
4|4|O__O_O___P___BO_	8	363
4|4|OO____O_O____B_P	7	363
4|4|OP_O__O___B_O___	7	363
4|4|OB_____OP_O___O_	6	363
4|4|O_O___OP____BO__	10	362
4|4|OOP_______B__O_O	6	362
4|4|OP_O_OB_____O___	8	361
4|4|OP_____OO__B_O__	8	361
4|4|OOB_____O___O__P	7	361
4|4|OO_O____P_B___O_	7	361
4|4|O_P____O__BOO___	7	361
4|4|OB_P__O__O___O__	9	360
4|4|OB_P_____OO__O__	9	360
4|4|P_O___O____O_BO_	7	360
4|4|P_O____O__O__OB_	5	360
4|4|OO_P___O__B__O__	8	359
4|4|PO__O_B____O_O__	7	359
4|4|OB_P___O_O_____O	10	358
4|4|OOO_____P__O__B_	8	358
4|4|OOP___B______O_O	9	357
4|4|O_O__P____BOO___	9	357
4|4|O_O______PBOO___	8	357
4|4|_OP_O____B_O__O_	7	357
4|4|_O__O__O__O__PB_	6	357
4|4|_O___O_PO_O___B_	6	357
4|4|O_OP_____O__O_B_	8	356
4|4|OO_P_____O__O_B_	7	356
4|4|OP_O____O_B____O	7	356
4|4|OO_____O_P_O__B_	9	355
4|4|OP_B__O_O_____O_	9	355
4|4|_OP____OO_O__B__	9	355
4|4|OO_O_____PB____O	7	355
4|4|O_O__O_O___B__P_	7	355
4|4|O__P___O__OB_O__	6	355
4|4|P_B___OO_____OO_	9	354
4|4|OOB________P_OO_	8	354
4|4|OB___O_____PO_O_	6	354
4|4|P_B__O_O___O_O__	8	353
4|4|OOB____OO____P__	7	353
4|4|O__P___O_BO___O_	7	353
4|4|O_O____OO__B__P_	6	353
4|4|_OP____OO_O___B_	6	353
4|4|OOB____OP____O__	7	351
4|4|_OB_O__P___O_O__	6	351
4|4|OO_____OP___OB__	12	350
4|4|O_O________BPOO_	9	350
4|4|O_B____O_O_P_O__	9	350
4|4|_O__O_OO_B____P_	7	350
4|4|OO_O_O____B_P___	6	350
4|4|O_B___O_P__O_O__	6	350
4|4|OBO___O__P_____O	8	349
4|4|OB___O__O__O__P_	7	349
4|4|OO_PB____O_____O	6	349
4|4|O_O___O______BOP	6	349
4|4|OO_PO_____B____O	8	348
4|4|_OO_O__P_____BO_	7	348
4|4|OO_P_B____O____O	6	348
4|4|O__P_B___OO__O__	6	348
4|4|P_B___O__O_O_O__	6	348
4|4|_OO_B____P_O__O_	7	347
4|4|O__P_BO__O___O__	6	347
4|4|OO____B____OOP__	9	346
4|4|OP_O__B__O___O__	7	346
4|4|OO_O_O_______BP_	6	346
4|4|P_O______BOO__O_	6	346
4|4|OO__B______OP_O_	8	345
4|4|OO_____P__O_OB__	6	345
4|4|OB_O_P__O_____O_	6	345
4|4|OP_____O__OBO___	9	344
4|4|OO_O_O_____B__P_	8	344
4|4|OB_O_O_______OP_	7	344
4|4|O_OP___O__O___B_	7	344
4|4|O_O____O__B__OP_	7	344
4|4|OO_P___O__O___B_	6	344
4|4|OBOP___O____O___	10	343
4|4|O_O___O_O__P_B__	6	343
4|4|O_O___O__O_B__P_	6	343
4|4|OB_____P_O___O_O	10	342
4|4|OO_____O_P___BO_	9	342
4|4|OOO______O___B_P	8	342
4|4|OO____B_O__P_O__	8	342
4|4|OP_O_BO______O__	7	342
4|4|O_P__B_____O_OO_	7	342
4|4|_OO_P_B____O_O__	7	342
4|4|_OP_O____B_O_O__	7	342
4|4|OO_O_B___O___P__	6	342
4|4|O_O___BOO______P	8	341
4|4|O__B___O_O___O_P	8	341
4|4|O_P____O___O_BO_	7	341
4|4|OB____O_PO_____O	10	340
4|4|OO_____P_B___OO_	8	340
4|4|OP_O__B__O__O___	8	340
4|4|_OO_B_O____O_P__	7	340
4|4|_OB_O____O_P_O__	7	340
4|4|OO_OO______P_B__	6	340
4|4|O_OP_B___O___O__	6	340
4|4|O_P______BOO__O_	6	340
4|4|O_O___P____B_OO_	8	339
4|4|O_B______O_O_O_P	8	339
4|4|O__O_____B___OOP	8	339
4|4|_OB__O__O__P_O__	8	339
4|4|O_P__B_O___O_O__	7	339
4|4|OOBO______P__O__	6	339
4|4|O_O____OO_B__P__	7	338
4|4|_OO_P___O__O__B_	7	338
4|4|_OP_OB_____O_O__	6	338
4|4|OO____BO_____PO_	9	337
4|4|OP_____O_O_O_B__	7	337
4|4|O_O____O___O_B_P	10	336
4|4|PO____OO_B____O_	9	336
4|4|OB____OOP_____O_	7	336
4|4|O_O___O_OB_____P	10	335
4|4|OPOB_______O__O_	9	335
4|4|OBO________O_PO_	6	335
4|4|_OO_O__O_B____P_	6	335
4|4|OOP______B_O_O__	7	334
4|4|OO____O__B___P_O	7	334
4|4|O_O___O__PB____O	7	334
4|4|O_P__B___O_OO___	6	334
4|4|O_O____O_B___OP_	5	334
4|4|OO____B____PO_O_	9	333
4|4|OO_____O__O__B_P	8	333
4|4|OPO____O___B__O_	8	333
4|4|OO___BO_____P__O	7	333
4|4|OB_O________OPO_	7	333
4|4|_OO_O_B____O_P__	6	333
4|4|_OO_O____B_P_O__	6	333
4|4|OO____B__O__O__P	10	332
4|4|OO__________BOPO	9	332
4|4|O_P____O__BO_O__	7	332
4|4|OBO________P_OO_	6	332
4|4|O__B__O__O___O_P	6	332
4|4|OBP____O_O_____O	9	331
4|4|O__P__O__O_O__B_	9	331
4|4|O_P__O_____B_OO_	8	331
4|4|OO_____P_O_O_B__	7	331
4|4|OBO____O____OP__	7	331
4|4|O_O__O_P___B_O__	7	331
4|4|O_O___P__O__B__O	6	331
4|4|_O__O_O____O_PB_	6	331
4|4|O_O__O_____O_B_P	9	330
4|4|P_B____O_O___OO_	9	330
4|4|_OB_P__O_O____O_	6	330
4|4|O__P___O_O_B__O_	5	330
4|4|_OB_P_O____O_O__	5	330
4|4|OO_____PO_O_B___	9	329
4|4|O_P___O___OBO___	9	329
4|4|OB___O__P__OO___	8	329
4|4|O_O__O_____P_BO_	6	329
4|4|O_O___OO___B_P__	5	329
4|4|O_PB__O______OO_	8	328
4|4|OBO___P__O_____O	7	328
4|4|OP_B__O______OO_	7	328
4|4|OO_P__O_____OB__	6	328
4|4|OO____B_O__O___P	10	327
4|4|O__B___O_O_O_P__	9	327
4|4|OO_____O___BP_O_	7	327
4|4|OOO____O_B____P_	6	327
4|4|OO____O__O___B_P	6	327
4|4|O_O___P__B__O__O	5	327
4|4|OB_O_____O_OP___	10	326
4|4|OBP____OO_____O_	7	326
4|4|OOBO__P______O__	6	326
4|4|O_O__B____O__O_P	6	326
4|4|_OO_PB_____O_O__	6	326
4|4|POO____O___B_O__	10	325
4|4|OO__P_B____O_O__	8	325
4|4|PO______O__B_OO_	8	325
4|4|O_O____P___O_BO_	7	325
4|4|_OP_B____O_O_O__	5	325
4|4|OO_PO______O__B_	8	324
4|4|OP_O____OB_____O	8	324
4|4|OO_O_____BP_O___	6	324
4|4|OO__P__O____OB__	11	323
4|4|O_O_______OPBO__	9	323
4|4|O_O____O_BO___P_	5	323
4|4|O_OP____OB_____O	8	322
4|4|OOB___OO_____P__	7	322
4|4|_O___P_OO_O___B_	7	322
4|4|OOBP______O__O__	6	322
4|4|OB_O_____O_PO___	10	321
4|4|O_O__O___O_P__B_	7	321
4|4|OOB_____O__PO___	6	321
4|4|O_O__O______PB_O	6	321
4|4|O__O_P___B___OO_	6	321
4|4|O_O____O___B_PO_	5	321
4|4|O__O_O___O___BP_	5	321
4|4|OO_____O_____BOP	9	320
4|4|_OO_B____P_O_O__	8	320
4|4|_OB_O_P____O_O__	8	320
4|4|OOO______B___P_O	7	320
4|4|OO___O______OB_P	7	320
4|4|O_O____PO_B___O_	7	320
4|4|P_B____O_O_O_O__	7	320
4|4|OOO__B_______P_O	6	320
4|4|OP_B___O__O__O__	5	320
4|4|O__P__BO_____OO_	9	319
4|4|O_O_______OO_PB_	7	319
4|4|O_P___B____O_OO_	7	319
4|4|OOOP_____B____O_	6	319
4|4|OOP________O_BO_	6	319
4|4|OO_OO_____B__P__	6	319
4|4|OOP_______OBO___	11	318
4|4|OO_O______OP_B__	6	318
4|4|OO_P______BO__O_	6	318
4|4|OO_____O___B_P_O	7	317
4|4|O_O__O_P___B__O_	7	317
4|4|POB____O___O_O__	10	316
4|4|OO______O_O_B__P	8	316
4|4|OOB___P_____O__O	7	316
4|4|OO___B__O____O_P	7	316
4|4|O_O_____B_OO_P__	7	316
4|4|OO_P_B_______OO_	6	316
4|4|OO____P____BO_O_	8	315
4|4|O_O___B___POO___	7	315
4|4|P_O___B____O_OO_	6	315
4|4|P_O__O_O_O___B__	10	314
4|4|OO________O_BO_P	9	314
4|4|OB___O_P_O____O_	6	314
4|4|OO_OP______O__B_	8	313
4|4|OO___B_P____O_O_	8	313
4|4|OP_O_B______O__O	8	313
4|4|_OO_B_____OO_P__	8	313
4|4|_OB_O_____OP_O__	8	313
4|4|OO____B___O_P__O	7	313
4|4|O_P__B___O__O__O	6	313
4|4|O__O_O___B__P__O	6	313
4|4|O__P_B_O___O_O__	7	312
4|4|P_B___OO_O___O__	7	312
4|4|OBO____O___P_O__	10	311
4|4|OOO___B_____P__O	8	311
4|4|O__P_B_____O_OO_	7	311
4|4|OOO_B_______P__O	6	311
4|4|OO_O__O______B_P	6	311
4|4|_OB_O__O_O____P_	6	311
4|4|OOBP_______O_O__	5	311
4|4|O_O__BP_____O__O	7	310
4|4|_O__P__O_BO___O_	7	310
4|4|OO_P_B_O_____O__	6	310
4|4|OBP_____O__O__O_	6	310
4|4|OBPO_____O____O_	9	308
4|4|OB_____O_O_P__O_	7	308
4|4|O_B__O_OP____O__	7	308
4|4|OO_O__B__P___O__	6	308
4|4|OO___B_O____P_O_	6	308
4|4|O_O__OBO______P_	6	308
4|4|O__B_P_O_____OO_	5	308
4|4|O_O______B_O_PO_	9	307
4|4|OO___OB______O_P	8	307
4|4|OP_____O__O__BO_	6	307
4|4|OB____O_O_P____O	9	306
4|4|OOO______O_PB___	8	306
4|4|OOB____P__O__O__	8	306
4|4|OO_P____OB_____O	8	306
4|4|O_O___BO___OP___	7	306
4|4|OO_P_B______OO__	6	306
4|4|OPO______B___O_O	6	306
4|4|O_O____O_B_O_P__	10	305
4|4|O_O____P__O_BO__	9	305
4|4|O_P___OB_O___O__	8	305
4|4|OO___B_OO_____P_	7	305
4|4|OBO_P______OO___	7	305
4|4|O_O__O_____O_PB_	7	305
4|4|OB___O_O_P____O_	6	305
4|4|O_OB_O_____O__P_	6	305
4|4|O_P__BO__O_____O	6	305
4|4|_O__O_OP___B_O__	8	304
4|4|OB_O_O__P____O__	7	304
4|4|O_O__O_____B_O_P	7	304
4|4|OPOB__O______O__	6	304
4|4|OOB____PO____O__	7	303
4|4|POO___BO______O_	7	303
4|4|OOP____O_O____B_	6	303
4|4|O_P__B_O_O____O_	5	303
4|4|OO___P_O____OB__	11	302
4|4|OB___O_____OO__P	10	302
4|4|OO_OP____B____O_	9	302
4|4|_O__P_OO_B____O_	8	302
4|4|OOB__O_P_____O__	7	302
4|4|OOO________P_BO_	6	302
4|4|OP______OO_O_B__	6	302
4|4|O_O___B____O_OP_	6	302
4|4|OO_____PO___BO__	12	301
4|4|OO____PO____OB__	10	301
4|4|O_P__OO____BO___	10	301
4|4|OO____O_____P_BO	9	301
4|4|OO_____O__P_OB__	9	301
4|4|O_P___O__O_BO___	9	301
4|4|OO______P__B_OO_	8	301
4|4|OPB___O_____O__O	8	301
4|4|OP_____O___B_OO_	8	301
4|4|OOBO___O_____P__	7	301
4|4|OB___O_____PO__O	10	300
4|4|OO___B__O____P_O	7	300
4|4|_O__PO_O_B____O_	7	300
4|4|O_O_______BP_OO_	6	300
4|4|OO_____O____PBO_	10	299
4|4|OO____BO_O____P_	8	299
4|4|O_OB__P______OO_	8	299
4|4|O_OB___P___OO___	7	299
4|4|O__O_B___OP____O	7	299
4|4|O__P_O_O__B___O_	7	299
4|4|OOB____P___O_O__	10	298
4|4|OOPB________O__O	10	298
4|4|OP_B__O__O____O_	10	298
4|4|OB_O_____PO____O	9	298
4|4|O_PB__O__O____O_	9	298
4|4|OO___OB____OP___	8	298
4|4|O_O__O__P__O__B_	8	298
4|4|OOB__P______O__O	7	298
4|4|_OO_____OB_O_P__	7	298
4|4|OOOB_____P____O_	6	298
4|4|OOO____O_P____B_	6	298
4|4|OB_O_O_____PO___	6	298
4|4|OB_P_O____O_O___	6	298
4|4|OP_____OOB____O_	6	298
4|4|OP_____O_B__O_O_	6	298
4|4|OB_O_____OO____P	9	297
4|4|OB____O_O_O____P	8	297
4|4|O_O____O__PB__O_	7	297
4|4|OB_O_O_____OP___	6	297
4|4|P_O__O_O__B___O_	6	297
4|4|_OO_O_____BP_O__	6	297
4|4|OOB____O____O_P_	5	297
4|4|OOO____O___B_P__	10	296
4|4|PO_____O___O_BO_	9	296
4|4|OP____BO_O____O_	8	296
4|4|OP_____O__OB_O__	8	296
4|4|OO_O____O___PB__	7	296
4|4|OP_O__B___O__O__	6	296
4|4|OO_______O_POB__	7	295
4|4|O_P__BO____O_O__	7	295
4|4|O_P___BO__O_O___	7	295
4|4|OO____BO_P____O_	9	294
4|4|OO____O______OBP	8	294
4|4|O_O___P__OB____O	7	294
4|4|OP_O__B__O_____O	7	293
4|4|O_OB______P__OO_	7	293
4|4|O_____OO_P_B_O__	7	293
4|4|_O__O_OO_____BP_	7	293
4|4|_O__O__O__O__BP_	7	293
4|4|OB_O___P_O____O_	6	293
4|4|O__B_O_P_____OO_	6	293
4|4|OPO___B____OO___	10	292
4|4|OO___O_____POB__	8	292
4|4|OB____OP_O____O_	8	292
4|4|OB___O__P__O__O_	7	292
4|4|_O__OO_O_____BP_	7	292
4|4|OOO_B______PO___	6	292
4|4|OO___O_P_____BO_	6	292
4|4|O_OB_P_______OO_	5	292
4|4|O__O_O____O_PB__	5	291
4|4|OOBP____O_____O_	10	290
4|4|OBO____P___O_O__	9	290
4|4|OB_P__O__O____O_	8	290
4|4|OO_________PBO_O	7	290
4|4|OOO_B______P__O_	6	290
4|4|P_O__O____BO_O__	5	290
4|4|OO_____P___BO_O_	11	289
4|4|OO__________BOOP	9	289
4|4|OB___O_O____PO__	9	289
4|4|O_O__O___O___B_P	8	289
4|4|OOBO____O_____P_	7	289
4|4|OO_____OOB____P_	6	289
4|4|O_P__O_O__B__O__	6	289
4|4|OOB_O__O_____P__	6	288
4|4|OO_O___P__O__B__	6	288
4|4|OO____B_OO_____P	9	287
4|4|OB_P___O_O__O___	9	287
4|4|OPO_____O__O_B__	7	287
4|4|OO_O_B_______PO_	6	287
4|4|OO_____O_B__O_P_	6	287
4|4|P_O__O_O_O____B_	6	287
4|4|OBP___O__O_____O	9	286
4|4|OO____O______PBO	8	286
4|4|O_O____O__BOP___	8	286
4|4|OOO______B_P_O__	6	286
4|4|OOPB_____O____O_	10	285
4|4|OP_O_OB_______O_	7	285
4|4|P_O___OO_O___B__	9	284
4|4|OBO___O_P______O	8	284
4|4|OB_____OO__P__O_	7	284
4|4|O__P__O__B___OO_	7	284
4|4|OO_O_______P_B_O	6	284
4|4|OB_O__P_____O_O_	6	284
4|4|O_OB_P_____O__O_	6	284
4|4|O_O___O__B__P__O	6	284
4|4|O__P_BO__O_____O	6	284
4|4|OO__B_____O__P_O	7	283
4|4|OBOP__O______O__	7	283
4|4|O_O__B___P_OO___	7	283
4|4|OO_P_B___O_____O	6	283
4|4|OB_O__P_O____O__	5	283
4|4|OOO________O_B_P	9	282
4|4|OO_________OBOP_	9	282
4|4|O__P__OO_B___O__	9	282
4|4|OOPB_________OO_	8	282
4|4|O__P___O_BO__O__	8	282
4|4|OP_O_B___O___O__	7	282
4|4|OP_O__B___O___O_	7	282
4|4|_OB_____P_OO_O__	7	282
4|4|OO__B_____O_P__O	6	282
4|4|OO_OO______B__P_	9	281
4|4|OO___O_O___B_P__	9	281
4|4|OO____OO___B_P__	8	281
4|4|OOB_P__O_____O__	6	281
4|4|OO_O_B______OP__	6	281
4|4|OB_P_O___O____O_	6	281
4|4|OP_O_O______BO__	6	281
4|4|O__P___O___B_OO_	6	281
4|4|O_OP__B____O_O__	5	281
4|4|O_O____OO__B_P__	5	281
4|4|OO_O_B____P__O__	8	280
4|4|P_B____O_OO___O_	8	280
4|4|OO_O_BP______O__	7	280
4|4|OOP_B______O__O_	6	280
4|4|O_B__O_O_O____P_	5	280
4|4|OOO___B__O_____P	8	279
4|4|OO___O__O____B_P	8	279
4|4|OO____O__P_B__O_	8	279
4|4|OO___BP______O_O	7	279
4|4|OO_O_B_O_____P__	6	279
4|4|O__P__O__OB___O_	6	279
4|4|O_O___OB_O___P__	8	278
4|4|O_O__O____B__P_O	7	278
4|4|O____BO____O_O_P	7	278
4|4|OB___OP______O_O	6	278
4|4|OPO____O_B____O_	6	278
4|4|OP____B__O_OO___	9	277
4|4|OOO__B_____P_O__	7	277
4|4|O__P_BO____O_O__	7	277
4|4|OB___O_OO____P__	6	277
4|4|OB___O_PO____O__	6	277
4|4|P_O___BO__O___O_	6	277
4|4|OO______O__O_B_P	8	276
4|4|OO_O_____PB__O__	6	276
4|4|OP______O__O_BO_	6	276
4|4|O_P__O_O_O____B_	6	276
4|4|O_____OO_O___BP_	6	276
4|4|POO____O_O____B_	6	276
4|4|O__O_BP_____O__O	8	275
4|4|OOO___BO______P_	7	275
4|4|OB___OO______P_O	6	275
4|4|O_O__O_O_P____B_	6	275
4|4|O__P_B_O__O__O__	6	275
4|4|OOB_____O__P___O	9	274
4|4|OBP__O_O____O___	8	274
4|4|OOO____O___B__P_	7	274
4|4|OPB____O_____OO_	9	273
4|4|OO___O______BO_P	8	273
4|4|O_B____O_O_PO___	8	273
4|4|O_O____P__O__B_O	7	272
4|4|OO______O__OB__P	9	271
4|4|_O____OPO_O___B_	8	271
4|4|OOO_______B__P_O	7	271
4|4|OO_B_________OPO	7	271
4|4|OB_O________POO_	7	271
4|4|O_P__O_O_O___B__	7	271
4|4|OO_O__B__P_____O	6	271
4|4|OB___OO______O_P	6	271
4|4|_OO_O______P_BO_	6	271
4|4|OO_PO____B___O__	5	271
4|4|OO___P______BO_O	8	270
4|4|OBO____PO____O__	8	270
4|4|OBO_____PO_____O	8	270
4|4|OBP____O_O__O___	8	270
4|4|_OP_O____O_O__B_	7	270
4|4|POB______O_O_O__	6	270
4|4|_OB_O______O_PO_	6	270
4|4|OB_____O_P_O__O_	7	269
4|4|O_P__OBO______O_	7	269
4|4|O__P_B____OO_O__	7	269
4|4|OOOB_____O____P_	6	269
4|4|OOO__B_____O_P__	6	269
4|4|OP___O_O_B____O_	6	269
4|4|O_O__O______B_OP	6	269
4|4|O_OB_O_______OP_	5	269
4|4|O_BP_____O_O_O__	5	269
4|4|O_P____O__O__OB_	5	269
4|4|OBO____OO____P__	8	268
4|4|OO_O______PB___O	7	268
4|4|OO_OO____B___P__	6	268
4|4|OO___O_P____OB__	9	267
4|4|OO____O____BP__O	9	267
4|4|OOPO__B_______O_	8	267
4|4|OO_O_______B__PO	7	267
4|4|OO_P_O______BO__	6	267
4|4|_OO_O______B_PO_	6	267
4|4|_OO_B______P_OO_	6	267
4|4|O__P_B_O_O____O_	5	267
4|4|OBO____O___O_P__	9	266
4|4|OO_P_B__O______O	7	266
4|4|OO__B_____P_O__O	7	266
4|4|P_O____O__BO_O__	7	266
4|4|OOB____O__P_O___	6	266
4|4|OO_PB____O__O___	6	266
4|4|O__P_B____O__OO_	6	266
4|4|OB_O__O_O____P__	5	266
4|4|OO___B__O__O_P__	7	265
4|4|O_O___O___OBP___	7	265
4|4|OBOP______O__O__	6	265
4|4|OP_____O_BO___O_	6	265
4|4|OO__B______O_P_O	9	264
4|4|OPB____O__O_O___	9	264
4|4|O_O___O_P__O__B_	9	264
4|4|OOO___B____OP___	8	264
4|4|OO_P__B__O___O__	7	264
4|4|OP_____O_B___O_O	7	264
4|4|O____O_O___B_PO_	6	264
4|4|O_____OO_P_B__O_	6	264
4|4|P_B____O__O__OO_	10	263
4|4|OOO______B__O__P	9	263
4|4|OP____B___OOO___	8	263
4|4|OOO___B____O_P__	7	263
4|4|OO_OB____P_____O	7	263
4|4|OBO____OP___O___	7	263
4|4|OB_P__O______OO_	7	263
4|4|O__O_BP__O___O__	7	263
4|4|OPB____OO____O__	10	262
4|4|OO____BOO_____P_	9	262
4|4|OO___O_O_____B_P	8	262
4|4|O_B___O__P_O_O__	8	262
4|4|OO____B__O_O__P_	7	262
4|4|OP____B__O_O__O_	7	262
4|4|O_P_______OB_OO_	7	262
4|4|OB___O_O_____PO_	6	262
4|4|O_O___O_____PB_O	5	262
4|4|O_OB___P___O__O_	8	261
4|4|OO_O_O______PB__	7	261
4|4|OO_____O_B___O_P	7	261
4|4|P_O____O__BO__O_	6	261
4|4|PO____BO_____OO_	9	260
4|4|OOO__B_______O_P	6	260
4|4|O_O___O____OPB__	6	260
4|4|O_O____O__OB__P_	6	260
4|4|O_B____O_O__O_P_	5	260
4|4|OB____O_O__P___O	9	259
4|4|OB____O__O_O_P__	9	259
4|4|OO___B_____OP_O_	7	259
4|4|OB___O_P_____OO_	6	259
4|4|O_P__O____BO_O__	5	259
4|4|OB____O_O__O___P	9	258
4|4|OBO___P____O_O__	8	258
4|4|OO____P_____OB_O	7	258
4|4|O_____O__P_O_OB_	7	258
4|4|OB_____OOP____O_	6	258
4|4|O_P__O_O__B___O_	6	257
4|4|O_P_______OO_BO_	5	257
4|4|OO____BP_____O_O	10	256
4|4|OO_____O_B__P_O_	7	256
4|4|O_B__O___O___O_P	8	255
4|4|OO___O_O_B____P_	6	255
4|4|OO_B__O______PO_	7	254
4|4|OB_____PO__O__O_	7	254
4|4|O_O__O_P_O___B__	7	254
4|4|O_O__OB____O_P__	6	254
4|4|PO_____O_OO__B__	9	253
4|4|OOB____O___O_P__	8	253
4|4|OB____OO_P____O_	7	253
4|4|O__O_B___OP__O__	7	253
4|4|OB_O_O_P_____O__	6	253
4|4|OB___O__O__OP___	6	253
4|4|OOP___B_____O__O	9	252
4|4|OOO_____P_B____O	8	252
4|4|OO____B____O_PO_	8	252
4|4|OOOP_______B_O__	7	252
4|4|O_OB_O___O____P_	7	252
4|4|O_OB_O___P____O_	7	252
4|4|O_B__O_P_O___O__	7	252
4|4|_O__P_OO_B___O__	7	252
4|4|OOB____O_P_____O	6	252
4|4|O_O__OBO____P___	6	252
4|4|_OO__O__O__B__P_	6	252
4|4|_OB_____OO_O_P__	6	252
4|4|O_O_______OP_BO_	5	252
4|4|O_____OO_O_B_P__	5	252
4|4|OO_____O_P_B___O	9	251
4|4|OBP_____O_O____O	9	251
4|4|O_____OO_P___BO_	8	251
4|4|OOP__B_______O_O	7	251
4|4|OB___P__O__O__O_	7	251
4|4|OO____O____B_PO_	6	251
4|4|_O__B_O_P__O_O__	5	251
4|4|OB_O_____P__O_O_	8	250
4|4|OP____BO_____OO_	8	250
4|4|O_O__O__P_B____O	8	250
4|4|OO_____O_BO___P_	6	250
4|4|O__P_OBO______O_	6	250
4|4|_OB_____PO_O_O__	6	250
4|4|O_O____O___O_BP_	9	249
4|4|OO____B__P_O__O_	8	249
4|4|OO_____OPB____O_	8	249
4|4|_OO_B__P___O__O_	8	249
4|4|OOP__B_____O_O__	7	249
4|4|OO_O_B____P____O	7	249
4|4|OO____B__P_O_O__	7	249
4|4|OP_O__O____B__O_	7	249
4|4|OOB_O__P_____O__	6	249
4|4|OOP_B______OO___	6	249
4|4|OB_P_____OO___O_	6	249
4|4|O__O_B___O___PO_	6	249
4|4|O__P_____BO__OO_	6	249
4|4|OOO________OPB__	8	248
4|4|OO____B_O__OP___	8	248
4|4|OB____O_OP_____O	8	248
4|4|O_OB______PO__O_	8	248
4|4|O_____O__P_B_OO_	8	248
4|4|OBO___O____P_O__	7	248
4|4|O__O_O____O__B_P	6	248
4|4|OB_______O_P_O_O	9	247
4|4|OO____BO_____OP_	8	247
4|4|OB____O_OO_____P	8	247
4|4|OO_P__B____O__O_	7	247
4|4|OO_____O__O_PB__	7	247
4|4|OO_P__O____B__O_	6	247
4|4|O__P__B____O_OO_	8	246
4|4|OO_B__PO_____O__	6	246
4|4|OO__B__O__P_O___	6	246
4|4|O_O_____PBO____O	9	245
4|4|OO_P__B__O__O___	8	245
4|4|OB____O__P_O_O__	8	245
4|4|O_O__OO____BP___	8	245
4|4|OO_____OP_B__O__	7	245
4|4|O_O___O__O_BP___	7	245
4|4|P_O___O__B_O__O_	7	245
4|4|P_B__O_O___O__O_	7	245
4|4|_OO_BO_____O_P__	7	245
4|4|_OB_OO_____P_O__	7	245
4|4|OO_P__B___O__O__	6	245
4|4|P_O__O_O__B__O__	6	245
4|4|OO_____O_O_B_P__	9	244
4|4|OB_______O_PO_O_	9	244
4|4|P_____OO_O_O_B__	8	244
4|4|O_O___OO_____B_P	9	243
4|4|OP_O_B____O____O	8	243
4|4|O_O___O_O_B____P	7	242
4|4|OB_O__O__P_____O	8	241
4|4|OO_B_P_______O_O	6	241
4|4|OB_O__O__O_____P	8	240
4|4|O_O__O_____O_BP_	8	240
4|4|OB_O__O_____P_O_	6	240
4|4|O_O___O___O__B_P	6	240
4|4|_O___OO_O__B__P_	6	240
4|4|OO_OO________BP_	5	240
4|4|OO___O_O___BP___	11	239
4|4|_OO_B__P__O___O_	8	239
4|4|OO________P_BO_O	6	239
4|4|OP________O_BO_O	6	239
4|4|O_O___OP_____BO_	6	239
4|4|O_P___OO_O___B__	6	239
4|4|OO_B___O__P__O__	5	239
4|4|OO_____PO__B_O__	10	238
4|4|_OO_O__P___O__B_	8	238
4|4|O_O___B__PO____O	5	238
4|4|OOPB_______O__O_	9	237
4|4|O__O_OP_____BO__	8	237
4|4|OO_P__B__O_____O	7	237
4|4|OP_O_B_______OO_	7	237
4|4|_O__OO_P___B__O_	7	237
4|4|O_O______OP_B__O	6	237
4|4|O__B_OO______O_P	6	237
4|4|OO____P____OBO__	9	236
4|4|O_O____P_BO____O	8	236
4|4|OO_P__B___O___O_	7	236
4|4|OP_O__B___O____O	6	236
4|4|OOPOB_______O___	9	235
4|4|O_O____P__OB_O__	8	235
4|4|_OB___P_O__O__O_	8	235
4|4|OO_P_OB_______O_	7	235
4|4|OO____B___OOP___	7	235
4|4|OB_O_P_______OO_	7	235
4|4|O__B_O_O_O_____P	7	235
4|4|OO_O_____PB___O_	6	235
4|4|O_O___O_O__B__P_	6	235
4|4|O__P_B___O___OO_	6	235
4|4|OO_____O_B___P_O	9	234
4|4|OB_______O_OP_O_	9	234
4|4|O_O__BP__O_____O	7	234
4|4|OO_O__O___B_P___	6	234
4|4|OB_P______O__OO_	6	234
4|4|OO____B____P_O_O	9	233
4|4|OB___O_O_P_____O	9	233
4|4|O_____OP_O_O__B_	9	233
4|4|OO______O__OBP__	8	233
4|4|O__O_O____P_BO__	7	233
4|4|P_____OO_B_O_O__	7	233
4|4|_OO_BO_P______O_	7	233
4|4|OO_BO______P_O__	6	233
4|4|_O__P__O_BO__O__	6	233
4|4|_OO__B__O__P__O_	5	233
4|4|OB___O_O_O_____P	9	232
4|4|O_B___OOP____O__	9	232
4|4|O__O_____BP__OO_	9	232
4|4|OO_O___O_B___P__	8	232
4|4|OO____O____BPO__	8	232
4|4|O_BP_O_______OO_	7	232
4|4|OB_O______P__OO_	6	232
4|4|O_O____O__OB_P__	5	232
4|4|OP____OO____BO__	10	231
4|4|OP_____O__O_BO__	9	231
4|4|OB____O__O____OP	8	231
4|4|_OP_O____O_B__O_	8	231
4|4|_OP_____BO_O__O_	7	231
4|4|OO__B___O____P_O	6	231
4|4|O_OB_____OO___P_	6	231
4|4|O_OB_____PO___O_	6	231
4|4|O__P_B_O_O___O__	6	231
4|4|OOO________O_BP_	8	230
4|4|OO____P__O____BO	8	230
4|4|OP___O_O____BO__	8	230
4|4|OO_BP______O_O__	6	230
4|4|O____BO______OOP	6	230
4|4|O_O__O___B__P__O	5	230
4|4|OB_P____OO___O__	9	229
4|4|O_BP___O_O____O_	9	229
4|4|OOB____O_O_____P	8	229
4|4|OOB___P__O_____O	7	229
4|4|OO_O___P__B___O_	7	229
4|4|O_P______OOB_O__	7	229
4|4|OOO_B______OP___	6	229
4|4|O_P___B__OO____O	6	229
4|4|_O__O__P__OB__O_	6	229
4|4|_O__B__OP_O__O__	5	229
4|4|_O____O_O_OB__P_	5	229
4|4|OO___B__P____O_O	8	228
4|4|OO_PB______O___O	7	228
4|4|OB_____POO____O_	6	228
4|4|_O__O_OP___B__O_	6	228
4|4|OO_P_B____O_O___	5	228
4|4|P_O____O__OO__B_	5	228
4|4|O_O______OOPB___	8	227
4|4|_OO_O__P___B_O__	8	227
4|4|OO___O_O_____BP_	7	227
4|4|O_O__B____OP_O__	7	227
4|4|O_O____OO_B___P_	7	227
4|4|O_OP_OB_______O_	6	227
4|4|O_P___OO_____BO_	6	227
4|4|P_B___O__O_O__O_	6	227
4|4|OOO_______OBP___	9	226
4|4|OO_____O___B_O_P	7	226
4|4|_OB_O____O_P__O_	7	226
4|4|O_P__B____O_O__O	6	226
4|4|OO___B______PO_O	8	225
4|4|OO_______B_P_O_O	8	225
4|4|OO_PO____B_____O	7	225
4|4|OO_____O__O__BP_	7	225
4|4|OOBPO________O__	6	225
4|4|_OB_O__P___O__O_	6	225
4|4|O__P__O__O_B__O_	5	225
4|4|O_BP_____O_O__O_	10	224
4|4|O_B__O__P__O__O_	6	224
4|4|O_____OO___B_O_P	6	224
4|4|O_O___O__B_O_P__	5	224
4|4|OOP___BO______O_	8	223
4|4|O_O___O__O_PB___	8	223
4|4|O____OB______OOP	8	223
4|4|OO_____O__OB_P__	7	223
4|4|OOP______O____BO	6	223
4|4|O__B_O______POO_	6	223
4|4|_OO__B__P__O__O_	5	223
4|4|O____OOP_____OB_	8	222
4|4|PO____OO_____BO_	8	222
4|4|OO_P______B___OO	7	222
4|4|O_O___BO__P_O___	7	222
4|4|OOP______OB____O	6	222
4|4|O_O___OP_O___B__	6	222
4|4|OOBOP________O__	5	222
4|4|OP_B_O_____O__O_	10	221
4|4|OO_____P__OBO___	9	221
4|4|OP_B______OO__O_	9	221
4|4|O_PB_O_____O__O_	9	221
4|4|O_PB______OO__O_	8	221
4|4|OB_P_____OO_O___	7	221
4|4|O_B____O_O_O_P__	7	221
4|4|OOP_O______B__O_	10	220
4|4|OO__O__O_____B_P	8	220
4|4|O_O____O__BPO___	8	220
4|4|OBO___O____O_P__	7	220
4|4|OP_O__O___B____O	7	220
4|4|O_O__O___O_PB___	7	220
4|4|OO_B___O__P___O_	6	220
4|4|OB_____O_O_P_O__	9	219
4|4|OO_O______B_OP__	8	219
4|4|OO_P_B_____OO___	6	219
4|4|OO_P_B_____O__O_	6	219
4|4|OO_P__B___O____O	6	219
4|4|OB_P____OO____O_	6	219
4|4|O_O__O_O_B___P__	6	219
4|4|O_O___BO___P_O__	6	219
4|4|O_O___BO_P___O__	5	219
4|4|O_B___OP_O___O__	7	218
4|4|O_P__OO____B__O_	7	218
4|4|P_O___BOO____O__	6	218
4|4|_OP__B__O__O__O_	6	218
4|4|O_OP__B___O__O__	5	218
4|4|OOB___P____O_O__	9	217
4|4|O_O___OO___BP___	7	217
4|4|_O__O_OO_B___P__	7	217
4|4|OOO______P____BO	6	217
4|4|O_P___O___BOO___	6	217
4|4|OOB_____O_____OP	8	216
4|4|OO_P__O___B____O	7	216
4|4|OO____BO___O_P__	7	216
4|4|OO_______O_PBO__	7	216
4|4|O_P___BO_O___O__	6	216
4|4|OOB_P________O_O	5	216
4|4|OO____OP____BO__	10	215
4|4|OO_____P__O_BO__	9	215
4|4|O_O___OO_B___P__	9	215
4|4|OO____O____OP_B_	8	215
4|4|O_O__O___O_B__P_	7	215
4|4|OO___B_O____O_P_	6	215
4|4|O__P_____B_O_OO_	6	215
4|4|OB___O__O____P_O	5	215
4|4|OOPB___O_____O__	10	214
4|4|O_P__O____OBO___	10	214
4|4|O_P______OOBO___	9	214
4|4|OO___O_P____BO__	8	214
4|4|O_O__OB_O______P	8	214
4|4|OO___O_P__B_O___	7	214
4|4|_OO_O_B____P_O__	7	214
4|4|_OO_O____B_O_P__	7	214
4|4|OOB____O__O___P_	6	214
4|4|OB___O__O____O_P	5	214
4|4|O_O__O_B____PO__	11	213
4|4|O_O___BO___PO___	10	213
4|4|O_O____B_O__PO__	10	213
4|4|OO____P_O__B__O_	9	213
4|4|OO_____O___P_OB_	9	213
4|4|OP_______O_OBO__	7	213
4|4|O_____OO__B__O_P	7	213
4|4|OOB__P_____OO___	6	213
4|4|OPO____O____BO__	9	212
4|4|OB____O__O_P_O__	8	212
4|4|OPB_______O__O_O	8	212
4|4|OO_B_________OOP	7	212
4|4|OBO__O_P_____O__	6	212
4|4|O_P____O__OO__B_	5	212
4|4|OBPO____O____O__	10	211
4|4|_OO_O___P__O__B_	8	211
4|4|OO___O_P_B___O__	7	211
4|4|O_P__OBO____O___	7	211
4|4|POO_B______O__O_	7	211
4|4|OOOO_____P____B_	8	210
4|4|O_PB_O_______OO_	8	210
4|4|O__B__OO_P____O_	8	210
4|4|OO_P_B_____O___O	7	210
4|4|OO______OB_P__O_	7	210
4|4|O_P___O___BO_O__	5	210
4|4|OO__B____O_PO___	7	209
4|4|OO___B______O_PO	7	209
4|4|OO____O____B_OP_	7	209
4|4|OO____P__B__O__O	7	209
4|4|O_PB______O__OO_	7	209
4|4|OBO__O_O_____P__	6	209
4|4|P_O___O___BO_O__	5	209
4|4|OP_____O_OB____O	9	208
4|4|OO___O_____B_P_O	8	208
4|4|OO__B_O____O_P__	7	208
4|4|OP_B_O_______OO_	7	208
4|4|O_O__BP____O_O__	7	208
4|4|OO____O____O_PB_	7	207
4|4|O_P___BO__O___O_	7	207
4|4|OP_____O_OO__B__	6	207
4|4|OOP_B______O_O__	5	207
4|4|OB____OOO____P__	9	206
4|4|OB_O_O______PO__	8	206
4|4|O__O_O____P__BO_	8	206
4|4|OO____B_P_O____O	7	206
4|4|O_OP__B____O__O_	7	206
4|4|O_P___BO_O__O___	7	206
4|4|O____OO____B_O_P	7	206
4|4|O_____OO_B___O_P	7	206
4|4|P_B__OOO______O_	7	206
4|4|OBO__O_____O_P__	6	206
4|4|OP_B______O__OO_	6	206
4|4|O_O__O____BP_O__	6	206
4|4|OOB_O________P_O	5	206
4|4|O_O____O_BO__P__	8	205
4|4|O____OBO_____PO_	8	205
4|4|OO_B__O__P_____O	6	205
4|4|OBO__O_____P_O__	6	205
4|4|O_P____O__BO__O_	6	205
4|4|_O__PO_O__B__O__	5	205
4|4|OO____B__O____OP	9	204
4|4|OO_________OPBO_	9	204
4|4|OOB_______OP_O__	8	204
4|4|OO_O_B___P___O__	7	204
4|4|OP____B____O_OO_	7	204
4|4|OO_B__O__O_____P	6	204
4|4|O__P_OB______OO_	6	204
4|4|O_____OP_O_B__O_	6	204
4|4|OOB__O_O______P_	5	204
4|4|OOP___O____B__O_	7	203
4|4|OOPO______B_O___	6	203
4|4|OO_B___PO____O__	6	203
4|4|O_OB__O___P__O__	6	203
4|4|OP_O_O___B___O__	5	203
4|4|_OO_____O_BP_O__	5	203
4|4|OO_____P___B_OO_	10	202
4|4|OO_____PO__B__O_	8	202
4|4|P_B__OOO_____O__	8	202
4|4|OO__B__O___O_P__	7	202
4|4|OO_____P_OO__B__	6	202
4|4|O__P_O___OB___O_	6	202
4|4|O____BO___O__O_P	6	202
4|4|OBO____O___PO___	10	201
4|4|OOO____P____BO__	9	201
4|4|OO____O_O__B__P_	9	201
4|4|OOO__________BPO	8	201
4|4|OO___O_O__B_P___	8	201
4|4|O__O_BP__O_____O	8	201
4|4|O__P___O__BO_O__	8	201
4|4|O__B_O____O_P_O_	6	201
4|4|OOBOO________P__	5	201
4|4|O_O____O_B_O__P_	5	201
4|4|P_B____O___O_OO_	9	200
4|4|OO__B_P__O_____O	7	200
4|4|OOO_B______P_O__	5	200
4|4|OOPB__________OO	9	199
4|4|OO__B_____OOP___	8	199
4|4|OP____OO_B___O__	8	199
4|4|PO____B____O_OO_	8	199
4|4|OO__BO_____OP___	7	199
4|4|OO_____O_O_B__P_	7	199
4|4|OP_____O_BO__O__	7	199
4|4|O__P_O___OB____O	7	199
4|4|OOB____O____P__O	6	199
4|4|O_O__OBO_____P__	6	199
4|4|_O__P_OO__B__O__	5	199
4|4|OP_B_O___O____O_	11	198
4|4|OP_B_____OO___O_	10	198
4|4|O_PB_O___O____O_	10	198
4|4|OO____BP_O____O_	9	198
4|4|O_PB_____OO___O_	9	198
4|4|OO____B_O__O__P_	8	198
4|4|O__O_OP__B___O__	7	198
4|4|P____OOO_B___O__	7	198
4|4|POO_B______O_O__	6	198
4|4|OB____OO_P_____O	9	197
4|4|OO_____POB___O__	8	197
4|4|OO____B____O_OP_	7	197
4|4|OO___B_O_____P_O	6	197
4|4|OB____OO_O_____P	9	196
4|4|O_B____O_O__PO__	9	196
4|4|O_O__O_P__B___O_	7	196
4|4|O_O_______OO_BP_	7	196
4|4|PO____O__O_O__B_	7	196
4|4|OO___B_O_____O_P	6	196
4|4|O__P_O____OB__O_	6	195
4|4|O_O____PO_B____O	9	194
4|4|OO____O_P_B____O	8	194
4|4|OO_____OP_B___O_	8	194
4|4|O_O__OO______B_P	8	194
4|4|O_O__BP_O______O	8	194
4|4|O__O_B____P__OO_	8	194
4|4|PO_____O_B_O__O_	8	194
4|4|P____O_O___O_BO_	8	194
4|4|OO____P__O_O__B_	7	194
4|4|O__O_BP______OO_	7	194
4|4|OB____O______OOP	6	194
4|4|O_O__O_____B_PO_	6	194
4|4|O_O___BO_P_____O	5	194
4|4|_OO_O____B_O__P_	5	194
4|4|OB_____O_O___PO_	9	193
4|4|OO_B__O_P_____O_	7	193
4|4|OO__O__O_____BP_	7	193
4|4|OO_______O_OPB__	7	193
4|4|OO_B_O_______O_P	6	193
4|4|OO__BP_O_____O__	6	193
4|4|O_P__O___OB____O	6	193
4|4|_O__OBO____O_P__	6	193
4|4|O__B___O_P_O_O__	5	193
4|4|OO__P__O__O__B__	8	192
4|4|O_BP_O_O______O_	7	192
4|4|OP_______BO__O_O	6	192
4|4|O__B__OO_O_____P	6	192
4|4|OO_B_P_O______O_	5	192
4|4|OOB____O____O__P	7	191
4|4|OO____O____P_OB_	7	191
4|4|OBO_____OP_____O	7	191
4|4|POO___B____O__O_	7	191
4|4|OP_____O_B___OO_	6	191
4|4|OO____B__O_P_O__	7	190
4|4|OB______P_OO_O__	11	189
4|4|OO________O_B_PO	10	189
4|4|OB______PO_O_O__	10	189
4|4|OO___O______B_PO	9	189
4|4|OO________O_BP_O	9	189
4|4|OO__B______O_PO_	8	189
4|4|OO___O_____OPB__	8	189
4|4|OO___O______BP_O	8	189
4|4|OO_B__O_O_____P_	7	189
4|4|OO_B__P______OO_	7	189
4|4|OB_____P_O_O__O_	7	189
4|4|P_____OO_O_O__B_	7	189
4|4|OOO___B____PO___	10	188
4|4|OO_____OO__B__P_	8	188
4|4|_OO_P____B_O__O_	8	188
4|4|OO_O__B___P__O__	7	188
4|4|O_O__OB____O__P_	6	188
4|4|O_O___O___BOP___	6	188
4|4|O_P___O___OB__O_	6	188
4|4|OBPO_____O___O__	9	187
4|4|OB_OP___O____O__	8	187
4|4|O_OB___PO______O	8	187
4|4|OO__O_B____P_O__	7	187
4|4|OO____P____B_OO_	7	187
4|4|O_P__B____OO_O__	7	187
4|4|P_O__B_OO____O__	7	187
4|4|_O__B___P_OO_O__	6	187
4|4|OOO____P___B_O__	10	186
4|4|OPB____O___O_O__	10	186
4|4|OO______O__OPB__	8	186
4|4|OB___OO____OP___	8	186
4|4|_O__O_BO_P____O_	8	186
4|4|O_O___O____O_B_P	7	186
4|4|POO___B____O_O__	7	186
4|4|OO_B______P__OO_	6	186
4|4|O__O_O___BP__O__	6	186
4|4|O__P__O___OB_O__	6	186
4|4|OPB____O__O__O__	9	185
4|4|P____OOO_B____O_	8	185
4|4|O____OBO_____OP_	7	185
4|4|OOBP______O_O___	5	185
4|4|O__B___O_O_P_O__	5	185
4|4|OO____O____PBO__	9	184
4|4|OPB__O_O_____O__	8	184
4|4|O_O__O____OBP___	8	184
4|4|OO_______B_PO__O	7	184
4|4|O_O______OOBP___	7	184
4|4|OO___B______OP_O	6	184
4|4|OP______OB___O_O	6	184
4|4|O__P_O___BO____O	6	184
4|4|P_O__O____BO__O_	5	184
4|4|OPB___OO_____O__	8	183
4|4|OO_____P_O_B__O_	7	183
4|4|_OB_P_____OO_O__	6	183
4|4|_OP_B_____OO_O__	6	183
4|4|OO____B__O_PO___	9	182
4|4|OB_____P_O___OO_	9	182
4|4|OBO______PO____O	7	182
4|4|OOP_______BOO___	6	182
4|4|O_BP_____OO__O__	6	182
4|4|OBO____O___OP___	10	181
4|4|O_O___OO_____BP_	8	181
4|4|OO_OO_______PB__	6	181
4|4|OO____O___B__P_O	6	181
4|4|O_P__B___OO____O	6	181
4|4|OO_____P___OBO__	10	180
4|4|OO___OB____PO___	8	180
4|4|O_P____O__OO_B__	8	180
4|4|OO_O_B____P_O___	6	180
4|4|O_B__PO____OO___	6	180
4|4|O__O_OO__B___P__	6	180
4|4|OO__B_PO_____O__	5	180
4|4|OO___O_P___B_O__	9	179
4|4|OO____OP___B_O__	8	179
4|4|OB___OO____PO___	8	179
4|4|O_B____O_O_O___P	8	179
4|4|_O__P__O_OO__B__	8	179
4|4|O_O___OO____PB__	8	178
4|4|OOOP______O_B___	7	178
4|4|OB____O__P_O__O_	7	178
4|4|OPB___O____O_O__	7	178
4|4|O_B____O_O_OP___	6	178
4|4|OO_______B___OOP	7	177
4|4|OB____O__O_P__O_	7	177
4|4|OB_P__O_O______O	10	176
4|4|OO_O_O____P_B___	8	176
4|4|P_B___OO___O_O__	8	176
4|4|_O____OBO_O___P_	8	176
4|4|OO____O__B__O__P	7	176
4|4|O____O_O___O_PB_	6	176
4|4|P_O___B___OO__O_	6	176
4|4|OP_____O___OBO__	10	175
4|4|OO_OB____P__O___	8	175
4|4|OO_O__B___P___O_	8	175
4|4|OO___B_P____O__O	8	175
4|4|OO_O_PB_______O_	7	175
4|4|OB_O__O__P___O__	7	175
4|4|_O___OOBO_____P_	7	175
4|4|OO_O__O_____PB__	6	175
4|4|_OO_B_____OP_O__	6	175
4|4|_OB_O_____OO_P__	6	175
4|4|OO_O__P___B_O___	9	174
4|4|O_B____O_O___OP_	8	174
4|4|OP_O_B___O_____O	7	174
4|4|OO__B_P_O______O	6	174
4|4|O__P_B___OO___O_	5	174
4|4|OPB__O_______O_O	7	173
4|4|P_____O__B_O_OO_	7	173
4|4|_O___O_OBO____P_	7	173
4|4|OO_P_B__O_____O_	6	173
4|4|O_P___B___OO_O__	6	173
4|4|OO____B____OP__O	8	172
4|4|O_BP___O_O___O__	8	172
4|4|OOBOO_________P_	7	172
4|4|O_O__B_P__O__O__	7	172
4|4|O_____OO_P___OB_	7	172
4|4|O_____BO__O__O_P	7	172
4|4|P_O___OO__B___O_	6	172
4|4|_O__O_B__P_O_O__	6	172
4|4|O__O_O___BO__P__	5	172
4|4|OP____O____OBO__	9	171
4|4|OP_B__O___O____O	8	171
4|4|OB_O_____PO__O__	7	171
4|4|O_PB__O___O____O	7	171
4|4|OO_O______BP__O_	6	171
4|4|P_B__O___O_O__O_	6	171
4|4|OO_P_O___B___O__	5	171
4|4|OB_____O_O_O_P__	9	170
4|4|OO_____OO_B__P__	8	170
4|4|OO_____O_B___PO_	8	170
4|4|O____OB___O__O_P	7	170
4|4|O____B_O___O_O_P	7	170
4|4|OO___BO_____O__P	6	170
4|4|OB____P___O__O_O	6	170
4|4|_O___O_OP_O__B__	10	169
4|4|OPOB__O_______O_	8	169
4|4|OOO______B_O_P__	7	169
4|4|OOB____O_O___P__	7	169
4|4|OB_O_____P___OO_	7	169
4|4|_OO_O__P_B___O__	7	169
4|4|OOB_P______O_O__	5	169
4|4|O_BP__O__O___O__	5	169
4|4|OOB___P_O______O	8	168
4|4|OO____B__O_P__O_	8	168
4|4|OOO___B____O__P_	7	168
4|4|OOO___B_______PO	7	168
4|4|OOB__O_____P_O__	7	168
4|4|OO_O_B___P_____O	7	168
4|4|OOBO______P___O_	6	168
4|4|OBO_P______O__O_	6	168
4|4|OO____B__OO____P	8	167
4|4|O_____O__P_O_BO_	8	167
4|4|OO_O__O____B__P_	7	167
4|4|O_O__B_OP____O__	7	167
4|4|O__P_OB__O____O_	7	167
4|4|OO_____O_B___OP_	6	167
4|4|OOB_O______O_P__	5	167
4|4|OOP__O_____B__O_	8	166
4|4|_O__B_O__P_O_O__	8	166
4|4|OO___B_P_____OO_	7	166
4|4|OO_____P_____OBO	7	166
4|4|OB____O___O__P_O	6	166
4|4|O_O___O___BP_O__	6	166
4|4|OB_O__P______OO_	5	166
4|4|_O__P_OO__B___O_	5	166
4|4|OB_P____OO_____O	9	165
4|4|OO_____P__OB_O__	8	165
4|4|OO_P_O____O_B___	7	165
4|4|OO________OOPB__	7	165
4|4|O_O___O___BPO___	7	165
4|4|O__O_O___P___OB_	7	165
4|4|_OB____OOO___P__	7	165
4|4|OO_B_O_P______O_	6	165
4|4|OO_B___P__O___O_	6	165
4|4|OO_____O___B_PO_	6	165
4|4|OB_P_OO_____O___	9	164
4|4|OO____B___OPO___	8	164
4|4|O_O____P__OO_B__	8	164
4|4|O_B__O___O_P_O__	8	164
4|4|OO_O___O__B___P_	7	164
4|4|O_O____O__BO_P__	7	164
4|4|_O__O_O__B_O__P_	6	164
4|4|O_B___OO_O____P_	5	164
4|4|O__P_B_O__O___O_	5	164
4|4|OO____BP_____OO_	9	163
4|4|OO____O__O_B__P_	8	163
4|4|OO_____O__B_P_O_	7	163
4|4|OO_____O__B__O_P	7	163
4|4|OB_P_OO______O__	7	163
4|4|OBO_______OO_P__	6	163
4|4|OBO_______OP_O__	6	163
4|4|_OB__O__P__O_O__	6	163
4|4|OOBP_____O___O__	5	163
4|4|O_B___O_P_O____O	5	163
4|4|OB____O__O_O___P	9	162
4|4|OOO___BO_____P__	8	162
4|4|OO____P__O_B__O_	8	162
4|4|P_____OO_B_O__O_	8	162
4|4|OP_________OBOO_	7	162
4|4|O_OP_O____O_B___	7	162
4|4|OO___O___B___O_P	6	162
4|4|OB____O___O__O_P	6	162
4|4|O__P_OO____B__O_	6	162
4|4|OO_P_B____O___O_	5	162
4|4|OO____O_OB_____P	9	161
4|4|OBO___O_O______P	8	161
4|4|OOP____O__B__O__	7	161
4|4|OO_______BO__P_O	7	161
4|4|OO_________PBOO_	7	161
4|4|O_P__OB____O__O_	7	161
4|4|_OO__O__P__O__B_	7	161
4|4|OOB_O__O______P_	6	161
4|4|OO_PB___O______O	6	161
4|4|OO__B___P__O__O_	6	161
4|4|O_BP_____OO____O	5	161
4|4|O_O__O_O__B____P	8	160
4|4|O__O_O___BP___O_	8	160
4|4|OO___B______O_OP	6	160
4|4|O__P_____BOO__O_	6	160
4|4|OPO______B_O__O_	5	160
4|4|OOO___O______B_P	8	159
4|4|OO___B_____O_P_O	7	159
4|4|OPB______O___O_O	7	159
4|4|O_P___OO___B__O_	6	159
4|4|O____OBO_P____O_	6	159
4|4|P_____OO_OB__O__	6	159
4|4|_OB_O__O_O___P__	6	159
4|4|O_B___O__P_OO___	5	159
4|4|OP_____O_OB_O___	9	158
4|4|P_B____O__OO__O_	8	158
4|4|OO___B_____O_O_P	7	158
4|4|OBO___P_O______O	7	158
4|4|_O__O_B__P_O__O_	7	158
4|4|OP___O___B___O_O	6	158
4|4|O_O___O___OB_P__	5	158
4|4|OB___O_OO______P	9	157
4|4|OO_O___O__B__P__	8	157
4|4|O_O___OO__B_P___	8	157
4|4|OP_O_B____O_O___	7	157
4|4|OOOP_B_______O__	6	157
4|4|O_P___OO__B___O_	6	157
4|4|OO_O__O______BP_	5	157
4|4|O_BP_____O___OO_	9	156
4|4|P_B__O_O__O___O_	8	156
4|4|O_O__O_O__B__P__	7	156
4|4|OOO_______BO_P__	6	156
4|4|OO___B___O___P_O	6	156
4|4|O__P_O____BO__O_	6	156
4|4|_O__OO_O__B__P__	6	156
4|4|O_B____P_O_O_O__	7	155
4|4|OB_P_O____O__O__	6	155
4|4|_O___B_OO_P___O_	6	155
4|4|OB___O_O_P___O__	8	154
4|4|_OP___O_O__O__B_	8	154
4|4|OOO______PB____O	7	154
4|4|OO__O__O__B__P__	7	154
4|4|OO__B____P_O__O_	7	154
4|4|OO____B__P_O___O	7	154
4|4|OO____B___OO_P__	7	154
4|4|OO_____O_P___OB_	7	154
4|4|OP_O_OB______O__	7	154
4|4|O____O_O__B__PO_	6	154
4|4|_O__PO_O__B___O_	5	154
4|4|O__O_B___P___OO_	7	153
4|4|O____O_O__O__B_P	7	153
4|4|_OP_B_____OO__O_	7	153
4|4|OOO______B_PO___	6	153
4|4|OO_______BO_P__O	6	153
4|4|O__P_OB____O__O_	6	153
4|4|_O__PBO____O_O__	6	153
4|4|OO_B___O_P_____O	8	152
4|4|OO___B___O___O_P	6	152
4|4|O_O__O_P_B_____O	6	152
4|4|OB_O__O______PO_	5	152
4|4|OO_B___O_O_____P	8	151
4|4|OBP_____OO_____O	8	151
4|4|P_B___O____O_OO_	8	151
4|4|PO____O____O_BO_	7	151
4|4|OO____P___B__O_O	6	151
4|4|O__P_BO___O__O__	6	151
4|4|_OO_O__P___B__O_	6	151
4|4|OP_______B_OO_O_	5	151
4|4|OBOP__O_____O___	10	150
4|4|OP___B__O__O_O__	8	150
4|4|_OO_B_____OP__O_	7	150
4|4|OO__B____O___P_O	6	150
4|4|OO________P_OB_O	6	150
4|4|O_P__BOO_____O__	6	150
4|4|_OB_P____O_O_O__	5	150
4|4|OBO___OP_____O__	9	149
4|4|OO____BO_O_____P	8	149
4|4|O_O__O_P__B____O	8	149
4|4|O__O_OP___B_O___	8	149
4|4|O____OBP_____OO_	8	149
4|4|OOB____P_O___O__	7	149
4|4|OO_O_O___P____B_	7	149
4|4|O_P___OO__B_O___	7	149
4|4|POB____O_O___O__	7	149
4|4|OOOB__P______O__	6	149
4|4|OOP_B_____O____O	6	149
4|4|OP_____O__O__B_O	6	149
4|4|O_P__B_O___O__O_	6	149
4|4|OOO__B_P_____O__	7	148
4|4|OP_O__O_O____B__	5	148
4|4|OO_____OOB___P__	10	147
4|4|OB___O_____OOP__	9	147
4|4|OO___B_P_O_____O	8	147
4|4|OP_______OB_O__O	8	147
4|4|O_OP_O____B____O	8	147
4|4|O____OO______OBP	8	147
4|4|OB___O_O__O_P___	7	147
4|4|O__O_B___OP___O_	7	147
4|4|OO_O_O___B___P__	6	147
4|4|P_O______OOB_O__	6	147
4|4|_OP_BO_____O__O_	6	147
4|4|OO_B_P_______OO_	5	147
4|4|_OB_O____O_O_P__	5	147
4|4|_OP_B_O____O_O__	5	147
4|4|O_____OO_____OBP	8	146
4|4|O_OP_O_____O__B_	7	146
4|4|O_O__O_B_P_____O	7	146
4|4|O_P__OOB____O___	7	146
4|4|O_P___OO__B__O__	7	146
4|4|OOBO_P________O_	6	146
4|4|OO_____P__O__B_O	6	146
4|4|OB_O__O_P_____O_	6	146
4|4|_O__BP_O_O___O__	6	146
4|4|OBP______OO____O	8	145
4|4|OO_P_O____B____O	7	145
4|4|O_OP___O___O__B_	7	145
4|4|_OB____POO___O__	7	145
4|4|OB_O_O____P__O__	6	145
4|4|OOOB______P__O__	5	145
4|4|_O__OO_P__B___O_	5	145
4|4|OBO___O____PO___	10	144
4|4|P_B__OO____O_O__	7	144
4|4|OO_P_O_____O__B_	6	144
4|4|OO_P___O___O__B_	6	144
4|4|OO_____P_OB___O_	6	144
4|4|OPOB______O____O	6	144
4|4|POO____O__B___O_	6	144
4|4|_OO_BO_____P__O_	6	144
4|4|OBO___O____OP___	10	143
4|4|P_B____O_OO__O__	9	143
4|4|OBO____OP______O	8	143
4|4|O__B__O____O_O_P	8	143
4|4|O____OO__P_B__O_	8	143
4|4|_O__BPOO_____O__	8	143
4|4|OOOO_B_______P__	6	143
4|4|O_P__O____BO__O_	5	143
4|4|_OO_B_O____P_O__	5	143
4|4|OO_____P_O__BO__	11	142
4|4|OBO___OO_____P__	9	142
4|4|O__P_O_O__O__B__	8	142
4|4|OOO_______BPO___	7	142
4|4|OOO_______P_B__O	7	142
4|4|OO_O__O___B____P	7	142
4|4|OO____O__B__P__O	7	142
4|4|O_O__O___PB____O	7	142
4|4|O____OOO_____B_P	7	142
4|4|OO__O_O______B_P	6	142
4|4|O_O___OB_O__P___	8	141
4|4|PO____BO___O_O__	7	141
4|4|_O__POB____O_O__	7	141
4|4|OO______OB_P_O__	6	141
4|4|O_P___BO__O__O__	6	141
4|4|_O__OOB____O_P__	6	141
4|4|OOP_B____O_____O	5	141
4|4|O_BP_O____O_O___	5	141
4|4|O_BP_O_____O_O__	5	141
4|4|OPB___O_O______O	10	140
4|4|OOO___B_O______P	9	140
4|4|OB______O_OP_O__	9	140
4|4|O_O___OP___BO___	9	140
4|4|OB______OO_P_O__	8	140
4|4|OP___B__O____O_O	8	140
4|4|OO_B__O_O______P	6	140
4|4|_O__B_PO_O___O__	5	140
4|4|OOO_O________B_P	8	139
4|4|O____PBO_____OO_	8	139
4|4|OO____O___O__B_P	6	139
4|4|_OB_O__P_O___O__	6	139
4|4|O__O_O____O__BP_	5	139
4|4|OB____O_O_____OP	8	138
4|4|O_O__OOB____P___	7	138
4|4|O_P___OB_O__O___	7	138
4|4|O____OB____O_PO_	7	138
4|4|O_____OO_OB___P_	7	138
4|4|_OO_O__P__B___O_	7	138
4|4|_O__BP_O__O__O__	7	138
4|4|O_BP_O___O____O_	6	138
4|4|O_P__B____OOO___	6	138
4|4|O____OOO___B_P__	6	138
4|4|_O__B_PO__O__O__	6	138
4|4|_O__O_P___BO_O__	5	138
4|4|OB_P_O___O___O__	9	137
4|4|O_BP_____OO___O_	9	137
4|4|OO___B_PO_____O_	8	137
4|4|_OB____OPO___O__	7	137
4|4|O_O__OB____P_O__	6	137
4|4|OP____O_O____B_O	5	137
4|4|O__O_OO_____PB__	5	137
4|4|O__P__BO___O_O__	5	137
4|4|O____BOO_____PO_	5	137
4|4|OOBPO_________O_	9	136
4|4|OPB____O_O___O__	9	136
4|4|OO___BO__P_____O	7	136
4|4|OP_____O__BO_O__	7	136
4|4|OP____O_O__O_B__	6	136
4|4|O____OO____B_PO_	6	136
4|4|OPOB______O__O__	5	136
4|4|O_P___O____O_BO_	5	136
4|4|OO_____P_O_B_O__	9	135
4|4|OB______O_OO_P__	9	135
4|4|OOOP_____O____B_	8	135
4|4|OO___O_____B_O_P	8	135
4|4|OB____OPO_____O_	8	135
4|4|OB______OO_O_P__	8	135
4|4|_O___O_BO_O___P_	8	135
4|4|OOO___B____P_O__	7	135
4|4|OOB_____OO_____P	7	135
4|4|OP_O_O____B____O	7	135
4|4|O__P_OO___B____O	7	135
4|4|O_____OO_PB___O_	7	135
4|4|O_PB__O___O__O__	6	135
4|4|_O___O_OO_B___P_	5	135
4|4|_O__OP_O__B__O__	8	134
4|4|O____BO__P_O_O__	7	134
4|4|P_O___O___OO_B__	7	134
4|4|_O__O_PO__B__O__	7	134
4|4|OO________O_PB_O	6	134
4|4|O_O__O_P_O__B___	7	133
4|4|OO___O____B_P__O	6	133
4|4|O____B_O__O__O_P	6	133
4|4|O__P_OB____O_O__	5	133
4|4|OB____O__O_OP___	9	132
4|4|OOB____OO___P___	8	132
4|4|P_B___OO__O___O_	8	132
4|4|OPOB_O________O_	7	132
4|4|OOB____O__P____O	6	132
4|4|OO____O_____OB_P	6	132
4|4|OPOB______O___O_	6	132
4|4|O_OB_PO_______O_	5	132
4|4|OOP___B____O__O_	8	131
4|4|OOP___B_______OO	8	131
4|4|O____BPO_____OO_	8	131
4|4|OO_______B_P_OO_	7	131
4|4|O_OB__O___P___O_	7	131
4|4|O_O__O_O__B___P_	7	131
4|4|O_P__O____OB__O_	7	131
4|4|_OO_P_B____O__O_	7	131
4|4|OO_______BP_O__O	6	131
4|4|_OB_P__O_O___O__	6	131
4|4|OOBO___O______P_	5	131
4|4|OP_B__O___O__O__	5	131
4|4|O_OB_OO_______P_	5	131
4|4|O_B__O_O___O__P_	5	131
4|4|O_B__O___P_OO___	5	131
4|4|O_____BO_P_O_O__	5	131
4|4|P_O__O_O___O__B_	5	131
4|4|OP_____O_O___B_O	10	130
4|4|OO____O___OBP___	9	130
4|4|OO___B_P___O_O__	8	130
4|4|OO____OO_B___P__	8	130
4|4|OO__B_O__P_____O	7	130
4|4|OO___O____B_O__P	7	130
4|4|OO_____O_BO__P__	7	130
4|4|O__P__B__O___OO_	7	130
4|4|_O___O_OB_O___P_	7	130
4|4|P_O___BO___O__O_	6	130
4|4|O_B___OOP_____O_	10	129
4|4|_OO_O__O_B___P__	9	129
4|4|PO____O__B_O__O_	8	129
4|4|_O__O_O__O_B__P_	7	129
4|4|_O__O_O__B_O_P__	6	129
4|4|O_O___O____P_BO_	5	129
4|4|OO_____P_O___B_O	10	128
4|4|OO___B_P____OO__	7	128
4|4|_OP_O_____BO__O_	6	128
4|4|O_P__O_O___O__B_	5	128
4|4|OO_P__B_O______O	7	127
4|4|O_BP______OO_O__	6	126
4|4|OO_B_O_______OP_	5	126
4|4|O_O___P__BO____O	5	126
4|4|O__B__O__P_O_O__	5	126
4|4|OB____O__O_PO___	9	125
4|4|O_BP__O__O____O_	8	125
4|4|OO___O_O_B___P__	7	125
4|4|OO_____O___OP_B_	7	125
4|4|O_OP__B_O______O	7	125
4|4|OO____P__B_O_O__	6	125
4|4|O____OBO___O_P__	6	125
4|4|OOBP______O____O	5	125
4|4|OO_O__O___B__P__	5	125
4|4|O_B____O_O_O__P_	5	125
4|4|OB_P__O__O__O___	9	124
4|4|_OP_OO_____B__O_	9	124
4|4|OB____OO_P___O__	8	124
4|4|O_OP_O___O____B_	8	124
4|4|_OP_O_____OB__O_	8	124
4|4|OO____P__OB____O	7	124
4|4|OB_P__O___O__O__	7	124
4|4|O_O___O___B___OP	7	124
4|4|P_____OO_BO__O__	7	124
4|4|O_P__B_O___OO___	6	124
4|4|_O__OOBO______P_	5	124
4|4|OOP____O__O__B__	9	123
4|4|P_B____O__OO_O__	9	123
4|4|OOPO_B_______O__	8	123
4|4|OO__B_____OO_P__	8	123
4|4|OOP_O______O__B_	7	123
4|4|OO_P_O___O____B_	7	123
4|4|O_O__O___O__B__P	6	123
4|4|O_O___BO___O__P_	6	123
4|4|P_B__O___O_O_O__	6	123
4|4|_OO_____O_BP__O_	5	123
4|4|OOO____P__O__B__	9	122
4|4|OB_____O_O_PO___	9	122
4|4|O__B___O_O_O___P	9	122
4|4|OO____B____P_OO_	8	122
4|4|O__P__OO__B__O__	8	122
4|4|_O__B_O___OO_P__	8	122
4|4|OO___O___B___P_O	7	122
4|4|OO___BP_____O__O	7	122
4|4|OO___B_____OO_P_	7	122
4|4|OO_____O__B_O_P_	7	122
4|4|OO_____O__B__P_O	7	122
4|4|O_P___B___OO__O_	7	122
4|4|OP_O_B___O____O_	6	122
4|4|OO_B__O___P__O__	5	122
4|4|O__B___O__O_P_O_	5	122
4|4|O____P_O__O__BO_	5	122
4|4|OO____B____PO__O	10	121
4|4|O_B___O_P__O__O_	9	121
4|4|O__P__B__OO___O_	7	121
4|4|OB_O__O__P____O_	6	121
4|4|O_BP_O____O__O__	6	121
4|4|O_____O____B_OOP	6	121
4|4|_OB_PO_____O_O__	5	121
4|4|_OP_BO_____O_O__	5	121
4|4|P_____OO_BO___O_	8	120
4|4|O__B__O__O_P_O__	5	120
4|4|O_O___P___BOO___	8	119
4|4|OB____O_O__P__O_	7	119
4|4|OOP____O__B___O_	6	119
4|4|O_____OO___B_PO_	5	119
4|4|OOO_P______O__B_	7	118
4|4|OOP____O__B_O___	7	118
4|4|OO___BO____OP___	7	118
4|4|OO___B_O___OP___	7	118
4|4|O_OP__O___B___O_	7	118
4|4|O_O___OP__B___O_	7	118
4|4|OO_P__O___B___O_	6	118
4|4|OB_O_OP______O__	5	118
4|4|O__O_OO______BP_	5	118
4|4|P_O___O___BO__O_	5	118
4|4|PO___O_____O_BO_	8	117
4|4|_OB_O_____OP__O_	8	117
4|4|OO___BP__O_____O	7	117
4|4|_OB_OO_____P__O_	7	117
4|4|O_P__OO___B____O	6	117
4|4|OB_O_OO______P__	5	117
4|4|O__B_OOO______P_	5	117
4|4|POO____O__O___B_	5	117
4|4|_OB_OO_____O_P__	5	117
4|4|OO____BO__O_P___	7	116
4|4|OO_____P_BO____O	7	116
4|4|O__P___O_B_O__O_	7	116
4|4|PO___B___O_O_O__	7	116
4|4|OOO_B____P_____O	6	116
4|4|OOP____O__O___B_	5	116
4|4|O_B__OOO______P_	5	116
4|4|_OO_BO_____P_O__	5	116
4|4|_O__BOPO_____O__	5	116
4|4|OO____B____POO__	9	115
4|4|OO_____P_B_O__O_	8	115
4|4|OO_O_B____P___O_	7	115
4|4|O_O__OO____B__P_	7	115
4|4|O____OB__P_O__O_	6	115
4|4|_O__P__O_OB___O_	5	115
4|4|OB____O__PO____O	8	114
4|4|OB_______O_P_OO_	8	114
4|4|OPB____O_O_____O	10	113
4|4|OB_____O_O_OP___	9	113
4|4|OB____O__OO____P	8	113
4|4|OOP_____O_B____O	6	113
4|4|OO_BP_O_______O_	6	113
4|4|OO___BO____O_P__	6	113
4|4|_O___O__O_OB__P_	6	113
4|4|O_BP__O____O_O__	5	113
4|4|O__B_POO______O_	5	113
4|4|O__P_BO__O____O_	5	113
4|4|OB_O__O_O______P	8	112
4|4|O_O__O____O__B_P	8	112
4|4|OO___O___O___B_P	7	112
4|4|OB_O____OP___O__	7	112
4|4|OO_O_B___P____O_	6	112
4|4|OO_____O___O_PB_	6	112
4|4|_O__PBOO_____O__	5	112
4|4|OO_________OOPB_	9	110
4|4|OB_______O_O_PO_	8	110
4|4|OO___B_OP_____O_	7	110
4|4|OO_____O_OB___P_	7	110
4|4|OO______OO___B_P	7	110
4|4|O__B_O_______OOP	7	110
4|4|O_P__BO___O____O	6	110
4|4|OO___BO_O______P	8	109
4|4|OOB_O______P__O_	7	109
4|4|O_O____O__BO__P_	7	109
4|4|O__O_BP___O__O__	7	109
4|4|O____OOP___B_O__	7	109
4|4|OO_BO_O_______P_	6	109
4|4|OP_O__O___B___O_	6	109
4|4|_OO_P_____OO__B_	6	109
4|4|OB___O____O_O__P	5	109
4|4|P_O__O_O__O___B_	5	109
4|4|OO____O__PB____O	7	108
4|4|OO_____O_PB___O_	7	108
4|4|OBO_P____O_____O	7	108
4|4|OP_O_B____O___O_	7	108
4|4|_OO_B_OP______O_	7	108
4|4|_O__OP_O__B___O_	7	108
4|4|_O__O_PO__B___O_	6	108
4|4|O_P__O_O__O__B__	8	107
4|4|OOO___O____B__P_	7	107
4|4|PO_______O_B_OO_	7	107
4|4|_O__BOO____O_P__	7	107
4|4|O_P__OBO_____O__	6	107
4|4|OBP___O_O______O	9	106
4|4|OOB____OO______P	8	106
4|4|O_O__O_P__O__B__	8	106
4|4|O_____O__POB__O_	7	106
4|4|O____P_O__BO_O__	6	106
4|4|_O__OBPO_____O__	6	106
4|4|O____OB__P_O_O__	5	106
4|4|OB___OO__P_____O	8	105
4|4|POO____O__B__O__	7	105
4|4|OO__B_O_P______O	6	105
4|4|P_O__B_O_O___O__	6	105
4|4|_OP_O_____OO__B_	6	105
4|4|O_P___O___BO__O_	5	105
4|4|O__O_O___OB__P__	5	105
4|4|P_B__O_O__O__O__	9	104
4|4|OB___OO__O_____P	8	104
4|4|OO___BO_P______O	7	104
4|4|OB_____O_PO___O_	6	104
4|4|O_____O___OB_O_P	6	104
4|4|OO___B_O_P____O_	5	104
4|4|OP______OB_O__O_	5	104
4|4|OO___OB____O_P__	7	103
4|4|PO___BO____O_O__	7	103
4|4|P____OO__B_O__O_	7	103
4|4|OOP__B___O_____O	6	103
4|4|O__P__B___OO_O__	5	103
4|4|OBO____P__O__O__	8	102
4|4|O____OP____B_OO_	7	102
4|4|OO__B____O__O__P	6	102
4|4|O_O__O____BP__O_	6	102
4|4|O_BP_O_____O__O_	6	102
4|4|O__P__BO_O___O__	6	102
4|4|PO_____O_OB__O__	6	102
4|4|_O__OO_O__B___P_	6	102
4|4|_O__O_OO__B___P_	6	102
4|4|O_P__O_O__O___B_	5	102
4|4|OOOP______B____O	8	101
4|4|OBO____O__O__P__	8	101
4|4|OO___B____O__P_O	6	101
4|4|OOO_B__O____P___	5	101
4|4|O_O__OB__P_____O	5	101
4|4|O__B_P_O__O___O_	5	101
4|4|O_O__O_B_O__P___	8	100
4|4|OBO__O___P_____O	7	100
4|4|O____OO____B_OP_	7	100
4|4|OOB____O_O__P___	6	100
4|4|OO___B____O__O_P	6	100
4|4|O_OP_O____B___O_	7	99
4|4|O____OO____O_PB_	7	99
4|4|OO_P_O____B___O_	6	99
4|4|O_O___O___OB__P_	6	99
4|4|O__B_OOP______O_	6	99
4|4|O____P_O__OB_O__	7	98
4|4|O______O__BO_O_P	7	98
4|4|P_O___OO__B__O__	7	98
4|4|_OO_O_O____B__P_	7	98
4|4|OO___B___P_O__O_	6	98
4|4|OP_O__O____O_B__	6	98
4|4|O____O_O__OB_P__	6	98
4|4|O____BO__P_O__O_	6	98
4|4|O____BO____O_PO_	6	98
4|4|O_____PO___B_OO_	6	98
4|4|OB_O_O____P___O_	5	98
4|4|OP____O_OB_____O	7	97
4|4|P____OO____O_BO_	7	97
4|4|OOP_B______O___O	6	97
4|4|OOP_______BO___O	6	97
4|4|OOB____O______PO	5	97
4|4|OO_O_O____B__P__	5	97
4|4|O_P__B_O__O___O_	5	97
4|4|_O___OOPO_____B_	8	96
4|4|P_B______OOO__O_	7	96
4|4|OOOB______P___O_	6	96
4|4|OO_P___O___B___O	6	96
4|4|OP_O_O____B___O_	6	96
4|4|O____OO__O_B__P_	8	95
4|4|OO__BO_____O_P__	7	95
4|4|OBO__O__P______O	7	95
4|4|O_P__O_B_O__O___	7	95
4|4|O__B__O__O_O___P	7	95
4|4|O____PB____O_OO_	7	95
4|4|O_O___OO___B__P_	6	95
4|4|O____O_O__BO_P__	6	95
4|4|O__P__BO__O__O__	5	95
4|4|OB_P_O___O_____O	9	94
4|4|OOPB__O_______O_	8	94
4|4|OO___O_____B_PO_	7	94
4|4|O_O__OO___B____P	7	94
4|4|OB_____P_OO___O_	6	94
4|4|OB___O___P_O__O_	5	94
4|4|O_O___O____O_BP_	7	93
4|4|P____OO__O_O__B_	7	93
4|4|O_P__OB__O_____O	6	93
4|4|OP________OOBO__	8	92
4|4|OO____BO___P_O__	7	92
4|4|O_B___OO_O__P___	6	92
4|4|O____OOO_____BP_	6	92
4|4|OB___O___O_P__O_	5	92
4|4|OO________OPBO__	8	91
4|4|_O__O_OB__O__P__	7	91
4|4|OOB_O______PO___	6	91
4|4|O__O_O___PB__O__	6	91
4|4|O__O_O___PB___O_	6	91
4|4|OO__O_O__B_____P	8	90
4|4|OO___O___B__O__P	7	90
4|4|O____OB____P_OO_	7	90
4|4|O_O__O____P_B__O	6	90
4|4|O__B_O_P__O___O_	6	90
4|4|O__O_O____B__PO_	5	90
4|4|O_O___OP_O__B___	8	89
4|4|OOO____P__B___O_	7	89
4|4|OB___O___O_OP___	7	89
4|4|O____OO____P_OB_	7	89
4|4|P____BO____O_OO_	7	89
4|4|OO_O__O____P_B__	6	89
4|4|OO____B__PO____O	6	89
4|4|O_P__B____OO__O_	6	89
4|4|O__B_O____O__O_P	6	89
4|4|O__P__B__OO__O__	6	89
4|4|O____O_O__O__BP_	6	89
4|4|O_____OO_B___OP_	6	89
4|4|O____BOO_P____O_	5	89
4|4|O_PB_OO_______O_	8	88
4|4|OO___BP____O_O__	7	88
4|4|OB___O___O_PO___	7	88
4|4|O_PB__O___O___O_	7	88
4|4|OO_P_O__O___B___	6	88
4|4|OO___B__P__O__O_	6	88
4|4|_OO_O_____BP__O_	6	88
4|4|OOO____O__B__P__	7	87
4|4|OB_O_OO_____P___	7	87
4|4|OB_O_O___P___O__	7	87
4|4|OP_B_OO_______O_	7	87
4|4|OP_B__O___O___O_	6	87
4|4|P_B__OO____O__O_	6	87
4|4|OP___O___B_O__O_	5	87
4|4|OOP__B__O______O	7	86
4|4|OOP___B___O____O	7	86
4|4|OO___OO______B_P	7	86
4|4|OO___B_P__O__O__	7	86
4|4|OPO_____OB_____O	7	86
4|4|O____POO_B___O__	7	86
4|4|P_____OO_OO__B__	7	86
4|4|OO____O__B_O_P__	6	86
4|4|OO____O___B_P__O	6	86
4|4|OO___BOO_____P__	5	86
4|4|OOO__O_______B_P	9	85
4|4|O_P__O_B_O___O__	8	85
4|4|_O__OOP____B__O_	8	85
4|4|_O__O_P___OB__O_	7	85
4|4|_O__OP_O__O___B_	6	85
4|4|OO___B_PO______O	9	84
4|4|O_____OP__O__OB_	8	84
4|4|OO___O___B_O__P_	5	84
4|4|OO___B_O_____PO_	5	84
4|4|O_BP_O____O____O	5	84
4|4|O_B__O__P_O____O	5	84
4|4|O__B_PO______OO_	5	84
4|4|_O__P__O_OB__O__	5	84
4|4|_O___O__O_OP__B_	5	84
4|4|OO___B__O__P__O_	7	83
4|4|OO____B___OP_O__	7	83
4|4|OP____OO__B__O__	7	83
4|4|_O__O_OP__O___B_	7	83
4|4|O__P_B____OO__O_	6	83
4|4|_O__OO_P__O___B_	6	83
4|4|O_OB_P____O___O_	5	83
4|4|OOBO____O______P	7	82
4|4|_OO_P_O____O__B_	7	82
4|4|OOO__B___P_____O	6	82
4|4|OP_______BOO__O_	5	82
4|4|OB___OO_O______P	8	81
4|4|PO___OB____O_O__	7	81
4|4|O______O__OB_O_P	6	81
4|4|OP_O_O___B__O___	5	81
4|4|O__B_OO______OP_	5	81
4|4|P_O__O____OO__B_	5	81
4|4|OP___B_OO_____O_	8	80
4|4|O_OB_O____O___P_	5	80
4|4|OB____OOO______P	9	79
4|4|OBP__O___O_____O	8	79
4|4|P____OOO_O___B__	8	79
4|4|OP_____O_B_O__O_	6	79
4|4|_O__PB___O_O_O__	6	79
4|4|OO_P_O___B__O___	5	79
4|4|_O__OOB____O__P_	5	79
4|4|P_B___OO__O__O__	9	78
4|4|_O__PO_O__O__B__	9	78
4|4|OOO__O_____B__P_	8	78
4|4|_O__P_OO__O__B__	8	78
4|4|OBO_P_____O____O	6	78
4|4|O____OBO___P_O__	6	78
4|4|O_____O__PBO_O__	6	78
4|4|O_____O__PBO__O_	6	78
4|4|O_P__O____OO__B_	5	78
4|4|OB___O___O_O_P__	8	77
4|4|OB___OOP_____O__	7	77
4|4|P_____O__OOO__B_	7	77
4|4|_OP_O_O____O__B_	7	77
4|4|_O__OOB____P_O__	7	77
4|4|OOPO______B____O	6	77
4|4|OP_O_B___O__O___	6	77
4|4|O__P_B_O___O__O_	6	77
4|4|OB___O___O_P_O__	8	76
4|4|O_____O___O__OBP	8	76
4|4|_O__OOO____B__P_	8	76
4|4|OB___OOO_____P__	7	76
4|4|O_O___OO__B___P_	7	76
4|4|_O__O_O___OB__P_	7	76
4|4|OOP___O___B____O	6	76
4|4|OO_____O__B__OP_	6	76
4|4|OO_____O__B__PO_	6	76
4|4|O_____OO__B__OP_	6	76
4|4|O_____OO__B__PO_	6	76
4|4|O_BP_____OO_O___	5	76
4|4|O__P_OB___O____O	5	76
4|4|OP___BO_O______O	8	75
4|4|OO_____O_OB__P__	7	75
4|4|O____BP____O_OO_	7	75
4|4|OO____P__BO____O	6	75
4|4|O_P__OB___O____O	6	75
4|4|_O__OOBO_____P__	6	75
4|4|OO___OB__O_____P	8	74
4|4|OOO___B___P____O	7	74
4|4|OOP_O_____B____O	7	74
4|4|O_BP_O____O___O_	7	74
4|4|O____OOO_B___P__	7	74
4|4|_OP_B_O____O__O_	6	74
4|4|O_BP_O___O___O__	5	74
4|4|O__B_O_P__O__O__	5	74
4|4|OO_____O_B_O__P_	6	73
4|4|O____BOO___O_P__	6	73
4|4|OO___BP_O______O	8	72
4|4|O_____OO___O_PB_	7	72
4|4|OOP__B_____OO___	6	72
4|4|OOP__B_____O__O_	6	72
4|4|OO___B____O_O__P	6	72
4|4|O_O___O___BP__O_	6	72
4|4|O_P__BO____OO___	6	72
4|4|O_P__BO____O__O_	6	72
4|4|O__P_OB___O___O_	6	72
4|4|O_O__OP__B_____O	5	72
4|4|OOB_O_____O____P	7	71
4|4|OO___B_____OO__P	7	71
4|4|O__O_O___PB____O	7	71
4|4|O____OO__PB____O	7	71
4|4|OO___O____B__P_O	6	71
4|4|_OO_B_O____P__O_	6	71
4|4|OB_O__P___O__O__	5	71
4|4|O_P__B_O_O__O___	5	71
4|4|O__P_OB___O__O__	5	71
4|4|OOPB_O________O_	9	70
4|4|OOPB______O___O_	8	70
4|4|O_OP_O____O___B_	7	70
4|4|O_O___OO__B__P__	7	70
4|4|O_____OO_PB__O__	7	70
4|4|OO_P_O____O___B_	6	70
4|4|OO___B_O__O_P___	6	70
4|4|O_P__B_O__O_O___	5	70
4|4|_OP_OB_____O__O_	5	70
4|4|_O__PB_O__O__O__	5	70
4|4|OOP__B_____O___O	7	69
4|4|OB_P_O___O__O___	7	68
4|4|OP___O_____OBO__	7	68
4|4|OOB___OO______P_	5	68
4|4|OB__P__O__O___O_	5	68
4|4|O_P___OO__O__B__	7	67
4|4|OOO_______BP__O_	6	67
4|4|OOB____OP___O___	6	67
4|4|_O__OOOB_____P__	6	67
4|4|OOP_B___O______O	5	67
4|4|OB_O__O___O__P__	5	67
4|4|_O__P_OO__O___B_	5	67
4|4|OO___O_____PBO__	7	66
4|4|OO_____P_OB____O	7	66
4|4|O_O___OP__O__B__	7	66
4|4|OO___B_O___O_P__	6	66
4|4|O____B_O___O_PO_	6	66
4|4|OP_______B_O_OO_	5	66
4|4|_OO_O_B____O__P_	5	66
4|4|OB___OOO____P___	8	65
4|4|O__B___O_OO____P	8	65
4|4|P_____OO___O_BO_	8	65
4|4|O_O__O____OB__P_	7	65
4|4|P____BOO___O_O__	7	65
4|4|P_____OO__O__BO_	7	65
4|4|OB___O____OOP___	6	65
4|4|_O__O_PO__O___B_	5	65
4|4|OO___B____OOP___	7	64
4|4|OP___B__O__O__O_	7	64
4|4|OOP_______B___OO	6	64
4|4|OO_B__O___P___O_	6	64
4|4|OO___B_______OOP	6	64
4|4|OB___O____OPO___	6	64
4|4|O_O__OB___P____O	6	64
4|4|O_BP_OO_______O_	6	64
4|4|O__P_OB__O___O__	6	64
4|4|O__P_OB__O_____O	6	64
4|4|O____OB___OO_P__	6	64
4|4|O_____BO__OO_P__	6	64
4|4|OOB_O____O_____P	6	63
4|4|OOB____PO___O___	6	63
4|4|OO___O_O__B__P__	6	63
4|4|O____BOO_P___O__	6	63
4|4|O_P___O___OO_B__	5	63
4|4|O_PB_O____O___O_	8	62
4|4|OOO____O__B___P_	7	62
4|4|OB___O_P__O__O__	6	62
4|4|O____OO__B_O_P__	5	62
4|4|OP_B_O____O___O_	7	61
4|4|OB___O_O__O__P__	6	61
4|4|OOB____O___O__P_	5	61
4|4|O____POO_O___B__	5	61
4|4|O__P__OO__O__B__	7	60
4|4|OOB____PO______O	6	60
4|4|OO___O_____P_OB_	6	60
4|4|OO___B_____OOP__	6	60
4|4|OO___B_____O_PO_	6	60
4|4|_O__O_OP__O__B__	6	60
4|4|O_O___O___OP_B__	5	60
4|4|O_O__O_B_O___P__	8	59
4|4|P_B___O___OO_O__	8	59
4|4|OOO___O___B____P	7	59
4|4|OOB__O__O______P	7	59
4|4|POO____O___O__B_	5	59
4|4|_OO_PO_____O__B_	6	58
4|4|O_____O__OOB__P_	7	57
4|4|OOOB_O________P_	5	57
4|4|OOOB_P________O_	5	57
4|4|OOB____OP______O	6	56
4|4|OOP__B____O____O	6	56
4|4|OO_P__O____B___O	6	56
4|4|OOP____O___O__B_	5	56
4|4|OB___O____O__P_O	5	56
4|4|O__P_BO___O___O_	5	56
4|4|P_B___O___OO__O_	7	55
4|4|OO___O___B_PO___	6	55
4|4|OO___O___B_P_O__	6	55
4|4|_OP_OO_____O__B_	6	55
4|4|OB___O____O__O_P	5	55
4|4|O_____OO__OB_P__	5	55
4|4|O_____O___OB_PO_	5	55
4|4|_O__O_P___OO__B_	5	55
4|4|OOO__B_O_____P__	5	54
4|4|O_____B__POO_O__	5	54
4|4|_O__BO____OO_P__	8	53
4|4|OO_P__B____O___O	6	53
4|4|OO___O_____O_PB_	6	53
4|4|O_BP__O___O__O__	6	53
4|4|O__B__O__OO____P	6	53
4|4|O____POO__B__O__	6	53
4|4|OO_B_PO_______O_	5	53
4|4|OB_______OOO_P__	8	52
4|4|OOB____O___OP___	6	52
4|4|_O__PB____OO_O__	6	52
4|4|OO_B_OO_______P_	5	52
4|4|OB_______OOP_O__	8	51
4|4|OP___O_O__O__B__	7	51
4|4|O_____O___OO_PB_	7	51
4|4|OO___OB____P_O__	7	50
4|4|OO___O_P__O__B__	7	50
4|4|O_____BO__O__OP_	7	50
4|4|O____OO___O__B_P	6	50
4|4|_O___OOOP_____B_	6	50
4|4|_O___OPOO_____B_	6	50
4|4|OO___B_O__O__P__	5	50
4|4|OO____O___BO_P__	5	50
4|4|O____OO___BO_P__	5	50
4|4|O____B_O__O__PO_	5	50
4|4|O_____O___BO_PO_	5	50
4|4|O__B_P____O__OO_	5	49
4|4|P_B___OO___O__O_	7	48
4|4|O____BO___OO_P__	6	48
4|4|O__B__O___O_P_O_	5	48
4|4|OO_P_O___O__B___	6	47
4|4|_O__O_OB__O___P_	7	46
4|4|_O__OOOB______P_	6	46
4|4|O__B_O____O__OP_	5	46
4|4|OO___BOO____P___	6	45
4|4|O____OOO__B__P__	6	45
4|4|O_____PO__OB_O__	6	45
4|4|O_____P___OB_OO_	6	45
4|4|O_OP_O___O__B___	5	45
4|4|O_____O___OP_OB_	7	44
4|4|P____BO___OO_O__	7	44
4|4|P_____O__BOO__O_	7	43
4|4|OO__B_OP____O___	6	43
4|4|O__P_BO____O__O_	6	43
4|4|POO__O_____O__B_	5	43
4|4|OO___O____O__B_P	7	42
4|4|O______O__BO_PO_	6	42
4|4|O____BOO__O__P__	5	42
4|4|OP____OO__O__B__	6	41
4|4|O______O__BO_OP_	6	41
4|4|P_B__O____OO__O_	7	40
4|4|OO____OP__O__B__	6	40
4|4|O_B___OO___OP___	6	39
4|4|P_____O___OO_BO_	6	39
4|4|O____OBO_P___O__	5	39
4|4|O____OB__PO____O	5	39
4|4|O______O__OB_PO_	5	39
4|4|OOP__O_____O__B_	5	38
4|4|O____BP___OO_O__	7	37
4|4|O____OB___OP_O__	6	37
4|4|O_____BO__OP_O__	6	37
4|4|P______O__OO_BO_	8	36
4|4|OO___B____OO_P__	6	35
4|4|O____B_O__OO_P__	6	35
4|4|_O__OO_B__O___P_	7	34
4|4|OO_B_P____O___O_	5	32
4|4|OO___O____BO_P__	5	32
4|4|O_____BO_PO__O__	5	32
4|4|_O__OOP____O__B_	5	32
4|4|O______O__OO_PB_	6	29
4|4|OO_B_O____O___P_	5	29
4|4|OOP__O____B____O	6	28
4|4|OOB_O______O___P	6	27
4|4|O_____O__BOO_P__	5	26
4|4|O__B_PO___O___O_	5	18
4|4|O____POO__O__B__	5	18
4|4|O__B_OO___O___P_	5	17
4|4|O____OOP__O__B__	5	17