4|4|P_O____PBP___P_P	6	2178
4|4|P_O____PB_P__P_P	6	1430
4|4|PO_PP__PB____P__	8	1222
4|4|P_O__P_PB____P_P	5	931
4|4|OP_P_P__B__PP___	7	830
4|4|OP_P__PB____P_P_	6	829
4|4|OPP____P__P_P_B_	6	823
4|4|O_P__P_P_P__B_P_	5	821
4|4|PO_P_P_PB____P__	8	798
4|4|PO_P__PPB____P__	7	763
4|4|PO_P___PBP___P__	7	748
4|4|PO_P___PB_P__P__	6	704
4|4|OPP____PB_P___P_	7	670
4|4|PBP____O___P_P_P	6	643
4|4|PP_P__OPB_____P_	8	569
4|4|OP_P__PB____P__P	6	564
4|4|OPP__P_PB_____P_	7	563
4|4|PP_P__O_B_____PP	8	559
4|4|POP____PB__P_P__	8	552
4|4|OP_P_P___P__B_P_	6	549
4|4|OP_PP__B_P_____P	8	535
4|4|O__P__PB____P_PP	6	483
4|4|P_O__P_P__P_P_B_	5	482
4|4|OPP____PP_P___B_	5	473
4|4|OPP____PP__PB___	6	461
4|4|OP_P__P_P__BP___	6	461
4|4|OPPB______P__P_P	6	458
4|4|OPPBP________P_P	5	424
4|4|O_P__P_P__P_P_B_	5	414
4|4|OP_P____BP__P__P	5	411
4|4|OPPP______P_P_B_	5	408
4|4|OP_P_P_PB_____P_	5	397
4|4|OPPP______PPB___	5	384
4|4|PP_P__O_B__P__P_	7	379
4|4|PO_P__P__P_P_B__	5	370
4|4|OP_P_P__P_P___B_	6	364
4|4|OP_P_P____P_P_B_	5	359
4|4|POPP___PB____P__	7	357
4|4|OPPP_P_____BP___	6	355
4|4|P_O___PB__P_P__P	7	354
4|4|OPPP_____P_BP___	5	352
4|4|O_PP_P___P_PB___	7	350
4|4|O_PP__P_P__BP___	6	348
4|4|O_P___PB__P_P__P	7	343
4|4|OP_____PP_PPB___	7	334
4|4|OPPP_P______P_B_	5	334
4|4|P_O___P_P_PP_B__	5	334
4|4|POP____PBP___P__	9	332
4|4|OPP_______P_P_BP	6	325
4|4|OPPP____BP____P_	6	323
4|4|PO_P_P__B_P___P_	7	322
4|4|POP_P__PB____P__	8	321
4|4|POP____P_P_P_B__	6	319
4|4|OPP_____P_PBP___	8	315
4|4|OP___P_PB__P__P_	9	313
4|4|POPP___B_P_____P	8	312
4|4|O_PP_P____PPB___	6	311
4|4|OP_____PB_PP__P_	8	309
4|4|O_PP_____PPPB___	5	309
4|4|OP___P_P__P_P_B_	6	307
4|4|P_O___PB__P_P_P_	7	305
4|4|POP_P______BPP__	7	302
4|4|OP_____PBP_P__P_	7	300
4|4|OP_P_P__BP____P_	7	299
4|4|OP_P____BPP___P_	6	299
4|4|OP_P_P__B_P___P_	8	297
4|4|OPPB_____P___P_P	4	295
4|4|P_O__PPPP____B__	9	292
4|4|P_O__P_PP_P__B__	8	292
4|4|O_P___PB__P_P_P_	7	292
4|4|O_P__P_P_P__B__P	5	292
4|4|PO_P_P__BP____P_	6	289
4|4|PO_P____BPP___P_	5	289
4|4|P_O___PPP_P__B__	7	286
4|4|OPP__P_PP_____B_	5	285
4|4|PP_____B_OP_P__P	9	275
4|4|OP_P_P_B_____PP_	5	275
4|4|OP_____PPP_PB___	6	271
4|4|OP_____P_PP_B_P_	6	271
4|4|PO_P_P_B_P_____P	7	269
4|4|OPPP_____P_B__P_	4	267
4|4|P_O__P____PPP_B_	7	266
4|4|OPPB_P_______P_P	7	260
4|4|OPP____PB_P_P___	6	256
4|4|PBP____O___P_PP_	5	256
4|4|PO_P__PB_P_____P	6	255
4|4|POP__P_PB____P__	8	254
4|4|POP___PPB____P__	7	254
4|4|O_PP_P___P_BP___	5	254
4|4|POP___P____BPP__	6	253
4|4|P_B__P_PP_P___O_	5	248
4|4|OP_P_P_PB___P___	8	246
4|4|O_PP_P___P_B__P_	4	246
4|4|OP_P_P___P_BP___	5	244
4|4|POP____PB_P__P__	6	243
4|4|O_P__P___P__BP_P	5	242
4|4|OP_____PB_PPP___	8	239
4|4|PPO___PBP_____P_	7	236
4|4|PP___P_B_O__P__P	8	233
4|4|OPPP___PB___P___	8	232
4|4|P_P__P_B_O_PP___	5	229
4|4|OP_P___PBP__P___	7	228
4|4|P_P__OPBP_____P_	7	222
4|4|P_P___PBP_O___P_	6	222
4|4|OP_P_P_P__P_B___	5	221
4|4|P_O__P_PP_P___B_	4	219
4|4|PP_P_PO_B_____P_	8	217
4|4|PP_P__O_B_P___P_	7	217
4|4|OP_B_P____P__P_P	5	213
4|4|O_PP_P__P_P___B_	5	212
4|4|PP_P__O_BP____P_	6	209
4|4|O__P__PB__P_P__P	7	208
4|4|PP____PB_O__P__P	7	208
4|4|O_P__P_P_P_PB___	5	206
4|4|OPPP______PBP___	4	205
4|4|O_P__P_P_P_B_P__	4	205
4|4|P_O__PPBP_____P_	7	204
4|4|P_O___PBP_P___P_	6	204
4|4|OP_____PBP_PP___	7	202
4|4|P_O__P_B__P__P_P	7	199
4|4|OPPB_P__P_____P_	5	197
4|4|OP_PP_P____BP___	5	196
4|4|O__P_P___P___BPP	5	196
4|4|OPPB____P_P___P_	4	196
4|4|O_PP__PBP_____P_	6	195
4|4|PO_P__PB___PP___	7	192
4|4|OP_P_P____PBP___	4	191
4|4|PB___P_O_P__P__P	5	189
4|4|PO_____PBP__P__P	7	187
4|4|OPPB_P_____PP___	5	184
4|4|P_P___PB_O_PP___	7	183
4|4|OP_P_P___P___B_P	5	183
4|4|P_P__OPB___PP___	8	182
4|4|O__P__PB__P_P_P_	7	181
4|4|O_PB_P___P___P_P	4	181
4|4|POP____PB___PP__	7	179
4|4|PO_P__PB_P____P_	5	179
4|4|OP____PB__P_P__P	6	178
4|4|OP_____PPP__B__P	7	177
4|4|P_B___PO__P_P_P_	6	177
4|4|OPPB_P______P__P	5	176
4|4|O__P___P_PP__BP_	4	175
4|4|BPO_P__P___PP___	5	172
4|4|P_O___PB__P__P_P	6	170
4|4|OP_PP_PB______P_	6	169
4|4|O_PP_P____P_P_B_	4	168
4|4|O_P__P_PP_P___B_	4	168
4|4|_OP____PBP_P_P__	7	167
4|4|PB_P_P_____O_PP_	5	166
4|4|OPP_P__P___BP___	8	165
4|4|OPPB_____P__P__P	4	165
4|4|OP____PB___PP_P_	6	164
4|4|OP____PB__P_P_P_	6	163
4|4|PP____PB___OP_P_	6	162
4|4|POP_P_P____BP___	8	161
4|4|OP_____P_PP_B__P	7	160
4|4|PPO____P__P__PB_	5	159
4|4|OP_P__PB___PP___	7	158
4|4|OPPB_P______P_P_	4	157
4|4|O_PB_P__P_P___P_	4	151
4|4|OP_P_P_P_P___B__	4	147
4|4|_OP_P__PPP___B__	7	146
4|4|OP_PP__P_P___B__	4	145
4|4|OP_P__PP___BP___	8	144
4|4|P_B__PPPP____O__	6	144
4|4|OP_B_P__P_P___P_	4	140
4|4|P_P__PPB___OP___	5	136
4|4|OP_P_P___P___BP_	4	133
4|4|P_O__PPB___PP___	5	132
4|4|O_PB_P_PP______P	5	131
4|4|OP_B_P_PP______P	5	129
4|4|O_P__P_P_P__BP__	4	128
4|4|POPP__P____B_P__	5	125
4|4|BPO____PPP_____P	6	124
4|4|O__P__PB___PP_P_	5	123
4|4|_O___P_PP_P__BP_	4	122
4|4|PB___PPOP____P__	7	121
4|4|PB___P_OP_P__P__	6	121
4|4|P_O__PP_P__B__P_	5	120
4|4|_OP____PBPP___P_	5	118
4|4|OP____P_P_PBP___	7	111
4|4|PO_P_PP____BP___	5	111
4|4|PB____POP_P__P__	5	111
4|4|OP____PBP__PP___	8	110
4|4|O__P__P__PP__B_P	5	110
4|4|BPO__P_P____P__P	4	109
4|4|P_P__P_P_OP___B_	6	108
4|4|PBP___PO____PP__	5	108
4|4|OPB__P_P____P__P	4	108
4|4|_OP__P_PB_P___P_	5	105
4|4|OP_____P_PP__PB_	5	102
4|4|P_O___PB__PPP___	9	100
4|4|BPO_P_P____PP___	5	100
4|4|O_PB_P___P__P__P	4	99
4|4|_O___PPPP__B_P__	7	98
4|4|_O___P_PP_PB_P__	6	98
4|4|O_P__P_P__P__PB_	7	97
4|4|PP___P_O__P__B_P	7	97
4|4|_OP__PPPP____B__	9	96
4|4|_OP__P_PP_P__B__	8	96
4|4|P_P__P_O__P__BP_	7	96
4|4|_OP___PPP_P__B__	7	96
4|4|O_P___PB__P_PP__	6	96
4|4|_O___PPBP____PP_	5	96
4|4|OPPB_P_P______P_	5	95
4|4|OPPB__P____P_P__	4	95
4|4|P_P___PB__OPP___	9	94
4|4|_OP__P_PPP___B__	7	94
4|4|_OP___PPPP___B__	6	94
4|4|OPPB_P___P____P_	5	92
4|4|OPPB_____PP___P_	4	92
4|4|O_P___PB__PPP___	8	91
4|4|_OP____PPPP__B__	5	91
4|4|_O____PPP_PB_P__	5	89
4|4|BPO__P______PP_P	4	89
4|4|OPPB___P__P___P_	4	87
4|4|PO___PPBP_____P_	7	86
4|4|PO____PBP_P___P_	6	86
4|4|P_P__P_P_BP___O_	5	86
4|4|OP___P_P__PPB___	7	84
4|4|P_P__P_O_BP___P_	5	84
4|4|POPP__P____BP___	5	82
4|4|P_P__O_P__P__PB_	5	82
4|4|P_B___P___POP_P_	5	81
4|4|OP_____P_PPPB___	6	80
4|4|PB___PO__P___P_P	5	79
4|4|_OP__P_PBP____P_	4	79
4|4|PB___P_O_P_PP___	5	78
4|4|OP__P__P__PB_P__	4	77
4|4|OP____PB___PP__P	6	75
4|4|O__P__PB___PP__P	5	73
4|4|O_P___P___P__PBP	6	69
4|4|PBP__P___P_OP___	6	69
4|4|PBP__P___P_O__P_	5	69
4|4|OP_BPP_P_______P	6	68
4|4|BPO_P__P_P_____P	5	67
4|4|POP___PP___BP___	8	65
4|4|PB____PO__P_PP__	6	65
4|4|PB___PPO____PP__	5	65
4|4|PPO___PB___PP___	7	64
4|4|_O___P_PP_PB__P_	4	64
4|4|PO____PP__PBP___	9	63
4|4|PO___PPP___BP___	8	63
4|4|PO____PP_P_BP___	7	63
4|4|O_PB_PPP_____P__	5	63
4|4|P_B__PPO_P____P_	5	63
4|4|OP____P__PP__B_P	4	63
4|4|PP____PB__OPP___	8	62
4|4|PP___OPB___PP___	7	62
4|4|PP____PB_O_PP___	6	62
4|4|O__P__PB__PPP___	8	61
4|4|POP___PB___PP___	7	61
4|4|PO____PB__PPP___	8	60
4|4|PO___PPB___PP___	7	59
4|4|O__P__PB__P_PP__	6	59
4|4|PO____PB_P_PP___	6	59
4|4|OP_B_PPP_____P__	4	59
4|4|PBP___PO___PP___	7	58
4|4|PB___PO__P__P__P	5	58
4|4|OP____PB__PPP___	7	57
4|4|PB____PO__PPP___	8	56
4|4|PB___PPO___PP___	7	56
4|4|PB____PO_P_PP___	6	56
4|4|OP____PB__P_PP__	5	54
4|4|OPB_P__P___PP___	5	52
4|4|O_PB_P___PP___P_	4	51
4|4|_O__PPPBP_____P_	6	50
4|4|_O__P_PBP_P___P_	5	50
4|4|O__P__P___P__PBP	6	49
4|4|P_P__P_P__PO_B__	6	49
4|4|_OP__PPPB____P__	12	48
4|4|_OP__P_PB_P__P__	11	48
4|4|_OP__P_PBP___P__	10	48
4|4|_OP___PPB_P__P__	10	48
4|4|_OP___PPBP___P__	9	48
4|4|_OP____PBPP__P__	8	48
4|4|OP_______PPPB_P_	5	48
4|4|OP___P_P__P__PB_	6	47
4|4|PP___P_O__P__BP_	6	47
4|4|O_P__PPP_P___B__	4	47
4|4|PB_P_P___PO___P_	5	46
4|4|PP_____O__PP_PB_	4	45
4|4|PPB___P___POP___	5	44
4|4|P_O__PP__P_BP___	5	44
4|4|P_O__PP__P_B__P_	4	44
4|4|OPB_P__PP___P___	7	43
4|4|OP_______PPPB__P	5	43
4|4|O_P__P_P__PB_P__	5	42
4|4|OPPB_P_____P__P_	4	42
4|4|P_P__P_P__PB_O__	5	41
4|4|OP____BP__P__PP_	5	40
4|4|OP____P___P__PBP	5	40
4|4|PPB___PO__P_P___	6	37
4|4|OPB__P_PP______P	5	37
4|4|BPO__P_PP______P	5	37
4|4|OPBP_P______PP__	4	37
4|4|BPO_P__PP______P	5	35
4|4|OPB_P__PP______P	5	34
4|4|OPB__P___P_PP___	4	33
4|4|P_B__PP__P_OP___	5	30
4|4|P_B__PP__P_O__P_	4	30
4|4|P_O___PB__PP_P__	5	29
4|4|P_B___PO__P__PP_	5	29
4|4|P_P___PB__PO_P__	5	29
4|4|BPOP_P______PP__	4	26
4|4|BPO__P___P_PP___	4	26
4|4|OPPP_B_P______P_	5	25
4|4|BPO__P_P_P_____P	5	25
4|4|BPOP_P_P_____P__	4	22
4|4|PP___P_P__PO_B__	5	19
4|4|PP______BPPP_O__	5	19
4|4|OP______BPPP_P__	4	19
4|4|OP_______PPPBP__	4	19
4|4|PB___PO__P_PP___	5	18
4|4|OP___P_P__PB_P__	4	18
4|4|_B___POPP_P__P__	4	17
4|4|OPBP_P____P___P_	4	8
4|4|BPOP_P____P___P_	4	8
4|4|BPO__PPP_____P__	4	8