4|4|O_P____O____BP_P	8	2133
4|4|OP_P____O___P_B_	8	1621
4|4|OP_B____O____P_P	9	1594
4|4|O_P__P_O____B_P_	9	1503
4|4|O_P____O_P__B_P_	8	1433
4|4|O_B__P_P____P_O_	9	1289
4|4|O_B____P_P__P_O_	8	1286
4|4|OP_P____B___P_O_	7	1270
4|4|OO_P___B____P_P_	7	1267
4|4|O_P____B____PO_P	7	1265
4|4|OP_P___B____O_P_	7	1202
4|4|PO_P____B___P_O_	6	1202
4|4|PPO____PO_____B_	8	1153
4|4|OP_O______P_P_B_	8	1131
4|4|P_O____B___OP_P_	6	1125
4|4|OPP____PO_____B_	8	1083
4|4|OP_OP______B_P__	6	1067
4|4|OP_P___PB_____O_	9	1062
4|4|OP_O___P_P____B_	7	1058
4|4|O_O____P_P__B_P_	6	1020
4|4|P_O____PO_P___B_	7	995
4|4|P_O____BP____O_P	8	976
4|4|OP_O_P______P_B_	7	963
4|4|O_O____BP___P_P_	7	963
4|4|O_P____O___PB_P_	8	955
4|4|OP_BP________P_O	6	947
4|4|OP_O_____P__B_P_	7	946
4|4|OP_PP______B_O__	6	946
4|4|O_O____BP____P_P	7	921
4|4|OB_P___O_____P_P	7	918
4|4|OO_P___B_____P_P	8	906
4|4|O_P____B_P___O_P	6	894
4|4|O_P____P_P__B_O_	6	885
4|4|O__O_P______BP_P	7	872
4|4|OP_P____O____PB_	7	871
4|4|OP_P_____P_B_O__	6	866
4|4|OP_B___P_____P_O	7	865
4|4|O_OP___B_____P_P	8	859
4|4|OPPB________P_O_	6	856
4|4|O_O____B___PP_P_	6	855
4|4|OP_P____B____O_P	6	850
4|4|O_P____O__P_B_P_	10	849
4|4|OP_B______P_P_O_	6	849
4|4|O_P__P_____OB__P	9	847
4|4|O_PB_______PO__P	8	845
4|4|O_PP___B____O_P_	6	840
4|4|OP_B_______PO__P	8	837
4|4|OP_B______P_O_P_	6	836
4|4|O_P______P_OB__P	8	832
4|4|OP_O_P______B_P_	6	830
4|4|OPOP________P_B_	6	824
4|4|O_P__P_____OB_P_	9	806
4|4|OB_P___O____P_P_	6	806
4|4|OP_B______P_O__P	8	804
4|4|OP_B___PP_____O_	7	797
4|4|OP_O_P__P_____B_	9	792
4|4|OP_O____P_P___B_	8	792
4|4|O_P______P_OB_P_	8	792
4|4|OO_PP________B_P	6	781
4|4|OP_P____P__OB___	6	776
4|4|PO_P___OP____B__	9	775
4|4|OP_P___PO_____B_	6	775
4|4|O_P__P_B____O__P	7	773
4|4|O_P__P_B____P_O_	6	771
4|4|OP_P____B__P_O__	6	767
4|4|OP_B_____O___P_P	8	765
4|4|OO_P____B__P_P__	6	742
4|4|OB_____PP___O_P_	6	742
4|4|O_P__P_B____O_P_	6	741
4|4|P_O__P_B____P_O_	6	740
4|4|P_O___O_B____P_P	6	737
4|4|P_O___P_B____O_P	6	736
4|4|OP_B__P______P_O	7	735
4|4|O_P__P_O____B__P	10	733
4|4|O_PB_____O___P_P	7	722
4|4|O_PB______P_O__P	7	719
4|4|O_PB___PP_____O_	6	707
4|4|O_P____O_P__B__P	9	703
4|4|OP_P____B__P__O_	8	702
4|4|OP_P__B_____O__P	7	696
4|4|PO_P___PO____B__	7	696
4|4|PPO_____O__P__B_	8	693
4|4|OPPO____P_____B_	8	682
4|4|PO_P____OP____B_	8	681
4|4|O_P____B_P__O__P	6	680
4|4|OP_P___B_____P_O	6	679
4|4|P_O__P_PO_____B_	6	674
4|4|OP_P_____P_O_B__	5	674
4|4|OP_O_____P_P__B_	7	673
4|4|PBO____O____P_P_	6	669
4|4|OP_B_____O__P_P_	6	667
4|4|O__P_P_B____P_O_	6	663
4|4|O_PB_P______O_P_	5	663
4|4|OP_BP______O_P__	5	662
4|4|P_O____OBP____P_	7	660
4|4|O_P____B___P_O_P	8	659
4|4|O_B__P______PO_P	10	657
4|4|O_B______P__PO_P	9	657
4|4|O_PP_____P_B_O__	5	656
4|4|P_O____OB____P_P	6	655
4|4|O_B__P______P_OP	10	654
4|4|O_B______P__P_OP	9	654
4|4|OP_O____P_P_B___	8	653
4|4|OO_P_____P__B_P_	6	652
4|4|OP_P____OP____B_	8	649
4|4|OPP____OB_____P_	8	647
4|4|OP_P_____O_PB___	5	645
4|4|O_PB__P______P_O	6	643
4|4|O_PB___P_O____P_	5	643
4|4|OP_B__P______O_P	7	642
4|4|O_PB_P______P_O_	5	642
4|4|PPO____OB_____P_	8	641
4|4|OB_____O____PP_P	7	640
4|4|OO_P___B____P__P	7	639
4|4|P_B__P_OP_____O_	7	638
4|4|O_PB______P_P_O_	6	636
4|4|OP_O_____P_B_P__	5	636
4|4|OP_B_P______P_O_	5	631
4|4|OP_O_P_____PB___	8	630
4|4|O_PB______P_O_P_	6	629
4|4|OP_B____O___P__P	9	627
4|4|OP_OP_______B_P_	6	625
4|4|O_PP______POB___	12	624
4|4|OP_P______POB___	11	624
4|4|P_O____OB__P__P_	6	624
4|4|O_PB______P__O_P	7	621
4|4|OO_P___BP____P__	6	619
4|4|OPPP_______OB___	10	618
4|4|OP_O_____P_PB___	7	617
4|4|OP_P_P__O_____B_	8	616
4|4|PPP____OO_____B_	8	616
4|4|OP_P____O_P___B_	7	616
4|4|OP_P_P_____OB___	10	614
4|4|OP_P_____P_OB___	9	614
4|4|P_O___P_O__P_B__	6	614
4|4|O_PB_____O__P_P_	5	614
4|4|OPP_____O__P__B_	7	613
4|4|OP_P____P_O_B___	6	609
4|4|OP_B____P____PO_	7	607
4|4|OO_P_____P___B_P	6	606
4|4|O_PP_P_____OB___	9	604
4|4|OP_P_____P__B_O_	7	603
4|4|OO_P_____P_P_B__	5	597
4|4|OP_B______P__O_P	6	596
4|4|O_PP_____P_OB___	8	595
4|4|P_O____OB_P___P_	7	592
4|4|OP_B__P_____P_O_	8	590
4|4|OP_P____B___P__O	8	590
4|4|OP_O____B__PP___	8	589
4|4|OP_____PP_O___B_	7	589
4|4|O_P____O____BPP_	7	589
4|4|O_OP___BP____P__	6	584
4|4|OP_P______O_B_P_	5	583
4|4|O_P__O_____BP_P_	5	578
4|4|O_O____P_P___BP_	5	577
4|4|O_PP___O____B__P	10	574
4|4|O__O________BPPP	8	571
4|4|O_PB__P______O_P	7	571
4|4|O_O______P__BP_P	6	569
4|4|OP_B_P______O_P_	5	566
4|4|OP_P___O____B__P	9	563
4|4|OP_B___P_O____P_	5	562
4|4|O_O___P_B__P_P__	8	561
4|4|PO_PP__O_____B__	9	560
4|4|O_O____B___PP__P	6	560
4|4|O_OP_____P__B_P_	5	556
4|4|OP_B__P_____O_P_	7	554
4|4|OP_O_P_____BP___	7	551
4|4|OB_____P__P_O_P_	6	549
4|4|OP_O______PPB___	7	547
4|4|POO____B____P_P_	7	544
4|4|OO_PP__P_____B__	8	538
4|4|OP_P____O_P_B___	5	538
4|4|O_P__PB_____O__P	7	536
4|4|OP_B___P_____PO_	6	533
4|4|OP_P___B____O__P	7	532
4|4|P_O___P_B__O_P__	7	531
4|4|OB___P_O____P_P_	5	531
4|4|OB___P_P____O_P_	5	531
4|4|O_PP___BP_____O_	8	530
4|4|O_O_____P_P__B_P	6	527
4|4|O_P___B__P__O__P	6	527
4|4|OB_____O__P_P_P_	6	524
4|4|OP_P_P______B_O_	6	524
4|4|OP_B____P_P____O	6	523
4|4|OP_PP______O_B__	5	523
4|4|OP_____PP__O__B_	9	521
4|4|O__P___P__O_P_B_	6	520
4|4|OP_P___BP_____O_	7	518
4|4|O_B__P_____PP_O_	9	517
4|4|O_B______P_PP_O_	8	517
4|4|OP_P___BO_____P_	7	511
4|4|OPPP____O_____B_	7	510
4|4|OO_____BP____P_P	9	507
4|4|P_O____PB____PO_	8	506
4|4|OP_P___B____P__O	6	506
4|4|O_PB__P_____P_O_	7	504
4|4|OO_PP__B_____P__	6	504
4|4|O__O_____P__B_PP	10	503
4|4|O_OP____BP____P_	10	502
4|4|OP_P____O_____BP	7	502
4|4|PPP____OB_____O_	7	502
4|4|O__O_____P__BP_P	9	501
4|4|PO_P___B___O_P__	6	501
4|4|P_O___OB____P_P_	5	498
4|4|PBO____O_____P_P	6	497
4|4|PO_P___O____PB__	7	495
4|4|OO_P____BP____P_	10	494
4|4|P_O___P_B__P_O__	9	493
4|4|O_PB__P_____O_P_	7	489
4|4|OB_P_P______O_P_	5	487
4|4|O_PP_____O_PB___	4	487
4|4|OP_B____P__P__O_	6	486
4|4|OP_P____O__PB___	5	486
4|4|O_P_______PBP_O_	6	485
4|4|O_P____O___PB__P	8	482
4|4|O_P____B__P_P_O_	7	482
4|4|O__P_P_____OP_B_	5	482
4|4|O_P____BP__P__O_	6	479
4|4|OPO____B____P_P_	6	478
4|4|P_O___P_P__B_O__	6	477
4|4|O_P______P_PB_O_	5	475
4|4|OO_P_P______P_B_	5	471
4|4|O_PB____P_P____O	5	470
4|4|OP_B__P_____P__O	8	469
4|4|OPPP_______BO___	8	466
4|4|OP_B_P_______P_O	8	465
4|4|O_B____PP___P_O_	6	465
4|4|OP_P_P_____BO___	8	462
4|4|OP_P_____P_BO___	7	462
4|4|P_O___PPO____B__	8	461
4|4|P_B____OP_P___O_	6	458
4|4|O__P_P_O____P_B_	5	458
4|4|P_O____PB____OP_	7	457
4|4|O_PP_P_____BO___	8	456
4|4|O_PB_________POP	7	456
4|4|O_PP_____P_BO___	7	456
4|4|P_O__P_OB_____P_	6	456
4|4|OP_____PO_P___B_	9	455
4|4|O_OP______P__B_P	6	454
4|4|OP_B_____O__P__P	8	452
4|4|PB_____OP____OP_	8	452
4|4|OP_P___B___O_P__	6	452
4|4|O_OP___B_____PP_	8	451
4|4|OB_____O_____PPP	10	448
4|4|O_PP___O____BP__	9	448
4|4|OB_P___O_____PP_	6	447
4|4|_OP____PO_P___B_	6	447
4|4|O__P___O_P___B_P	7	446
4|4|O_PB___O_____P_P	5	446
4|4|OO_P___B_____PP_	7	445
4|4|OP_B_________POP	6	445
4|4|O__P___B___OP_P_	8	443
4|4|OO_____P__P_P_B_	7	442
4|4|OP_____O__P_B_P_	9	441
4|4|OP_P___B___PO___	8	441
4|4|OP___P_O____B_P_	8	441
4|4|PP_P____OO____B_	8	441
4|4|O_O__P_B_____P_P	8	440
4|4|OPP____P____O_B_	6	440
4|4|OP_O_____P____BP	7	439
4|4|O_PB__P_P____O__	5	439
4|4|O_PB_P_______P_O	7	437
4|4|O_P___PBP____O__	8	436
4|4|PO_P___O_P___B__	8	436
4|4|O_PB____P__P__O_	5	436
4|4|OO____B_____P_PP	7	435
4|4|OO_P_P_____PB___	6	435
4|4|O_P_______POB__P	11	434
4|4|OO___P_P____P_B_	6	434
4|4|OPOP____B_____P_	9	433
4|4|OP_P__B_____O_P_	5	433
4|4|O_OP_P__B_____P_	9	431
4|4|O_OP____B_P___P_	8	431
4|4|OOP_________BP_P	6	431
4|4|OPPB_______PO___	8	430
4|4|OO_P_P__P_____B_	6	429
4|4|O_B_____P__PP_O_	6	428
4|4|OO_P_P______B_P_	5	428
4|4|O__P___O__P_P_B_	8	426
4|4|O_P__P_P___BO___	7	426
4|4|O_PB___P_____PO_	6	426
4|4|OP___P_PO_____B_	9	425
4|4|OP_P___O____BP__	8	425
4|4|O_PB_____O__P__P	7	424
4|4|OO_P___PP____B__	6	424
4|4|O__P_O_B_____P_P	8	423
4|4|OB______P__PO_P_	6	423
4|4|O_P____B_P_P_O__	6	423
4|4|OP_B_____P_PO___	7	422
4|4|OP_B_______POP__	7	422
4|4|O_P__P_____OBP__	8	420
4|4|OP_O__P_B____P__	6	420
4|4|O_P__P_P___OB___	9	419
4|4|O_PP___B___PO___	7	419
4|4|P_O__P_BP____O__	13	418
4|4|P_O___PBP____O__	12	418
4|4|P_O____BP_P__O__	11	418
4|4|O_P__P_BP_____O_	7	418
4|4|O_P__P_B___PO___	6	418
4|4|O_O_____B_PP_P__	7	417
4|4|OBP____O_____P_P	6	417
4|4|OP_B___PO____P__	6	417
4|4|P_O_____B_PP_O__	8	415
4|4|OO_P_P__B_____P_	8	414
4|4|O_P____P_P_OB___	8	414
4|4|OO_P____B_P___P_	7	414
4|4|OP_B__P_P____O__	5	413
4|4|P_O__P__P__O__B_	5	412
4|4|OB_____O__P__P_P	10	411
4|4|OB___P_O_____P_P	9	411
4|4|OB____PO_____P_P	8	411
4|4|OP_B___P____O__P	7	410
4|4|P_O_____BP_P_O__	7	410
4|4|O_O_____BP_P_P__	6	410
4|4|O_PB___P____O__P	6	409
4|4|P_O____BPP___O__	10	408
4|4|OP_B______PPO___	7	408
4|4|O_PB_____P_PO___	6	407
4|4|_O___P_OP____BP_	6	407
4|4|O_P__P_O____BP__	9	406
4|4|O_P______P_OBP__	7	405
4|4|OP_PP__O_____B__	6	405
4|4|O_OP___PP____B__	6	405
4|4|OB_P_P______P__O	7	404
4|4|O_PP___OP____B__	6	402
4|4|OO_PP______P_B__	5	402
4|4|OP_B__O______P_P	4	401
4|4|O_B___P__P___O_P	7	399
4|4|OP_B_____P_P___O	6	399
4|4|OB_P______P_P__O	5	399
4|4|OP_P__O_____P_B_	6	398
4|4|OPPB________O__P	7	397
4|4|P_O____OB__P_P__	8	396
4|4|OBP____O____P_P_	5	396
4|4|O_PB__P_____P__O	7	395
4|4|O__P___B_O___P_P	9	394
4|4|O_P____O_P__BP__	8	393
4|4|O_P__P_P____B__O	7	393
4|4|OP_BP________PO_	6	393
4|4|OP_B_P______O__P	7	392
4|4|OO_P___BP_____P_	6	392
4|4|OO_P___B___P_P__	6	391
4|4|O_PB_P__P_____O_	6	390
4|4|O_PP______PBO___	7	389
4|4|O_O__P______BP_P	5	388
4|4|OP_____PB___P_O_	7	386
4|4|OP_P____B____OP_	6	386
4|4|O_P____P_P_BO___	6	386
4|4|OPP____BP_____O_	7	383
4|4|O_O___PB_____P_P	7	383
4|4|OO_P______P__B_P	5	382
4|4|PO_P___PB____O__	14	381
4|4|OP_O____B_P_P___	8	380
4|4|PO_P__P____O_B__	8	380
4|4|O_P__P_O___PB___	8	379
4|4|OP_____BP____O_P	7	379
4|4|P_O_____B__P_PO_	7	379
4|4|OPB____PP_____O_	6	378
4|4|P_O_______POP_B_	5	378
4|4|OP_____PPO____B_	8	376
4|4|OP_P______OPB___	6	375
4|4|P_O__P_____OP_B_	4	375
4|4|O_PB_O______P_P_	4	374
4|4|O_O___P_P__P_B__	5	373
4|4|OP_P___O___PB___	9	372
4|4|OO_P___P_P___B__	7	371
4|4|P_O__P_BP_____O_	7	371
4|4|O_PP______OPB___	6	371
4|4|OO_____BP___P_P_	9	370
4|4|OPP_____O__B__P_	7	370
4|4|P_O__P_P_O____B_	5	370
4|4|P_O____PB__P_O__	8	369
4|4|OP_P______P_O_B_	5	369
4|4|O_OP_P_____PB___	5	369
4|4|O_P__P_B____PO__	9	368
4|4|OPPB____P_____O_	6	368
4|4|OP_B_P_____PO___	6	368
4|4|OP_P______PBO___	6	368
4|4|O_P__P_B___OP___	5	368
4|4|OP_P_P__B_____O_	9	367
4|4|OP_P____B_P___O_	8	367
4|4|O_P____BP_P___O_	6	367
4|4|OP_BP__O_____P__	5	367
4|4|PO_P______PO_B__	7	366
4|4|OPP_____B__O__P_	7	365
4|4|PP_P____B____OO_	8	364
4|4|OB_P___P____P__O	7	364
4|4|OP_P_P_______OB_	6	364
4|4|O_PB_P______O__P	6	364
4|4|OPO_____P____B_P	7	363
4|4|O_P____O_P_PB___	7	363
4|4|PP_P____B__O__O_	6	363
4|4|O_PB_P_____OP___	5	363
4|4|P_O___PB____P_O_	7	362
4|4|O_PB____P_P___O_	5	362
4|4|O_P______P__B_OP	5	362
4|4|OP_O___P__P_B___	7	361
4|4|POPP_______O_B__	7	361
4|4|OP_P____B____PO_	6	361
4|4|OP_P_______BOP__	6	361
4|4|OO_P_____P___BP_	5	361
4|4|O_O____BP____PP_	7	360
4|4|PPO_____O____B_P	7	360
4|4|OO_____PP_P___B_	7	359
4|4|O_PP___O___PB___	8	358
4|4|O_PB_P_____PO___	5	357
4|4|O_P__P__P__O__B_	5	355
4|4|OP_B_P______P__O	6	354
4|4|P_B____O_P___OP_	6	354
4|4|OP_O____B_P__P__	5	354
4|4|OP_B_____P__P_O_	5	354
4|4|O__P_____PO__B_P	5	354
4|4|P_O__O_P_____BP_	5	354
4|4|O_OP___BP_____P_	7	353
4|4|O_P___PB____P_O_	7	353
4|4|OO__P__B_____P_P	9	351
4|4|O_O__P__B__PP___	8	350
4|4|O_O_____BP_PP___	7	350
4|4|OB_P_______PP__O	6	350
4|4|OP_P___OB_____P_	6	349
4|4|O_O__P_B___PP___	5	349
4|4|OP_P______P__OB_	5	348
4|4|OP_____BP____P_O	7	347
4|4|OOPP_______PB___	5	347
4|4|OP_B___PO_____P_	5	346
4|4|PO_P___OB____P__	14	345
4|4|O__P__P_____POB_	8	345
4|4|O_O__P_BP_____P_	6	345
4|4|OP_O_B______P_P_	5	345
4|4|O_P___PB____O_P_	7	344
4|4|O_P____O___PBP__	7	344
4|4|OB_P_____P__O_P_	6	344
4|4|OP_P___B__P_O___	6	343
4|4|OP_P____B_O_P___	6	343
4|4|O_P____B_P_PO___	5	343
4|4|O_PB______PPO___	7	342
4|4|OO_PP________BP_	5	342
4|4|OO_____B____P_PP	9	340
4|4|OB__P__P____O_P_	5	340
4|4|OP_____O____BP_P	7	339
4|4|PB___P_O____P_O_	5	339
4|4|OO_____B____PP_P	9	338
4|4|P_O____O__P_P_B_	5	338
4|4|P_O__P_BO____P__	7	337
4|4|P_O___PBO____P__	6	337
4|4|OPP____B____O_P_	6	336
4|4|P_O__P_BO_____P_	6	336
4|4|O_PB_P______P__O	5	336
4|4|OP_P__B_P_____O_	7	335
4|4|O_O__P_BP____P__	7	335
4|4|O_O___PBP____P__	6	335
4|4|OB___P_OP_____P_	5	335
4|4|P_O_____B__P_OP_	6	334
4|4|OO_____P____BP_P	7	333
4|4|OP_B_P__P_____O_	6	333
4|4|PB__P__O_____OP_	7	330
4|4|O_PB_O_____PP___	5	330
4|4|OP_____P_P_O__B_	7	329
4|4|POP____B_____O_P	7	329
4|4|O_PB_P_______O_P	6	329
4|4|_OP____BP__P_O__	7	327
4|4|O_P_______POP_B_	5	326
4|4|O_O___PB____P__P	8	323
4|4|O_PB_O______P__P	6	323
4|4|O_O__P_PP____B__	7	321
4|4|OP_P___B__O__P__	6	321
4|4|O_O___PB____P_P_	8	320
4|4|OPPB________P__O	6	320
4|4|OB_P_P_____PO___	6	319
4|4|P_O___P__O_P_B__	5	319
4|4|P_O____O_P_P__B_	4	319
4|4|PPO____BP_____O_	7	318
4|4|OP_P____BP____O_	7	317
4|4|OB_P_____P_P___O	6	317
4|4|O_P___B____PO__P	6	316
4|4|O__P___O_P___BP_	6	316
4|4|P_O__P_OP____B__	10	315
4|4|P_O___POP____B__	9	315
4|4|P_O____OP_P__B__	8	315
4|4|O_B____PP_P___O_	7	315
4|4|POO____BP_____P_	7	315
4|4|PO_P____BP____O_	6	315
4|4|O_P_______PBO__P	7	314
4|4|O__P_P_P_O____B_	7	314
4|4|OP_B_____P__O__P	6	312
4|4|O_P___O__P_B_P__	4	310
4|4|OP_____O__P_P_B_	7	309
4|4|O_O__P_P_____PB_	7	309
4|4|PBO____O____P__P	7	309
4|4|PB_____O_O__P_P_	7	309
4|4|OO_P___B____PP__	6	309
4|4|_OP____BO__P_P__	6	309
4|4|O__O_P____P_B__P	10	308
4|4|OP_P___P__O_B___	8	308
4|4|O_P____OP__P_B__	5	308
4|4|PB_____O_O___P_P	7	307
4|4|O_O___P_____P_BP	6	307
4|4|OP_B_P_____OP___	5	307
4|4|P_O__P_P_O___B__	8	306
4|4|OO___P_PP_____B_	7	306
4|4|O__O_P______BPP_	6	306
4|4|P_B____OP____OP_	6	306
4|4|OO__P_B______P_P	6	305
4|4|OP_P____B__OP___	6	305
4|4|OB____P_P__O_P__	5	305
4|4|OP_P___B___OP___	6	304
4|4|O_B____PP__P__O_	7	303
4|4|O_P___B_P__P__O_	6	303
4|4|P_B__P_OP____O__	8	302
4|4|P_O____BP_P___O_	6	302
4|4|OP_____BP__P_O__	9	301
4|4|O_O____B_____PPP	9	301
4|4|O_B__P_P____PO__	8	301
4|4|O_P___PB____O__P	7	301
4|4|PO_PO__P______B_	6	301
4|4|P_O_____B_PO_P__	6	301
4|4|OP_B____P_P___O_	5	301
4|4|O_PP___P__O_B___	8	300
4|4|OP_B____P__P___O	6	300
4|4|O_P____P_P__B__O	6	300
4|4|OP_B___P__P_O___	7	299
4|4|P_O____P_OP___B_	7	299
4|4|O_O______P__PB_P	6	299
4|4|O__P_P_B___OP___	6	299
4|4|OP_P______P_B__O	5	299
4|4|O_PB_______P_PO_	6	298
4|4|OP_P______P_B_O_	5	298
4|4|O_PB_____P__P_O_	4	298
4|4|O_P__P_____OP_B_	4	298
4|4|OPP_____O__PB___	9	297
4|4|O_P__PO_____B__P	9	297
4|4|OP_B_______P_PO_	6	297
4|4|O_OP_P______B_P_	4	297
4|4|O_P____B_P___OP_	7	296
4|4|O_PB_____P__O_P_	4	296
4|4|OOP____BP_____P_	6	295
4|4|O_O__P_P____B__P	5	295
4|4|OPP_____O_____BP	8	294
4|4|OP____B_P____P_O	5	293
4|4|_OP____POP____B_	5	293
4|4|OP____OB_____P_P	6	292
4|4|OP_P__O______PB_	5	292
4|4|OPP_______OBP___	8	291
4|4|OP_B__P_____PO__	7	291
4|4|O_PB_____P__O__P	5	291
4|4|O__P_PO_____P_B_	7	290
4|4|O_B____PPP____O_	6	290
4|4|P_O____O___P_BP_	6	290
4|4|P_B____O_P_P_O__	6	290
4|4|O_PB____P_P__O__	4	290
4|4|O_P___O__P__B__P	8	289
4|4|O__O_P______PPB_	6	289
4|4|OP_B___O_____P_P	4	289
4|4|O__P___B__P_P_O_	7	288
4|4|OB____P_____OP_P	5	288
4|4|OB_P____P__P___O	7	287
4|4|POPP_______B_O__	6	287
4|4|O__P__O_____PPB_	10	286
4|4|OP_____B____O_PP	7	286
4|4|OPP____B____P_O_	5	286
4|4|P_O____P_P_B_O__	5	286
4|4|O__P__OB____P_P_	6	285
4|4|OP_P__B______P_O	5	285
4|4|O__O_P____P_B_P_	8	284
4|4|P_O____P__P__BO_	6	284
4|4|OP_____P__P_O_B_	7	283
4|4|OP____B_____PP_O	6	283
4|4|OP_P_P______O_B_	5	283
4|4|OP_____OP___P_B_	8	282
4|4|OO__P__P____P_B_	7	282
4|4|O_O___PPP____B__	6	282
4|4|O_P___POP____B__	6	282
4|4|OP_B___P____OP__	8	281
4|4|P_O___P__P_O_B__	6	281
4|4|O_P__P_P_O____B_	5	281
4|4|O_O____B__P__P_P	9	279
4|4|O_PB___P__P_O___	6	279
4|4|OPPO_____P____B_	9	278
4|4|OP_P___OB____P__	7	278
4|4|P_O__P_B___O_P__	7	278
4|4|P_B___POP____O__	7	278
4|4|PPP_____B__O__O_	6	278
4|4|OP_PP________B_O	5	278
4|4|PB_____O_____OPP	8	277
4|4|P_O___PP_O___B__	7	277
4|4|O__P______POP_B_	6	277
4|4|O_O__P_P___BP___	5	277
4|4|O_P____BP____PO_	7	276
4|4|O_P__PO____BP___	9	275
4|4|O_P___O__P_BP___	8	275
4|4|OPO_____P__PB___	9	274
4|4|OO_P___PB____P__	7	274
4|4|OP_P___O__B_P___	6	274
4|4|OP_B_O_____PP___	5	274
4|4|O_P____O__P_P_B_	5	274
4|4|OP_P___PB____O__	7	273
4|4|OOP___B______P_P	6	273
4|4|OP_P___P_O__B___	6	272
4|4|OPPP________O_B_	5	272
4|4|OB___P_OP____P__	6	271
4|4|O_O_______PBP_P_	6	271
4|4|OP_____PO__P__B_	9	270
4|4|OPO____BP_____P_	6	270
4|4|O_P__P___O_PB___	6	270
4|4|OB_P________POP_	5	270
4|4|OB_____P__P_P__O	6	268
4|4|OBP________PP__O	5	268
4|4|O_O__P_____PBP__	5	266
4|4|OP_P___B_____PO_	6	265
4|4|OO__P__P____B_P_	7	264
4|4|O_O__PP_____B__P	7	264
4|4|O_O____P__P__B_P	7	264
4|4|OP_P__OB_____P__	5	264
4|4|OOP____B_____P_P	7	263
4|4|OP_OP_____P_B___	7	263
4|4|OP__P__B_____P_O	6	263
4|4|O_O__P_P_P____B_	5	261
4|4|O_P________PBPO_	5	261
4|4|POO____B_____P_P	7	260
4|4|PO_P____B___PO__	6	260
4|4|O__O_P____P_P_B_	7	259
4|4|O__P_P___P_O__B_	6	259
4|4|OB___P_P____P__O	5	259
4|4|OO_____BP____PP_	8	258
4|4|OP_B__P____O_P__	7	258
4|4|OP_B_P_______O_P	5	258
4|4|OP_____BP__O_P__	7	257
4|4|P_B__P_O_P____O_	8	256
4|4|O__P___P__P__OB_	6	256
4|4|O_O____PP_P__B__	5	256
4|4|OP_B______P_PO__	6	255
4|4|O_P____OP_P__B__	5	255
4|4|PO_____BP__O_P__	9	254
4|4|OP_____PB____O_P	7	254
4|4|O__P_P_______OBP	7	253
4|4|PPO____BO_____P_	6	253
4|4|O_PB_P_O_____P__	6	252
4|4|OP_B_O______P__P	5	252
4|4|O_P_________BPOP	5	252
4|4|O_O__P__P____B_P	7	250
4|4|OP_P____B_____PO	7	249
4|4|OP_____OP_P___B_	7	249
4|4|OP_O__P_P_____B_	7	248
4|4|POP_____B____O_P	7	248
4|4|OBP_____P__P___O	6	248
4|4|O_O__P______PB_P	5	248
4|4|_OP____PP__B_O__	8	247
4|4|OP_____PB____P_O	7	246
4|4|O_P____B_____POP	7	246
4|4|OP_O_P___P____B_	8	245
4|4|PB_____O__P__O_P	8	245
4|4|OO_____BP__P_P__	7	245
4|4|OP_O_____PP___B_	7	245
4|4|PB___P_O_____O_P	7	245
4|4|OPOP_________B_P	7	244
4|4|O__P__B______POP	7	244
4|4|OP_P__B_____OP__	6	244
4|4|P_O____P__P__OB_	5	244
4|4|O_O___P__P__B__P	6	243
4|4|O_O_____P_PP_B__	4	243
4|4|P_O____BP____PO_	7	242
4|4|OO__P__P_____PB_	6	242
4|4|_OP____PO__B_P__	6	242
4|4|O__O_PP_____B__P	9	241
4|4|OPB______P___O_P	7	241
4|4|OPPB_______OP___	5	241
4|4|OP_______P_BP_O_	6	239
4|4|O_P____P_OP___B_	6	239
4|4|OP_P___O_P___B__	5	239
4|4|OO____B_P___P__P	6	238
4|4|OBP____P____P__O	6	238
4|4|O__P___O_P_P_B__	6	238
4|4|O__P___B___PP_O_	6	238
4|4|O_PB_P_O______P_	5	238
4|4|O_PP___P_O__B___	5	238
4|4|PO_P_P_O_____B__	9	237
4|4|PO_P__PO_____B__	8	237
4|4|OP___P_OP_____B_	7	237
4|4|O_B_____P___P_OP	6	237
4|4|OP_P_____P__BO__	5	237
4|4|PPO____OP_____B_	5	237
4|4|P_B__P__P__O__O_	6	236
4|4|PO_____PP__B_O__	8	235
4|4|PO_P___O__P__B__	7	235
4|4|OP_P___B____OP__	6	235
4|4|_OP__P__O__P__B_	6	235
4|4|OB_P_____P_PO___	5	235
4|4|O_P___P__P_B_O__	5	235
4|4|O__P___O__B_P_P_	5	235
4|4|OO__P__B____P_P_	8	234
4|4|POO____B____P__P	8	234
4|4|O_P__P_B___O_P__	7	234
4|4|OO___P_B____P_P_	6	234
4|4|OPOP_________PB_	6	234
4|4|O_O__P__P__B__P_	6	234
4|4|O_B____P_P_P_O__	6	234
4|4|OPOP_____P____B_	5	234
4|4|OB_P_P_______P_O	5	233
4|4|OP_O______PB_P__	5	233
4|4|PO_____O__P__B_P	9	232
4|4|PO___P_O_____B_P	8	232
4|4|OB_P______P__P_O	4	232
4|4|OB_____O___P_P_P	11	231
4|4|OP_P_O_____BP___	6	231
4|4|OPB____P_P____O_	5	231
4|4|OP_P_____PO__B__	4	231
4|4|POP____BP____O__	10	229
4|4|O_O_______PBP__P	7	229
4|4|O__P___P_OP___B_	7	229
4|4|O_PP___B_____PO_	6	229
4|4|O_PB_O_______P_P	6	228
4|4|OPB_P________O_P	5	228
4|4|OP_B____P_P__O__	4	228
4|4|O_PB__P____O_P__	6	227
4|4|OP_B_____P__P__O	5	227
4|4|PBP____O____P_O_	5	227
4|4|_OP____OB_P___P_	6	226
4|4|OB_P_P_______O_P	5	226
4|4|O_OP_P_B_____P__	9	225
4|4|O__O_____PP_B__P	9	225
4|4|OO_P_P_B_____P__	8	225
4|4|O_OP__PB_____P__	8	225
4|4|OO_P__PB_____P__	7	225
4|4|O_OP___B__P__P__	7	225
4|4|_O__P__O__P__BP_	7	225
4|4|OO_P___B__P__P__	6	225
4|4|_O__PP_O_____BP_	6	225
4|4|OP_P_____P___BO_	4	225
4|4|OP_____B___PO_P_	9	224
4|4|OPO_______PPB___	8	224
4|4|OO_____PP__P__B_	7	224
4|4|OP______B__PP_O_	7	224
4|4|_O__P__BP__P_O__	7	224
4|4|OP_B_P_O_____P__	5	224
4|4|_OP_____O_PP__B_	5	224
4|4|OB_P______P__O_P	4	224
4|4|P_O____O__P__BP_	9	223
4|4|OPP____B_____O_P	6	223
4|4|O_O_____P_PB_P__	5	223
4|4|OP_____POP____B_	8	222
4|4|OOPP_______P_B__	7	222
4|4|OPPB_____O____P_	7	222
4|4|OP_P______PB_O__	5	222
4|4|O_P____O__B_P__P	5	222
4|4|OP_____PO_P_B___	7	221
4|4|O_P____O__B__P_P	5	221
4|4|P_P____O__P__BO_	5	220
4|4|OPPB___P______O_	8	219
4|4|PP_____OB____O_P	8	219
4|4|O_O____P_PP___B_	6	219
4|4|O_P___O__P____BP	6	219
4|4|O_O____P_P__BP__	5	219
4|4|OP_P_O______B_P_	4	219
4|4|PO_____PO__B_P__	6	218
4|4|PB_____O___P_O_P	9	217
4|4|OP_P__B______PO_	6	217
4|4|O_PB__P_____PO__	6	217
4|4|POB______P_P_O__	5	217
4|4|O_PB_____P__P__O	4	217
4|4|O_PP_P_____B__O_	6	216
4|4|OP_P_______PB__O	5	216
4|4|O_PP_O_____BP___	5	216
4|4|OB______P__PP__O	6	215
4|4|OPOB____P____P__	6	215
4|4|OP_B_O_______P_P	5	215
4|4|OO____BP____P_P_	7	214
4|4|O_OP_P_______B_P	7	214
4|4|P_O_____P_PB_O__	6	214
4|4|OPB_____P__P__O_	5	214
4|4|OP____OBP____P__	5	214
4|4|OP_B___P__P___O_	7	213
4|4|OP_____OP____PB_	7	213
4|4|OB_____PP___P__O	6	213
4|4|OP_______P_OP_B_	7	212
4|4|OPPP_____O____B_	6	212
4|4|OP_O__P____B_P__	5	212
4|4|P_O____B__O__P_P	7	211
4|4|OP____B______POP	6	211
4|4|P_O____OP_P___B_	4	211
4|4|POP____BO____P__	8	210
4|4|PB_____PP__O_O__	7	210
4|4|OP_P_O_B______P_	6	210
4|4|PPO____B_O____P_	6	210
4|4|_OP_P__B___P_O__	6	210
4|4|OBP______P_P___O	5	210
4|4|O_O____P_P__PB__	5	210
4|4|O_P____B___P_PO_	7	209
4|4|OPPB_________PO_	7	208
4|4|_O__P__PB_P___O_	7	208
4|4|OO_____P_P__B_P_	7	207
4|4|O__P_P___O_P__B_	7	207
4|4|O_O___P______PBP	6	207
4|4|P_P____O_BP___O_	6	207
4|4|O_P____O_P_P__B_	4	207
4|4|P_B__P_O_____PO_	7	206
4|4|OBP__P______P__O	6	206
4|4|POP____BO_____P_	6	206
4|4|OPOP______P_B___	5	206
4|4|OP_P_P_____B__O_	5	206
4|4|O_P____P__P__OB_	5	206
4|4|O_OP_P_P_____B__	9	205
4|4|OO_P_P_P_____B__	8	205
4|4|O_OP__PP_____B__	8	205
4|4|OO_P__PP_____B__	7	205
4|4|O_PB___P__P___O_	7	205
4|4|O_P____P__PBO___	7	205
4|4|O__P_B____P__O_P	5	205
4|4|P_O___P__P_B_O__	5	205
4|4|OB_____PP_P____O	7	204
4|4|OP___O_PP_____B_	7	204
4|4|O_OP___P__P__B__	7	204
4|4|OOP___B_____P__P	6	204
4|4|OO_P___P__P__B__	6	204
4|4|OP_B_P_P______O_	6	204
4|4|OP_P_O__B_____P_	6	204
4|4|O_P____B__O__P_P	7	203
4|4|OO_____PPP____B_	6	203
4|4|OB____POP____P__	5	203
4|4|O_P__P____B_O__P	5	203
4|4|PB____OO_____P_P	7	202
4|4|OO_P_P_______B_P	6	202
4|4|OPP____BO_____P_	6	202
4|4|PO_PO__P_____B__	6	202
4|4|P_O____P_OP__B__	6	202
4|4|OP_P__B_O_____P_	5	202
4|4|O_PP_P_______OB_	5	202
4|4|_O___P_PP_O__B__	7	201
4|4|OB______P____PPO	6	201
4|4|OB________P_P_PO	6	201
4|4|OP_P_P_____O__B_	6	201
4|4|PO_P_P___O____B_	6	201
4|4|PO_____POP____B_	6	201
4|4|PO_P_____OP___B_	5	201
4|4|_OB_____PP_P_O__	5	201
4|4|OP______B__P_P_O	7	200
4|4|OOP_P________B_P	6	200
4|4|_OB_P__PO_____P_	5	200
4|4|OP______B__P_O_P	7	199
4|4|OP_P_____B_P___O	5	199
4|4|O__B___P_P___PO_	10	198
4|4|OOP_____P__PB___	6	198
4|4|OP_____B__P_P_O_	6	198
4|4|O__P___O__B_P__P	6	198
4|4|O_PB_P_P______O_	5	198
4|4|_OP____PPO___B__	8	197
4|4|OB_____PP__PO___	7	197
4|4|OB______P____OPP	6	197
4|4|OP_P__P_O_____B_	6	197
4|4|O_OP__P____P_B__	6	197
4|4|O_OP______PP_B__	5	197
4|4|_OP_O__B___P_P__	5	197
4|4|_O__P_PO_____BP_	5	197
4|4|OOP____B____P__P	8	196
4|4|OP_P_P___O____B_	7	196
4|4|PBP____O_____OP_	7	196
4|4|OP_P__O_P_____B_	6	196
4|4|OP_P_____OP___B_	6	196
4|4|OB___P______P_PO	5	196
4|4|OB________PPP__O	11	195
4|4|OB___P_____PP__O	10	195
4|4|OB_______P_PP__O	9	195
4|4|O_PB__P______OP_	7	195
4|4|OP_PP__B______O_	9	194
4|4|_OP_O__P_P____B_	5	194
4|4|O__B_____OP__P_P	9	193
4|4|O__B__P__O___P_P	8	193
4|4|OP_P___PO___B___	7	193
4|4|O__P_P___P___BO_	7	193
4|4|OPPP_______B__O_	6	193
4|4|OP_P______PO__B_	5	193
4|4|POP____OP____B__	10	192
4|4|O_O____P__P__PB_	8	192
4|4|OOP____BP____P__	8	191
4|4|O_B_____P_PP_O__	8	191
4|4|O_PB_O_P_____P__	6	191
4|4|OO_P__P____B_P__	5	191
4|4|O_B__P_PP_____O_	5	191
4|4|O__P___O_P_P__B_	5	191
4|4|OPP_____P__BO___	12	190
4|4|O_B__P_____PPO__	8	190
4|4|O__P______O__PBP	6	190
4|4|PO_____B___OP_P_	8	189
4|4|O__P_____O___PBP	7	189
4|4|OP_PP____B____O_	6	189
4|4|OP______B___P_OP	6	189
4|4|P_O__O__B____P_P	6	189
4|4|O__O_P_______PBP	8	188
4|4|PB_____O___OP_P_	7	188
4|4|OB_________OPP_P	6	188
4|4|OP_B__P______OP_	6	188
4|4|OP_____P_PO___B_	6	188
4|4|PB_____OP__O_P__	6	188
4|4|OP_P__B_____P__O	5	188
4|4|POP____PO____B__	13	187
4|4|POP_P__B_____O__	10	187
4|4|OP_____B___OP_P_	7	187
4|4|OP___P_B____P_O_	5	187
4|4|PBO____O_____PP_	5	187
4|4|POO____PP____B__	11	186
4|4|OB_P______PO_P__	7	186
4|4|P_B__P_P_____OO_	7	186
4|4|OPP___B_____O__P	6	186
4|4|PPO____B_____O_P	6	186
4|4|P__P_P___O___OB_	6	186
4|4|_OP____BOP____P_	6	186
4|4|OBP__P_____PO___	5	186
4|4|PO_____O___P_B_P	10	185
4|4|OB_____PP__O__P_	5	185
4|4|O_PP______PB__O_	5	185
4|4|O__P_O_____B_P_P	5	185
4|4|OO_____B___PP_P_	7	184
4|4|O_O__P_B___P_P__	7	184
4|4|OOP____B_P____P_	6	184
4|4|O__O_PP_____P_B_	6	184
4|4|PB_____OO____P_P	6	184
4|4|_O____PPP_O__B__	6	184
4|4|OO__P_P______B_P	5	184
4|4|O_PB_O_P______P_	5	184
4|4|O__P__P___O_P_B_	7	183
4|4|O_PB______P__OP_	6	183
4|4|O__P_P___P___OB_	6	183
4|4|O__P______P__OBP	6	183
4|4|P_B_____P_PO__O_	5	183
4|4|O_P____O_B_P__P_	4	183
4|4|OP_____O___PB_P_	9	182
4|4|OPB_____O__PP___	7	182
4|4|PB____OO____P_P_	7	182
4|4|OP_____B____PP_O	6	182
4|4|OP________POP_B_	6	182
4|4|OP_B_P_O____P___	5	182
4|4|P_P______OPO_B__	5	182
4|4|POB____P_P___O__	6	181
4|4|P_O__P_O__B_P___	5	181
4|4|OP_P___B___O__P_	7	180
4|4|OP_____BO___P_P_	6	180
4|4|_O__PP_PB_____O_	6	180
4|4|OP_P_O_____B__P_	5	180
4|4|OO__P__PP____B__	7	179
4|4|OB____O___P_P__P	6	179
4|4|OB____P___P_P__O	6	179
4|4|O_BP_____P__O__P	6	179
4|4|OPP____OP_____B_	5	179
4|4|O__P___O___PP_B_	9	178
4|4|PO_PO____P____B_	7	178
4|4|O_O___P__P_P_B__	6	178
4|4|OP_P______B_OP__	5	178
4|4|O_PB______P_PO__	5	178
4|4|_OP____POP___B__	12	177
4|4|OP_____P_O_P__B_	7	177
4|4|PO_P_O_P_____B__	7	177
4|4|OP_____O__B_P__P	6	177
4|4|_OB____PPP___O__	6	177
4|4|OB_____P__P__P_O	5	177
4|4|OP_P___O__P___B_	5	177
4|4|PO_P___O__B_P___	5	177
4|4|OB_____P_P_PO___	7	176
4|4|OB___P__P____P_O	5	176
4|4|O_PB_P_______OP_	5	176
4|4|O_PB__PO_____P__	5	176
4|4|P_O______OPP_B__	5	176
4|4|_OP__P_PO____B__	11	175
4|4|_OP___PPO____B__	10	175
4|4|_OP____PO_P__B__	9	175
4|4|OO___P_PP____B__	7	175
4|4|OB_____P_P__P__O	7	175
4|4|OO_____P_P__P_B_	6	175
4|4|OPP____O__B_P___	6	175
4|4|OP_B___P_O__P___	6	175
4|4|O_OP_P_______BP_	6	175
4|4|O_PB___P_O__P___	5	175
4|4|OP_B_P_O______P_	4	175
4|4|OPOP_________BP_	6	174
4|4|OPP____P__B_O___	6	174
4|4|OP_B______P__OP_	5	174
4|4|PO_____PPO___B__	8	173
4|4|OP_P___B______PO	7	173
4|4|O_P___B___P__O_P	7	173
4|4|OO_P_P___P____B_	6	173
4|4|OP____B_O___P__P	6	173
4|4|O_____O__P_B_P_P	6	173
4|4|OO_P_____PP___B_	5	173
4|4|P_B__P_P_O____O_	5	173
4|4|OP_P_____P___B_O	4	173
4|4|P_O____OP__P__B_	4	173
4|4|OO_____B_____PPP	10	172
4|4|OO__P_B_____P__P	7	172
4|4|OPB____P_____OP_	7	172
4|4|OP_B__P____P_O__	6	172
4|4|P_P____O_OP___B_	6	172
4|4|OB___P__P____O_P	5	172
4|4|O_O___P__P_B_P__	5	172
4|4|OO__P__P___B_P__	7	171
4|4|OB____P____O_P_P	6	171
4|4|O__P_P_O__B_P___	6	171
4|4|OB______P___OP_P	5	171
4|4|O_B____P_P__O_P_	4	171
4|4|O_P___O___PBP___	10	170
4|4|OO__P__B_____PP_	8	170
4|4|O_O___PB____PP__	7	170
4|4|O__P__OB____PP__	7	170
4|4|O__P__O__P__P_B_	6	170
4|4|OB_____P__P__O_P	5	170
4|4|_OP_P__BP____O__	8	169
4|4|OO_P__P____P_B__	6	169
4|4|OO_P______PP_B__	5	169
4|4|OB_P_____PP____O	5	169
4|4|OPB_______O_P__P	5	169
4|4|P_O__O_PB____P__	8	168
4|4|O_B____PP_P__O__	7	168
4|4|OB_P___P____PO__	6	168
4|4|O_PP_P___O____B_	6	168
4|4|_OP__P__O__B__P_	6	168
4|4|OP_B_O_P_____P__	5	168
4|4|O_B__PP_____O__P	5	168
4|4|_OO_P__PB_____P_	7	167
4|4|OO____PPP____B__	6	167
4|4|OP_P__B_O______P	6	167
4|4|O_B____O___P_P_P	6	167
4|4|OBP____O_____PP_	5	167
4|4|O_PP_____OP___B_	5	167
4|4|O_PP_____BP___O_	5	167
4|4|_OP_____O_PB__P_	5	167
4|4|OO_____B__P__P_P	10	166
4|4|OO___P_B_____P_P	9	166
4|4|PBP____O_P___O__	9	166
4|4|OO____PB_____P_P	8	166
4|4|OO_____P_P_B_P__	7	166
4|4|OO_____P_P_P__B_	7	166
4|4|O__P_O___P___B_P	7	166
4|4|OPO____B__P_P___	6	166
4|4|O_OP_P___P____B_	6	166
4|4|PP_____BO__O_P__	6	166
4|4|O__P_BP_____P__O	5	166
4|4|P_P___O_P__O__B_	5	166
4|4|OP_O_P_P____B___	8	165
4|4|O_P__PB____PO___	6	165
4|4|O_P_______PB_O_P	6	165
4|4|OP_P_____B____PO	5	165
4|4|O_OP_____PP___B_	5	165
4|4|O__P___B___OPP__	9	164
4|4|OP____OPP_____B_	8	164
4|4|OP___P_BO____P__	7	164
4|4|OP_P___O_B___P__	6	164
4|4|OP_P___B__P____O	6	164
4|4|OP____PBO____P__	6	164
4|4|OBP____P_____OP_	5	164
4|4|OP____BO____P_P_	5	164
4|4|O__P_____PPO__B_	5	164
4|4|O_PB_P_O____P___	4	164
4|4|O_PP__O__P____B_	8	163
4|4|OP_P__B____PO___	7	163
4|4|OP____B___P_O__P	7	163
4|4|OB___PO_____P__P	5	163
4|4|OB___PP_____P__O	5	163
4|4|OPB_P______P_O__	5	163
4|4|PO_____B_O___P_P	9	162
4|4|OB____PO____P__P	8	162
4|4|O__P_P___O____BP	8	162
4|4|OP_OP____B____P_	6	162
4|4|OP_O__P__P____B_	6	162
4|4|P_O__P_B_O____P_	6	162
4|4|OO_P_P_______BP_	5	162
4|4|O_PP_P_____O__B_	5	162
4|4|P_P____O_OP__B__	5	162
4|4|P_P__P_B_O___O__	8	161
4|4|OO__P__BP____P__	7	161
4|4|OPBP____P_____O_	7	161
4|4|OPP____BP____O__	7	161
4|4|OBPP________PO__	6	161
4|4|_OP_____OP_P__B_	4	161
4|4|OP_____B__P_O__P	7	160
4|4|OP_____PP_O_B___	7	160
4|4|_OP_P__B_____OP_	6	160
4|4|O_P__P_O__B_P___	5	160
4|4|OP_P__O__P____B_	7	159
4|4|OP_______P_BO_P_	7	159
4|4|OB____POP_____P_	6	159
4|4|OB_____P_P_P_O__	6	159
4|4|OP_____P__P__OB_	6	159
4|4|_O___P_PO_P___B_	6	159
4|4|OO_____B___P_P_P	8	158
4|4|OP____PPO_____B_	8	158
4|4|OP_O___P_P__B___	7	158
4|4|OP_____P_O_PB___	7	158
4|4|P__P_____BP__OO_	5	158
4|4|POP____B_P___O__	9	157
4|4|O__P___O____P_BP	7	157
4|4|P_P___PB_O___O__	7	157
4|4|OP_P__P____O_B__	6	157
4|4|PO_____BO__P_P__	6	157
4|4|OP_P______PO_B__	5	157
4|4|OP____B_O__P_P__	5	157
4|4|_OP____OBP____P_	5	157
4|4|POO____BP____P__	8	156
4|4|OO___P_P____B__P	7	156
4|4|O_____PO_P___B_P	7	156
4|4|PO_____B___P_O_P	7	156
4|4|O_PP__B_____P__O	4	156
4|4|OOPP___P____B___	7	155
4|4|OOP__P_____PB___	7	155
4|4|O__P__B___P_P_O_	7	155
4|4|O__P_____OP___BP	7	155
4|4|P_O__P_B_O___P__	7	155
4|4|OOP______P_PB___	6	155
4|4|OP_P__B___P_O___	6	155
4|4|O__P_P_B__O_P___	5	155
4|4|PB_____O_O__P__P	9	154
4|4|OO___P_BP____P__	7	154
4|4|OP_B_P________PO	7	154
4|4|OO_P___P_P__B___	6	154
4|4|OO____PBP____P__	6	154
4|4|OP___P_BO_____P_	6	154
4|4|OB_P_P_______OP_	5	154
4|4|O_P__BP_____P__O	5	154
4|4|O_P__P_P__B_O___	5	154
4|4|_OB__P_PP____O__	5	154
4|4|OP_B___P______OP	7	153
4|4|OOPP_______B_P__	5	153
4|4|OP________PBP_O_	5	153
4|4|O_P____OP_P___B_	4	153
4|4|O_O____P__P__BP_	6	152
4|4|OP_B______PP_O__	5	152
4|4|_OB____OP__P__P_	4	152
4|4|_OP____BPP___O__	9	151
4|4|OO_P_P_B____P___	6	151
4|4|OP___P_BP_____O_	6	151
4|4|OP_____B____PO_P	6	151
4|4|P_O___PB_O___P__	6	151
4|4|OPPB___O______P_	5	151
4|4|O_P___B__P_PO___	5	151
4|4|_OB__P_PO____P__	5	151
4|4|PB_____O___PP_O_	9	150
4|4|OO___P_B____P__P	8	150
4|4|OP_P_P____B_O___	7	150
4|4|OPO_______BPP___	6	150
4|4|OPB_______OPP___	6	150
4|4|OP_O____BP___P__	6	150
4|4|O_PB__P____P_O__	6	150
4|4|O_PP__B____PO___	6	150
4|4|O_P___O__P_P__B_	6	150
4|4|O__P_____PP__BO_	6	150
4|4|OOP______P___B_P	5	150
4|4|O_OP______P__BP_	5	150
4|4|O_P____O_BP___P_	5	150
4|4|OB_P__P_P______O	6	149
4|4|OP_O_P_____B__P_	6	149
4|4|OP_____PB____OP_	6	149
4|4|PPO____P___O__B_	6	149
4|4|OO_____PP_P__B__	5	149
4|4|OPP_______BOP___	5	149
4|4|O__P_P_O_P____B_	5	149
4|4|O__O_P___P___B_P	10	148
4|4|OPB__P______O__P	8	148
4|4|POO____P____PB__	8	148
4|4|PPO____OP____B__	8	148
4|4|OPB______P__O__P	7	148
4|4|OP_____PB____PO_	6	148
4|4|O__P_O___P___BP_	6	148
4|4|P_O__P_O_B___P__	6	148
4|4|OP_P___O___BP___	5	148
4|4|OP_P____OP___B__	5	148
4|4|O_P__P_O___B__P_	5	148
4|4|P_P______OPO__B_	5	148
4|4|_OB_P__PO____P__	5	148
4|4|PO__P__OP____B__	10	147
4|4|PO_____O__P__BP_	8	147
4|4|OO__________BPPP	7	147
4|4|OPB________PP__O	7	147
4|4|PO___P_O_____BP_	7	147
4|4|OP_P______PB__O_	4	147
4|4|O_P__P_O_P___B__	9	146
4|4|O_B______P___OPP	8	146
4|4|O__P___B__POP___	8	146
4|4|O_PB___P______OP	7	146
4|4|OO____B__P___P_P	5	146
4|4|OB____P_P_P____O	5	146
4|4|OB_____P__P_O__P	5	146
4|4|O_BP_P______O__P	5	146
4|4|OBP______P_PO___	4	146
4|4|OPP_______OPB___	8	145
4|4|OB_____P_OP___P_	6	145
4|4|O_P___OBP_____P_	6	145
4|4|OPB______P_P__O_	5	145
4|4|OP_PP____O___B__	5	145
4|4|O_PB__OP_____P__	5	145
4|4|POP____O____PB__	10	144
4|4|OO__P_P_____B__P	9	144
4|4|PO_____O___P_BP_	9	144
4|4|O_O____PBP__P___	8	144
4|4|OP_____PP__OB___	7	144
4|4|OP_________BO_PP	6	144
4|4|O_P__PB______P_O	6	144
4|4|OB__PP_O_____P__	5	144
4|4|O__P__O__P____BP	8	143
4|4|PO__P__B___O_P__	8	143
4|4|_OP__P_BP____O__	8	143
4|4|OP_P___P____B__O	7	143
4|4|OP_____P___BO_P_	7	143
4|4|_OP___PBP____O__	7	143
4|4|OB___P_O_P____P_	5	143
4|4|P_O___P__P_B__O_	4	143
4|4|OO_____P__P__B_P	6	142
4|4|PB_____O_O___PP_	6	142
4|4|OB_____P_O___P_P	5	142
4|4|PPO____P__O___B_	5	142
4|4|PO___P_OP____B__	10	141
4|4|PO____POP____B__	9	141
4|4|PO_____OP_P__B__	8	141
4|4|OBPP_________OP_	7	141
4|4|OO___P_BP_____P_	6	141
4|4|OB_____P_P____PO	6	141
4|4|OPO____P__P_B___	6	141
4|4|OP______B___PP_O	6	141
4|4|OP________PBO_P_	6	141
4|4|OP________P_BP_O	6	141
4|4|P_O___PB___O_P__	6	141
4|4|_OP____BP_P__O__	6	141
4|4|OO__P__P_____B_P	5	141
4|4|P__P_____OP__OB_	5	141
4|4|OP_B_O_P______P_	4	141
4|4|OP_B__PO_____P__	4	141
4|4|P_B____O_PP___O_	9	140
4|4|POPP___O_____B__	8	140
4|4|PB_____O_P___OP_	7	140
4|4|OP_______P_B_O_P	6	140
4|4|O_O___P_P_____BP	6	140
4|4|P_O__P_B___O__P_	6	140
4|4|P_O___OBP_____P_	6	140
4|4|O__B_____P_P_PO_	9	139
4|4|POP_P__O_____B__	9	139
4|4|OPOP___B______P_	8	139
4|4|O_OP_P_B______P_	8	139
4|4|OO_P_P_B______P_	7	139
4|4|OP_____O_P_P__B_	7	139
4|4|O_O__P_PB___P___	7	139
4|4|O__P__BP_____PO_	7	139
4|4|P_O___OPB____P__	7	139
4|4|OB_P_P______PO__	6	139
4|4|O_PP___P____B__O	6	139
4|4|O_OP___P_P__B___	5	139
4|4|O_O__P_P____PB__	4	139
4|4|POP____O___P_B__	9	138
4|4|P_O__P_O_P___B__	9	138
4|4|OO___P_P___BP___	8	138
4|4|PP_____B_O_P_O__	8	138
4|4|OP_____OP__BP___	7	138
4|4|PB_____P_O___OP_	7	138
4|4|OPPB__________PO	6	138
4|4|OP______B___PO_P	6	138
4|4|O_P_______PP_OB_	6	138
4|4|P_O____P___B_OP_	6	138
4|4|P_O_______PP_OB_	6	138
4|4|O_P__P_B_O____P_	5	138
4|4|O__P_____PP__OB_	5	138
4|4|O_PP______P__OB_	4	138
4|4|OP_____P__PBO___	9	137
4|4|OP___P_P___BO___	8	137
4|4|OP_____B___P_O_P	7	137
4|4|PP_____OO__P__B_	7	137
4|4|OO___P______BP_P	6	137
4|4|PB_P______PO_O__	6	137
4|4|OB___P_P_O____P_	5	137
4|4|P_B__O___P_P_O__	5	137
4|4|O_P______POB_P__	4	137
4|4|OOP____PP____B__	9	136
4|4|OB____PO____PP__	7	136
4|4|P_B___PO_____PO_	6	136
4|4|OP____B____OP_P_	5	136
4|4|O_O__P_B_P____P_	5	136
4|4|O_P__P_P___B__O_	5	136
4|4|O__P___O_PP___B_	5	136
4|4|P_O___P____B_OP_	5	136
4|4|OPP____O____B__P	8	135
4|4|OP_B__P_P_____O_	8	135
4|4|OOP_P__B_____P__	7	135
4|4|OO_P___B______PP	7	135
4|4|OPP____P___O__B_	6	135
4|4|OPPO_____B____P_	5	135
4|4|O_PP___O___BP___	4	135
4|4|POP____O_P___B__	10	134
4|4|OP_P__O____PB___	9	134
4|4|O_P___PO_P___B__	8	134
4|4|OP_B_P_____O__P_	7	134
4|4|OO____B____PP_P_	6	134
4|4|O_PB_P_____O__P_	6	134
4|4|PO_PO______P__B_	5	134
4|4|OPP____P___BO___	8	133
4|4|O_B___PO_P____P_	7	133
4|4|_OP____BOP___P__	7	133
4|4|OP_P_____PB_O___	6	133
4|4|O_B____PPP___O__	6	133
4|4|O_PP___B___O__P_	6	133
4|4|P_B___P__P_O_O__	6	133
4|4|P_P____O__PB_O__	6	133
4|4|OB__P__P____P__O	5	133
4|4|OB___P__P__O__P_	5	133
4|4|OPPP_______O__B_	5	133
4|4|OP_____BP_P___O_	5	133
4|4|PO_____B_O_P_P__	7	132
4|4|OB_____P__PPO___	6	132
4|4|OP__P__B___O_P__	6	132
4|4|OP_____O____BPP_	6	132
4|4|OP______B_P__P_O	6	132
4|4|OB___P_P___PO___	5	132
4|4|O_O__P_P__B_P___	5	132
4|4|P_P_______PO_BO_	5	132
4|4|OO_P______P__BP_	4	132
4|4|OP_____P_OP___B_	8	131
4|4|PP_____OB____PO_	7	131
4|4|OO_____P____BPP_	6	131
4|4|OP_BP______P__O_	6	131
4|4|O_O__P_B_P___P__	6	131
4|4|O_P__P_B_O___P__	6	131
4|4|O_PB______PP_O__	5	131
4|4|P_O____P__PO__B_	5	131
4|4|OOP____P_P___B__	9	130
4|4|OOP____P___BP___	8	130
4|4|O_PP__O____PB___	8	130
4|4|OOP____B_P___P__	7	130
4|4|OP_____OP__P__B_	7	130
4|4|O__P__B___P__O_P	7	130
4|4|POPP____O_____B_	7	130
4|4|PP_____B_O_O_P__	7	130
4|4|OP_P___BO___P___	6	130
4|4|OP______B_P__O_P	6	130
4|4|OO_P_P____B_P___	5	130
4|4|OPB__O_____PP___	5	130
4|4|OP_B_O_P____P___	5	130
4|4|PBO____P_P___O__	5	130
4|4|O__O_P___P___BP_	9	129
4|4|OO____P__P___B_P	7	129
4|4|POO_____P__BP___	7	129
4|4|OO__P__B___P_P__	6	129
4|4|OPB____P__O_P___	6	129
4|4|_OP__P__B__O__P_	6	129
4|4|OB__P_______O_PP	5	129
4|4|P_O_______PP_BO_	5	129
4|4|OP_B_P_______OP_	4	129
4|4|OO_____PP__PB___	10	128
4|4|O_P__PO____PB___	8	128
4|4|PB___P_OO____P__	7	128
4|4|P_O__P_B_____PO_	7	128
4|4|OP_B___PO___P___	6	128
4|4|O_BP____P_P___O_	6	128
4|4|O__P__P__O____BP	6	128
4|4|PP_____O___P_BO_	6	128
4|4|OPP____P__O___B_	5	128
4|4|OP____OB____P_P_	5	128
4|4|O__B___P_O___P_P	5	128
4|4|OB_____P___O_P_P	7	127
4|4|PBPP_________OO_	7	127
4|4|OP_____PP__B__O_	6	127
4|4|O_P___PB___O_P__	6	127
4|4|OPP____B__O_P___	5	127
4|4|OP_P___B_P_____O	5	127
4|4|O_O___PB_P___P__	5	127
4|4|O_P___PB_O___P__	5	127
4|4|P_O__P_P___O__B_	4	127
4|4|OP____O_P_____BP	8	126
4|4|P_O___PO_P___B__	8	126
4|4|O_PB__P_P_____O_	7	126
4|4|P_B____P___O_OP_	7	126
4|4|P_P___PO___O_B__	7	126
4|4|OOP________PPB__	6	126
4|4|OPB_P__O_____P__	6	126
4|4|OPPB_______O__P_	6	126
4|4|OP_B___P___PO___	6	126
4|4|OP_____OP__B__P_	6	126
4|4|O_PB___P___PO___	5	126
4|4|P_B___PO_O____P_	5	126
4|4|OP_P__P____BO___	10	125
4|4|O_PP__P____BO___	10	125
4|4|P_B__P_O_P___O__	10	125
4|4|OOP_P__P_____B__	8	125
4|4|PO______P__OPB__	8	125
4|4|OP_____P_P_BO___	7	125
4|4|O_P__P_B__O_P___	6	125
4|4|_OO_P___B__P__P_	6	125
4|4|_B____OPPO____P_	6	125
4|4|O_B___PO____P_P_	5	125
4|4|OPP_______PBO___	11	124
4|4|OPP__P_____BO___	10	124
4|4|OPP______P_BO___	9	124
4|4|_OP_P__OP____B__	9	124
4|4|OP____P_O_____BP	8	124
4|4|PB_____O_O____PP	8	124
4|4|OP_______P_BO__P	7	124
4|4|O_P___O__P_PB___	7	124
4|4|OB_____O__P_PP__	6	124
4|4|OP___PB_____O__P	6	124
4|4|OP_____O__PBP___	6	124
4|4|OP_____BP____PO_	6	124
4|4|_OP_P___B__P__O_	6	124
4|4|OB___P_O____PP__	5	124
4|4|OB________P_PP_O	5	124
4|4|OP____O__P_B_P__	5	124
4|4|PB_____O_P___O_P	5	124
4|4|PP_P__O_B_____O_	10	123
4|4|OPBP_____P____O_	8	123
4|4|PO_P___OB___P___	7	123
4|4|OB________P_PO_P	5	123
4|4|OP_P__BO_____P__	5	123
4|4|OP_P___O__B___P_	5	123
4|4|O_B___PO_____P_P	5	123
4|4|O__P__O__P___PB_	5	123
4|4|O__P__O___P_P_B_	9	122
4|4|O__P___B_O____PP	8	122
4|4|OP_O__P____BP___	7	122
4|4|O_P__P_B_____PO_	7	122
4|4|PO_PO______BP___	7	122
4|4|OPO___P______B_P	6	122
4|4|OP___P_B____O__P	6	122
4|4|O__P_____OPP__B_	6	122
4|4|PB____POO____P__	6	122
4|4|PP_P__O__O____B_	6	122
4|4|OBP____P_P___O__	5	122
4|4|_O_____PBOP___P_	5	122
4|4|OO_____BP__P__P_	9	121
4|4|_OO_P__PP____B__	9	121
4|4|O__P___O___P_PB_	8	121
4|4|OPB____P_P___O__	6	121
4|4|PBO____O__P_P___	6	121
4|4|PB__P__P___O_O__	6	121
4|4|OP____BOP____P__	5	121
4|4|O__P___O_PB___P_	5	121
4|4|O_O__P_P____BP__	4	121
4|4|O_B___P__P__O__P	4	121
4|4|O_PP______PO__B_	4	121
4|4|P_P__O_B_P___O__	8	120
4|4|O_OP___B______PP	7	120
4|4|P_O___PP___B_O__	7	120
4|4|OO_____PP__B_P__	6	120
4|4|OO_____P_P___B_P	6	120
4|4|P_B__P_O__O_P___	6	120
4|4|OB__P_PO_____P__	4	120
4|4|_OP____OPP___B__	10	119
4|4|OPP_____O__BP___	9	119
4|4|_O__P__PPO___B__	7	119
4|4|P_O__P_B__O_P___	6	119
4|4|OO___P_P_____B_P	5	119
4|4|O_P____P__PO__B_	5	119
4|4|O__P_____PO__BP_	5	119
4|4|_OP_____OP_B__P_	4	119
4|4|OOP____P____B__P	8	118
4|4|OO____B_P__P___P	7	118
4|4|OOP____B___P_P__	6	118
4|4|OO___PB_____P__P	6	118
4|4|OP_P____PB_____O	6	118
4|4|OP____P_P__O__B_	6	118
4|4|PB_P_____P___OO_	5	118
4|4|OO_____PP__BP___	8	117
4|4|_OP____PB__O_P__	7	117
4|4|O_P__P_B___O__P_	6	117
4|4|O_PP_O_B______P_	5	117
4|4|_OB_P__P_P___O__	5	117
4|4|O_PB_O_P____P___	4	117
4|4|OO_____BP___P__P	9	116
4|4|OO_____P__P__PB_	7	116
4|4|OP____POB____P__	7	116
4|4|OO______P__PB__P	6	116
4|4|OP_____P__OBP___	6	116
4|4|P_O___PO_B___P__	5	116
4|4|_OP__P_OP____B__	9	115
4|4|_OP___POP____B__	8	115
4|4|OP____OB____P__P	7	115
4|4|_OP____OP_P__B__	7	115
4|4|_O___P_PPO___B__	7	115
4|4|PB_PP___O____O__	6	115
4|4|P_B__P_O_O___P__	6	115
4|4|_O__PP_OP____B__	9	114
4|4|_O__P_POP____B__	8	114
4|4|OO____P_B___P__P	7	114
4|4|PB_____O__P__PO_	7	114
4|4|_O__OP_P___B_P__	7	114
4|4|_O__P__OP_P__B__	7	114
4|4|OO___P_P_____PB_	6	114
4|4|PB___P_O_____PO_	6	114
4|4|_O__O_PP___B_P__	6	114
4|4|OO______P__PBP__	5	114
4|4|_OP____PB__P_O__	11	113
4|4|O_PP___O__B____P	8	113
4|4|OB_____P_P_P___O	7	113
4|4|OP_P___O__B____P	7	113
4|4|POP_O__B_____P__	7	113
4|4|OO____B______PPP	6	113
4|4|OP_PPB_______O__	5	113
4|4|O_P__O_P___B__P_	5	113
4|4|_OP_____B_PO__P_	5	113
4|4|PO_____OP___PB__	10	112
4|4|OO__P__PP_____B_	7	112
4|4|OOPP___B______P_	6	112
4|4|OP_P__B______OP_	4	112
4|4|O_P__P____BOP___	4	112
4|4|PB_____O___P_OP_	9	111
4|4|OP____B_P_____OP	6	111
4|4|O_O___PB___P_P__	6	111
4|4|P_O__POB_____P__	6	111
4|4|P_B____P_OP___O_	6	111
4|4|OP_____BP__OP___	8	110
4|4|PO_____B_P_O_P__	8	110
4|4|OPP____O____BP__	7	110
4|4|OOPP___B_____P__	6	110
4|4|OP____B_P___P__O	6	110
4|4|O_O___P_P__B__P_	6	110
4|4|PB____OP_O____P_	6	110
4|4|_O____PPPO___B__	6	110
4|4|PO__P__O____PB__	9	109
4|4|POO__P_____BP___	8	109
4|4|OO____PB____P_P_	7	109
4|4|POO_P__B_____P__	7	109
4|4|POO______P_BP___	7	109
4|4|PB_____O__POP___	7	109
4|4|OO_______P_PB_P_	6	109
4|4|OPO____BP____P__	6	109
4|4|OPB_P__P_____O__	6	109
4|4|O_P__POB_____P__	6	109
4|4|PO_____POB___P__	6	109
4|4|PB___P_O___OP___	6	109
4|4|O_P__PP____BO___	10	108
4|4|OO____B___P__P_P	9	108
4|4|O_B__P_P_P___O__	9	108
4|4|O_P___P__P_BO___	9	108
4|4|OP____BPP_____O_	6	108
4|4|OP_____OB_P__P__	6	108
4|4|O_O____P_PP_B___	6	108
4|4|O_P_______PO_PB_	6	108
4|4|P_O_______PO_PB_	6	108
4|4|OO___B_PP_____P_	5	108
4|4|OB_P_P___O____P_	5	108
4|4|OP____BOP_____P_	5	108
4|4|O__P______PO_PB_	5	108
4|4|P_B__OP____OP___	5	108
4|4|OP_P__O__P___B__	4	108
4|4|P_B___PO_P___O__	9	107
4|4|O_P____O_PP__B__	7	107
4|4|OO___P_P____BP__	6	107
4|4|OO______B_P_P__P	6	107
4|4|OPOBP________P__	5	107
4|4|O__P_P_O_P___B__	9	106
4|4|OO_____PP___B__P	8	106
4|4|POP____O_B___P__	8	106
4|4|OB____P____OP__P	7	106
4|4|O__P__O__P_P__B_	7	106
4|4|O__P___O_B_P_P__	7	106
4|4|OO__P______P_B_P	6	106
4|4|OP____BP_____PO_	6	106
4|4|P_O___PB_____PO_	6	106
4|4|_OO_B_PP______P_	6	106
4|4|OP_P__B____OP___	5	106
4|4|O_O__P____BPP___	5	106
4|4|PO_____OPB___P__	8	105
4|4|PB_____O__P__OP_	8	105
4|4|OO_____P__PBP___	7	105
4|4|OP_P_O_P____B___	7	105
4|4|PB___P_O_____OP_	7	105
4|4|P_O___PO___P_B__	7	105
4|4|OP_O__P___B_P___	6	105
4|4|PB____PO_____OP_	6	105
4|4|OB__________PPPO	5	105
4|4|O__P___O_B_P__P_	5	105
4|4|O_P__P_P___O__B_	4	105
4|4|O_P____OP__P__B_	4	105
4|4|OO_____P__PPB___	9	104
4|4|PO___P_O____PB__	9	104
4|4|OO___P_P___PB___	8	104
4|4|OP____B____PO__P	8	104
4|4|O_P__P____OPB___	7	104
4|4|_O__P__B_O_P_P__	7	104
4|4|OP_____PB_P__O__	6	104
4|4|O_P______POPB___	6	104
4|4|P_B__P_P___O_O__	6	104
4|4|OB__________POPP	5	104
4|4|_OO_BP_P______P_	5	104
4|4|OPOB__P______P__	4	104
4|4|OO_____B_P___P_P	8	103
4|4|PO_____P___B_OP_	8	103
4|4|PBPP____O____O__	8	103
4|4|P_B____P__P__OO_	8	103
4|4|_OP_P__B_P___O__	8	103
4|4|O_PP_O_P____B___	6	103
4|4|POO_______PBP___	6	103
4|4|_OP____POB___P__	6	103
4|4|PB_____OO____PP_	5	103
4|4|_OP_B_P____O_P__	4	103
4|4|O_P___PO___BP___	8	102
4|4|POO____B____PP__	8	102
4|4|P_B____O__P__PO_	8	102
4|4|P_O____O_PP__B__	7	102
4|4|OP________PBO__P	6	102
4|4|O_B___POP____P__	6	102
4|4|O_B___P__P_P_O__	6	102
4|4|O__P_O____PBP___	5	102
4|4|_OO__P__P__B__P_	5	102
4|4|_OO_B_P____P_P__	4	102
4|4|OP_PP_B_______O_	7	101
4|4|OP____P_P__B__O_	7	101
4|4|O__P_O_B______PP	7	101
4|4|OPB______P____OP	6	101
4|4|PB____O____OP_P_	6	101
4|4|P_O____PB_O__P__	6	101
4|4|OO_____P_P___BP_	5	101
4|4|OP___O_BP_____P_	5	101
4|4|_OP_P__PB____O__	11	100
4|4|OP____O_P__BP___	10	100
4|4|PO____PO____PB__	8	100
4|4|OPPB_______P__O_	7	100
4|4|PO_____O__P_PB__	7	100
4|4|OB_P___P_P__O___	6	100
4|4|OP_P__B_O___P___	6	100
4|4|OP_P___P_B_____O	6	100
4|4|POO____B_____PP_	6	100
4|4|PB____OO_____PP_	6	100
4|4|PPO____B___O__P_	6	100
4|4|P_O___O___P__B_P	6	100
4|4|OB___P______PP_O	4	100
4|4|OP_P___O___B__P_	4	100
4|4|P_P______BPO_O__	4	100
4|4|O__O_____PP__BP_	8	99
4|4|_OP____OPB___P__	8	99
4|4|OP____B____POP__	7	99
4|4|OOP____B_____PP_	6	99
4|4|OO_____P_PP___B_	6	99
4|4|OP_P_P____O___B_	6	99
4|4|OB__P______PO_P_	5	99
4|4|P_B__P_P___O__O_	5	99
4|4|_OO_____B__P_PP_	5	99
4|4|OB___P______PO_P	4	99
4|4|OO___P__P____B_P	6	98
4|4|OP_B______PP__O_	6	98
4|4|OP_______P_O_PB_	6	98
4|4|PB_____PO__P_O__	6	98
4|4|OP_P_O____P_B___	5	98
4|4|P_O__P_P__O___B_	4	98
4|4|_O__PO_PP____B__	8	97
4|4|POO____B_P___P__	7	97
4|4|_O__P_OPP____B__	7	97
4|4|OO___P_P____PB__	6	97
4|4|OB____P____OPP__	6	97
4|4|OP_P__O____BP___	5	97
4|4|OP_____O_P_P_B__	5	97
4|4|O__P_O____P__B_P	5	97
4|4|_OB_P____P_P_O__	4	97
4|4|OPP___O____BP___	8	96
4|4|OO_____PP___BP__	7	96
4|4|OP_____OB__P_P__	7	96
4|4|OP_____B__POP___	7	96
4|4|O__P_P_B______OP	7	96
4|4|OPP____O___B__P_	6	96
4|4|OP____B___P__O_P	6	96
4|4|OP_______P_P_OB_	6	96
4|4|O_P___PB_____PO_	6	96
4|4|PO_PO__B____P___	6	96
4|4|PPO__O_P______B_	6	96
4|4|P_O______PPO_B__	6	96
4|4|P__P_P___OO___B_	6	96
4|4|OB__P______OP_P_	5	96
4|4|OPB__P_____PO___	5	96
4|4|OP__P__B_____PO_	5	96
4|4|O__P______PP_OB_	5	96
4|4|P_B___PO_O___P__	5	96
4|4|_O_____PPOP__B__	5	96
4|4|O_BP____P_P__O__	4	96
4|4|OOP____P___PB___	8	95
4|4|OOP____P___B_P__	7	95
4|4|OO___P_____PB__P	7	95
4|4|OP____O_P__B__P_	7	95
4|4|OP_____PB__P_O__	7	95
4|4|OO____BP_____PP_	6	95
4|4|O_O__P_B___P__P_	6	95
4|4|O__P_P___PO___B_	6	95
4|4|PO_P__OB____P___	6	95
4|4|_O___PO_P__B__P_	5	95
4|4|P_P______OPB__O_	4	95
4|4|POP____B_O___P__	7	94
4|4|PO_____POB_____P	7	94
4|4|OP____BPO_____P_	6	94
4|4|P_O___P___OP_B__	6	94
4|4|OPPP___O______B_	5	94
4|4|O_PP__B____OP___	4	94
4|4|OOP____P____BP__	7	93
4|4|PPO___P____O_B__	7	93
4|4|P_O___PBO_____P_	7	93
4|4|OP____P__P_B_O__	6	93
4|4|OP_O_P____B_P___	5	93
4|4|OP_B_P_____P__O_	5	93
4|4|PBO__P_O____P___	5	93
4|4|P_B__P_P_O___O__	5	93
4|4|OO___PP_____B__P	8	92
4|4|O_B___PP_P___O__	8	92
4|4|PB_____O___P_PO_	8	92
4|4|OO_____PB__P_P__	7	92
4|4|OB_____PP__P___O	7	92
4|4|OO__P_B____P_P__	6	92
4|4|OPB___P_____P__O	6	92
4|4|OPP____P___B__O_	6	92
4|4|O_B____PP____OP_	6	92
4|4|O_PB______PP__O_	6	92
4|4|OPB______P_PO___	4	92
4|4|O_O__P___B___P_P	4	92
4|4|_OB_O____P_P_P__	4	92
4|4|OB_________PPOP_	10	91
4|4|OPPBP_________O_	8	91
4|4|OO_____P_P_PB___	7	91
4|4|OB_____PP__O___P	7	91
4|4|O_P___PO_B___P__	7	91
4|4|O_P____B__OP_P__	7	91
4|4|PP____O_O__P__B_	7	91
4|4|OPP__O_P______B_	6	91
4|4|OP_P__OB______P_	6	91
4|4|OP___P_B___OP___	6	91
4|4|O____P_O_____PBP	6	91
4|4|PB_____P_O_P_O__	6	91
4|4|PPO____PO____B__	6	91
4|4|OB__P_PO______P_	5	91
4|4|OPPP______O___B_	5	91
4|4|O_O__P_P___B__P_	5	91
4|4|O_P__O___P___B_P	5	91
4|4|O_____PO_P_B_P__	5	91
4|4|_B__P_OP_O____P_	5	91
4|4|O_PB_P_____P__O_	4	91
4|4|O_PP___O__P___B_	4	91
4|4|OP____O_P__P__B_	7	90
4|4|OPOP___B_____P__	6	90
4|4|OP_____P_OP_B___	6	90
4|4|O____PB______POP	6	90
4|4|PP_______P_B_OO_	6	90
4|4|OPOP__B_____P___	5	90
4|4|OP_P_O_B_____P__	5	90
4|4|_O___P_PO__B__P_	4	90
4|4|OP_BPP________O_	9	89
4|4|OP_BP_____P___O_	8	89
4|4|O_BP___PP_____O_	7	89
4|4|_OP____BPO___P__	7	89
4|4|OPB____O___P_P__	6	89
4|4|P_O____O__PP_B__	6	89
4|4|O_O__P_P__P_B___	5	89
4|4|_OP_P__OB____P__	11	88
4|4|OP____O___PBP___	9	88
4|4|OP___PO____BP___	8	88
4|4|P_O____B__P__PO_	8	88
4|4|OP____O__P_BP___	7	88
4|4|OPP____B____O__P	6	88
4|4|OP____OB____PP__	6	88
4|4|O_P___PB_O____P_	6	88
4|4|PB_____P_P_O_O__	6	88
4|4|P_P____O__PO_B__	6	88
4|4|_OP_O__B_P___P__	6	88
4|4|OBP____P_P__O___	5	88
4|4|OP____B___P_P__O	5	88
4|4|PBP__O_O____P___	5	88
4|4|OO_____PB_P_P___	8	87
4|4|OP_BP_P_______O_	7	87
4|4|OP____P_O__P__B_	7	87
4|4|O_____PO_P___BP_	7	87
4|4|P_P_______PB_OO_	6	87
4|4|OO____B__P__P__P	5	87
4|4|OP_______P_B_PO_	5	87
4|4|OO__P__P_____BP_	4	87
4|4|OPPB______O_P___	4	87
4|4|O_PB_O_____P__P_	4	87
4|4|O_PP__O____BP___	4	87
4|4|_OB_PP_P_____O__	4	87
4|4|OP_____PB_O_P___	8	86
4|4|OO__P__P____B__P	7	86
4|4|O_P____P__PB_O__	7	86
4|4|OO____PPP_____B_	6	86
4|4|OPOP___B____P___	6	86
4|4|O_BP____P__P__O_	6	86
4|4|OP_B_PO_____P___	5	86
4|4|OP_B_P______PO__	5	86
4|4|OP____B__P__O__P	5	86
4|4|_OP_O__B_P____P_	5	86
4|4|OP_O_P___B____P_	4	86
4|4|_O____O_P_PB__P_	4	86
4|4|OO_____B_P__P_P_	8	85
4|4|OO__PP_B_____P__	7	85
4|4|OP____BO____P__P	7	85
4|4|_OP_PP_B_____O__	7	85
4|4|OOPP___B____P___	6	85
4|4|OO__P_PB_____P__	6	85
4|4|OO____P_____P_BP	6	85
4|4|OP_____PO_B_P___	6	85
4|4|O__P___O_____PBP	6	85
4|4|_OP_P_PB_____O__	6	85
4|4|OO___P_P_P____B_	5	85
4|4|OO_____P_P_B__P_	5	85
4|4|O_PB_P____O_P___	4	85
4|4|O_PP_OB_____P___	4	85
4|4|OOP____PB____P__	9	84
4|4|OOP____B____PP__	8	84
4|4|O__P__PO_P___B__	8	84
4|4|OP_B___PO______P	7	84
4|4|OP__P__O__B__P__	7	84
4|4|O__P___O_PP__B__	7	84
4|4|OO___P_B___PP___	6	84
4|4|OO_____PP__B__P_	6	84
4|4|OB_____P_O__P__P	5	84
4|4|O_P_______PB_PO_	5	84
4|4|PB_P____OP___O__	5	84
4|4|P_P______BPO__O_	5	84
4|4|O_PB_O___P____P_	4	84
4|4|O_PB_P______PO__	4	84
4|4|_OP____PBO___P__	8	83
4|4|O__P___B___P_PO_	7	83
4|4|OO_______P_PB__P	6	83
4|4|O_O___PB_P____P_	6	83
4|4|POP____B___O__P_	6	83
4|4|P_B__POP_____O__	6	83
4|4|OO_____P__P__BP_	5	83
4|4|O_P____P__PB__O_	5	83
4|4|_OP_____BP_O__P_	4	83
4|4|OO__P__B____P__P	8	82
4|4|OO_____B____PPP_	8	82
4|4|O_P____B__P__PO_	8	82
4|4|PO_____OB_P_P___	7	82
4|4|PB_____P___O_OP_	7	82
4|4|OP_B___P___P__O_	6	82
4|4|PB_____O__O_P_P_	6	82
4|4|OPB__P______P__O	5	82
4|4|O_P__O___P_PB___	5	82
4|4|P_P___OOP_____B_	5	82
4|4|OOPB___P______P_	4	82
4|4|O__P_O_P__B____P	6	81
4|4|_O_____PBO_P_P__	6	81
4|4|OB____P_P__P___O	5	81
4|4|OP_OP____B___P__	5	81
4|4|OP____B_P__O__P_	5	81
4|4|O_P___OP___BP___	5	81
4|4|OO_P_P___B____P_	4	81
4|4|O_PB_PO_____P___	4	81
4|4|O_P__P_P__O___B_	4	81
4|4|_O___P_PO__P__B_	4	81
4|4|OB________PPPO__	10	80
4|4|OB___P_____PPO__	9	80
4|4|OP__PP_O_____B__	9	80
4|4|OP_____O___PB__P	9	80
4|4|OOP____P___P_B__	8	80
4|4|OB_______P_PPO__	8	80
4|4|OP__P_PO_____B__	8	80
4|4|PO_____B_P__P_O_	8	80
4|4|_O___PP_O__B__P_	8	80
4|4|_O____P_O_PB__P_	7	80
4|4|OP_____O_PP___B_	6	80
4|4|O_BP___OP____P__	6	80
4|4|PO_P__OP_____B__	6	80
4|4|P_P___PO__O__B__	6	80
4|4|O__P_O_P__B___P_	5	80
4|4|OB__PP_O______P_	4	80
4|4|OPB______P_P___O	4	80
4|4|OP_P__BO______P_	4	80
4|4|OP_____O___PBP__	8	79
4|4|OP____POP_____B_	6	79
4|4|OP_____OPP____B_	6	79
4|4|O_B____PP___PO__	6	79
4|4|P_B__O_P__P___O_	6	79
4|4|OB____P_P__O___P	5	79
4|4|OP_____O_B_P__P_	5	79
4|4|O_P__PBO______P_	5	79
4|4|OB__P_______OP_P	4	79
4|4|OOPB___P_____P__	8	78
4|4|OP__P__O__P__B__	7	78
4|4|OO__P__P____BP__	6	78
4|4|O_PB___P___P__O_	6	78
4|4|O__P__B____P_PO_	6	78
4|4|PP_____OOP____B_	6	78
4|4|P_O____P__PB_O__	6	78
4|4|_OP_O__B___P__P_	6	78
4|4|OPP____P__B___O_	5	78
4|4|OP_____BP__P__O_	5	78
4|4|O__P_PO___B_P___	5	78
4|4|O____PB__P___O_P	5	78
4|4|_OP_P__B__P__O__	5	78
4|4|O__P___O___PPB__	6	77
4|4|PPP____OO____B__	6	77
4|4|OO____P______PBP	5	77
4|4|OP_B_P____O_P___	4	77
4|4|O_P__B___P_PO___	4	77
4|4|OO___P_B____PP__	7	76
4|4|OO____P_P__B__P_	7	76
4|4|PO__P__O_B___P__	7	76
4|4|OP_B_P_O_______P	6	76
4|4|O__P_O_______PBP	6	76
4|4|OBP____P____PO__	5	76
4|4|OP__P__B__O__P__	5	76
4|4|O_B___PO_P___P__	5	76
4|4|O_PB_P_O_______P	5	76
4|4|O_PP_B____P__O__	5	76
4|4|_OP___OBP_____P_	5	76
4|4|O_P__O_P_P___B__	4	76
4|4|_OB_OP_P_____P__	4	76
4|4|_O___P_OP_P___B_	4	76
4|4|OPB_____O__P___P	8	75
4|4|OP______PP_B_O__	7	75
4|4|PO_____B___O_PP_	7	75
4|4|OPP____B___O__P_	6	75
4|4|P_O__O___P_BP___	6	75
4|4|_O___P_BO_P___P_	6	75
4|4|OO__P__B__P__P__	5	75
4|4|OPPB________PO__	5	75
4|4|OP_P_OB______P__	5	75
4|4|_OO_BP_P_____P__	5	75
4|4|PO_____O___PPB__	10	74
4|4|POP__P_O_____B__	9	74
4|4|POP___PO_____B__	8	74
4|4|POP____O__P__B__	7	74
4|4|PO___P_O_B___P__	7	74
4|4|PPB____P___O_O__	7	74
4|4|OP______B__P_PO_	6	74
4|4|O__P_P_B___P__O_	6	74
4|4|PP______O_PB_O__	6	74
4|4|OPOP_______PB___	5	74
4|4|OPBP______P__O__	5	74
4|4|O_B__P_PP____O__	5	74
4|4|OPB_____P__PO___	4	74
4|4|_O___P_PBO____P_	4	74
4|4|OP_____O___PP_B_	8	73
4|4|OO_____B___P_PP_	7	73
4|4|PPB___P____O_O__	7	73
4|4|_O___OPPP____B__	7	73
4|4|OP______P_PB_O__	6	73
4|4|PO____PO_B___P__	6	73
4|4|PP______OP_B_O__	6	73
4|4|OPB__P_____OP___	5	73
4|4|OP_P__OB____P___	5	73
4|4|PB_____P_P___OO_	5	73
4|4|OO___PB______P_P	8	72
4|4|OO_____BPP____P_	8	72
4|4|PO_____BOP____P_	8	72
4|4|PB_____P___P_OO_	7	72
4|4|_OP_P__O_B___P__	7	72
4|4|OB___P_O_P___P__	6	72
4|4|_O__OP_P___B__P_	6	72
4|4|OP____B_P__P__O_	5	72
4|4|O_PP_P____O___B_	5	72
4|4|OO___P_P_____BP_	4	72
4|4|O__P___O_BP___P_	4	72
4|4|POP____OB____P__	13	71
4|4|OP____P____BO__P	7	71
4|4|OB_____P_PP____O	6	71
4|4|OBP___P_P______O	5	71
4|4|P_O__P_P__B___O_	4	71
4|4|_OP____OBP___P__	12	70
4|4|_OP__P_OB____P__	11	70
4|4|_OP___POB____P__	10	70
4|4|OOP_P______PB___	9	70
4|4|_OP____OB_P__P__	9	70
4|4|OP_____O___P_PB_	7	70
4|4|OB_____P_OP____P	6	70
4|4|OPO____B___P__P_	6	70
4|4|O_P____O_BP__P__	6	70
4|4|O__P__OB__P_P___	6	70
4|4|POO____P___B_P__	6	70
4|4|_OP_P__B_O___P__	6	70
4|4|OO_____P_P___PB_	5	70
4|4|O__P__O__P___BP_	5	70
4|4|PO__O__B___P_P__	5	70
4|4|OO___P_P_B____P_	4	70
4|4|OP_P_OB_______P_	4	70
4|4|OPB___P__P_____O	7	69
4|4|PP_____OB__O_P__	7	69
4|4|_O__P__OPB___P__	7	69
4|4|OB_____PPP_____O	6	69
4|4|OB_____P___O_PP_	6	69
4|4|OPO____B___PP___	6	69
4|4|OP______B____OPP	6	69
4|4|O_B___PP_P_____O	6	69
4|4|POO____B___P__P_	6	69
4|4|OOPB____P____P__	5	69
4|4|OPB__O______P__P	4	69
4|4|POP____PB____O__	13	68
4|4|PB_____O___OPP__	9	68
4|4|OB_____PPO_____P	6	68
4|4|PBP____O___OP___	6	68
4|4|_O___O_PP_P__B__	6	68
4|4|OOP____P__P___B_	5	68
4|4|OB____PO_P___P__	5	68
4|4|POO____P__P___B_	5	68
4|4|P_P___O___PB_O__	5	68
4|4|_OP____PBP___O__	12	67
4|4|O_P___P___PBO___	11	67
4|4|_OP__P_PB____O__	11	67
4|4|_OP___PPB____O__	10	67
4|4|PPO__P_O_____B__	9	67
4|4|_OP____PB_P__O__	9	67
4|4|PPO___PO_____B__	8	67
4|4|PPO____O__P__B__	7	67
4|4|_O___POPP____B__	7	67
4|4|_O___P_OPB___P__	7	67
4|4|OPP____B______PO	6	67
4|4|OP______B____POP	6	67
4|4|O_B___PO____P__P	6	67
4|4|PB_____O___O_PP_	6	67
4|4|OPBPP________O__	5	67
4|4|OP_O_PB_______P_	5	67
4|4|OP_P_O_____PB___	5	67
4|4|OP_____OP__P_B__	5	67
4|4|PP____OB___O_P__	5	67
4|4|P_O__P_P__B__O__	4	67
4|4|O__B_____OPP_P__	8	66
4|4|PBO____P___OP___	8	66
4|4|OO____P__P__B__P	7	66
4|4|O__B__P__O_P_P__	7	66
4|4|PO_P__O_B___P___	7	66
4|4|P_B__P___O_OP___	6	66
4|4|OP____OBP_____P_	5	66
4|4|OP______OP_B_P__	5	66
4|4|O_P___O___PB_P__	5	66
4|4|PP_____OBO___P__	8	65
4|4|OO____P_P_____BP	6	65
4|4|OP____B_P__OP___	6	65
4|4|OP____P____BOP__	6	65
4|4|PB_____O__O__P_P	6	65
4|4|OP____OB___P_P__	5	65
4|4|O_PB_PO_______P_	5	65
4|4|OO__P______PB_P_	7	64
4|4|OO_____PP___PB__	7	64
4|4|O__P__PO_B___P__	7	64
4|4|O__P___O_BP__P__	6	64
4|4|PO____OB_P____P_	6	64
4|4|OP_P__BO____P___	5	64
4|4|OP_P___O___P__B_	5	64
4|4|OP____B____P_PO_	5	64
4|4|OO____PB____P__P	7	63
4|4|PP_____PB__O_O__	7	63
4|4|OOP____B___PP___	6	63
4|4|OPP____OP____B__	6	63
4|4|OO___P______PB_P	5	63
4|4|OPPB__O_____P___	5	63
4|4|O_O__P___B__P__P	4	63
4|4|O_PP_O_____PB___	4	63
4|4|OO_____BP___PP__	8	62
4|4|O__B___P___O_P_P	7	62
4|4|OPO____PP____B__	6	62
4|4|OPP____O___P_B__	6	62
4|4|OP_______P_OPB__	6	62
4|4|P_B___OP__P___O_	6	62
4|4|P_B____P__PO__O_	6	62
4|4|OB__P_P____OP___	5	62
4|4|OPB___O_P______P	5	62
4|4|P_O__POB______P_	5	62
4|4|PBP____PO____O__	6	61
4|4|PPO_______PO_B__	6	61
4|4|OPB____OP____P__	5	61
4|4|O__B___P_O__P__P	5	61
4|4|O____OBP_____PP_	5	61
4|4|OP______OP_P_B__	4	61
4|4|O_PP__BO____P___	4	61
4|4|O_P__P_P__B___O_	4	61
4|4|OOP____P____PB__	9	60
4|4|OO____P_P__PB___	9	60
4|4|PP____PO___O_B__	7	60
4|4|P_B__O_P__P__O__	7	60
4|4|OPP____P__B____O	6	60
4|4|PBO____O___PP___	6	60
4|4|P_____PO_P_O_B__	6	60
4|4|OPP____B_____PO_	5	60
4|4|OO______B__PP__P	7	59
4|4|OPB____P____PO__	7	59
4|4|O_PP__B___P__O__	7	59
4|4|OPB__P_O_____P__	6	59
4|4|OPP____O__B___P_	6	59
4|4|OP_P__B___P__O__	6	59
4|4|OP_____P__BOP___	6	59
4|4|OP________PB_O_P	5	59
4|4|O_P__POB______P_	5	59
4|4|OO__P__B____PP__	7	58
4|4|OO__P______PB__P	7	58
4|4|OO____P__P_B__P_	6	58
4|4|PO_____B___P_PO_	6	58
4|4|P_P______OPB_O__	6	58
4|4|OP______BP_O_P__	5	58
4|4|PB_P_O___P___O__	5	58
4|4|O_B__P___O___P_P	4	58
4|4|_O___PPBO_____P_	8	57
4|4|OP_____OPP___B__	7	57
4|4|PP______B_PO_O__	7	57
4|4|_O____PBO_P___P_	7	57
4|4|OO__P______PBP__	6	57
4|4|OPO____P___B__P_	6	57
4|4|PO_____P_O_B_P__	6	57
4|4|PP______BP_O_O__	6	57
4|4|P_P___BO__P___O_	5	57
4|4|OP_P__O____B__P_	4	57
4|4|OPP_P______BO___	11	56
4|4|PO_____B___OPP__	11	56
4|4|OPB____P__P__O__	7	56
4|4|OO___P_____PBP__	6	56
4|4|OB____POP___P___	6	56
4|4|OP_____P___B_OP_	6	56
4|4|O__P___O__BPP___	6	56
4|4|PP______B__O_PO_	6	56
4|4|_O__P__P_O_B_P__	6	56
4|4|OO__P__P_P____B_	5	56
4|4|OB___P_P_P_____O	5	56
4|4|OPB____O____P__P	5	56
4|4|P_B___P____O_PO_	5	56
4|4|_OP_B_P____O__P_	5	56
4|4|OPB___O_____P__P	4	56
4|4|OPP___B____PO___	8	55
4|4|POO__P_B_____P__	7	55
4|4|PP_____OOP___B__	7	55
4|4|OO__P__P____PB__	6	55
4|4|OO___P_____PPB__	6	55
4|4|OP_B_O_P_______P	6	55
4|4|O____P_O___P_PB_	6	55
4|4|POO___PB_____P__	6	55
4|4|OO____B____P_PP_	5	55
4|4|OB___P_P_O_____P	5	55
4|4|OPB___PO_____P__	5	55
4|4|O_PB_O_P_______P	5	55
4|4|O_PP__OB______P_	5	55
4|4|O_P______OPB_P__	5	55
4|4|P_O__O____PBP___	5	55
4|4|_OO_B_P____P__P_	5	55
4|4|OOPP___P_____B__	7	54
4|4|OOP__P_B_____P__	7	54
4|4|OP____P___OBP___	7	54
4|4|OOP___PB_____P__	6	54
4|4|OPB__P_P_____O__	6	54
4|4|OO__P______P_BP_	5	54
4|4|OPBP___O_____P__	5	54
4|4|OPP____BO____P__	5	54
4|4|OO_____P__PB_P__	8	53
4|4|P_B___PP___O_O__	8	53
4|4|OO___P_P___B_P__	7	53
4|4|OO____PB____PP__	6	53
4|4|OO____PP___B_P__	6	53
4|4|OPB______PO____P	6	53
4|4|OB__P_PO____P___	5	53
4|4|OPB__P_O______P_	5	53
4|4|OPP___BO______P_	5	53
4|4|O_____PO_P_B__P_	5	53
4|4|_O___P__P_OB__P_	5	53
4|4|_O____OPP_P__B__	5	53
4|4|OP_B_PO_______P_	4	53
4|4|O_B___P____OP_P_	4	53
4|4|OP____B___PPO___	9	52
4|4|OP___PB____PO___	8	52
4|4|OO_____B_P___PP_	7	52
4|4|OP____B__P_PO___	7	52
4|4|P_P__OPO_____B__	7	52
4|4|O_B____O___P_PP_	5	52
4|4|O_P__BP__P_____O	5	52
4|4|O__P_BP__P_____O	5	52
4|4|OP_____O_BP___P_	4	52
4|4|OOP__P_P_____B__	8	51
4|4|OOP___PP_____B__	7	51
4|4|OOP____P__P__B__	6	51
4|4|OO_____BP__PP___	6	51
4|4|OP_____P__PB_O__	6	51
4|4|PP_____O__PO_B__	6	51
4|4|P_B__OPO____P___	6	51
4|4|OPOB_P______P___	5	51
4|4|PPO____B_____PO_	5	51
4|4|OP_P__B____O__P_	4	51
4|4|OP_P__B_______PO	4	51
4|4|_O___P_PB_O___P_	4	51
4|4|OO__P_P____PB___	8	50
4|4|PBO___P____OP___	8	50
4|4|OO__P_B____PP___	7	50
4|4|OP____BO____PP__	6	50
4|4|O__P_P_O__B____P	6	50
4|4|OP_OP____B_____P	5	50
4|4|OP_P__P___B____O	5	50
4|4|OP____B___POP___	5	50
4|4|_OP_O__BP_____P_	5	50
4|4|P_B__P_O__O__P__	7	49
4|4|OO___PB____PP___	6	49
4|4|OO____B____PP__P	6	49
4|4|PP_____B___O_PO_	6	49
4|4|O_P__P_O__B___P_	5	49
4|4|P_B__P____OOP___	5	49
4|4|OP_P__B___P____O	4	49
4|4|PP___O_O___P_B__	7	48
4|4|OOP___B____PP___	6	48
4|4|OO__P______PPB__	6	48
4|4|OPPB_O________P_	6	48
4|4|OO___P_B_P____P_	5	48
4|4|OPPB______O___P_	5	48
4|4|OPP___P____O_B__	5	48
4|4|OP____B_P_____PO	5	48
4|4|O_P___P__BP____O	5	48
4|4|O__P_BPO_____P__	4	48
4|4|PO_____B__O_PP__	8	47
4|4|PB____OP___P_O__	8	47
4|4|OO_____BPP___P__	7	47
4|4|OP_O__P_B___P___	7	47
4|4|O__P_OPP_____B__	6	47
4|4|P_B___PO___O_P__	6	47
4|4|P____BPO_____OP_	6	47
4|4|_O______POPB__P_	6	47
4|4|OOPP__B_____P___	5	47
4|4|OO_______P_PBP__	5	47
4|4|OO_______P_PPB__	5	47
4|4|OPO___P____P_B__	5	47
4|4|O__P_O_P__P__B__	5	47
4|4|_O__BPOP_____P__	5	47
4|4|_O___P__PO_B__P_	5	47
4|4|_OP_BP_____O__P_	4	47
4|4|OOP___B_P______P	7	46
4|4|PBP___OP_____O__	7	46
4|4|PB_P__O____OP___	7	46
4|4|PB____O___POP___	7	46
4|4|PB____P__O_OP___	7	46
4|4|OP_____PPO__B___	6	46
4|4|O__P___P___O_BP_	6	46
4|4|PB___PO____OP___	6	46
4|4|P____POO_B____P_	6	46
4|4|OPB____PO____P__	5	46
4|4|OPPB__O_______P_	5	46
4|4|OP_______BP__P_O	5	46
4|4|O_P__BP_P______O	5	46
4|4|O_P__PB____O__P_	5	46
4|4|O_____PO_____PBP	5	46
4|4|PPO____BO____P__	5	46
4|4|OPOP__B_______P_	4	46
4|4|OP______O_PB_P__	4	46
4|4|O_B____OP__P__P_	4	46
4|4|_OO_BP_____P__P_	4	46
4|4|O_P___OP___PB___	8	45
4|4|P_O__P_B__O__P__	7	45
4|4|OP____P____OPB__	6	45
4|4|O_P__OPP_____B__	6	45
4|4|PBP___O____OP___	6	45
4|4|PB____OPO_____P_	6	45
4|4|OO______P__PPB__	5	45
4|4|OP___P_B__O_P___	5	45
4|4|POO____B__P__P__	5	45
4|4|OPP_______PO_B__	4	45
4|4|OP_____O__PB_P__	4	45
4|4|O____PBO_P____P_	4	45
4|4|OPP___P____BO___	9	44
4|4|OPB___P_O______P	8	44
4|4|PO_____BOP___P__	7	44
4|4|OP_________OPB_P	6	44
4|4|O____PBP_____PO_	6	44
4|4|OOP____B__P__P__	5	44
4|4|OO___P_B__P_P___	5	44
4|4|OP_P_B___P_____O	5	44
4|4|O_B___PO____PP__	5	44
4|4|P_O____O__BP__P_	5	44
4|4|OO__P__P_B____P_	4	44
4|4|OPO_______PP_B__	4	44
4|4|P____O_O___P_PB_	4	44
4|4|PO_____P_O__PB__	7	43
4|4|OP_____B___P_PO_	6	43
4|4|O_____PO_P_P_B__	6	43
4|4|PO___B_____PPO__	6	43
4|4|P_P__O_O__P__B__	6	43
4|4|OP____OB__P_P___	5	43
4|4|O_O__P_P__B__P__	5	43
4|4|O____OP______PBP	5	43
4|4|OPB_P__O______P_	4	43
4|4|OP____P___PBO___	10	42
4|4|OO_____B__PP_P__	9	42
4|4|OP___PP____BO___	9	42
4|4|PO_____B__PO_P__	9	42
4|4|OO___P_B___P_P__	8	42
4|4|OP____P__P_BO___	8	42
4|4|PO___P_B___O_P__	8	42
4|4|OO____PB___P_P__	7	42
4|4|OPBPP_________O_	7	42
4|4|PO____PB___O_P__	7	42
4|4|PB_____P__PO_O__	7	42
4|4|O__O_P___BP___P_	6	42
4|4|PB___P_P___O_O__	6	42
4|4|PP_______POB_O__	6	42
4|4|_O__PP_O_B___P__	6	42
4|4|_O______POPP__B_	6	42
4|4|OB__P______PP__O	5	42
4|4|OPP____B__O__P__	5	42
4|4|OP________POPB__	5	42
4|4|OP_________B_OPP	5	42
4|4|_O__P_PO_B___P__	5	42
4|4|_O___P__PO_P__B_	5	42
4|4|OP___P_O_P___B__	8	41
4|4|OOP___P____PB___	7	41
4|4|OP____PO_P___B__	7	41
4|4|O__B___P___OP_P_	7	41
4|4|PO_____B_P___PO_	7	41
4|4|OO____B_P__PP___	6	41
4|4|PPO____B__O___P_	6	41
4|4|OO____P_P__P__B_	5	41
4|4|OB__P______OP__P	5	41
4|4|OP_______POB_P__	5	41
4|4|OP_________OPBP_	5	41
4|4|O__P_PB__O____P_	5	41
4|4|OO____P___PPB___	8	40
4|4|OO___PP____PB___	7	40
4|4|O_P__P_B__O__P__	7	40
4|4|OOP____P_B___P__	6	40
4|4|OO____P__P_PB___	6	40
4|4|OPP_______PB_O__	6	40
4|4|OP____B__OP____P	6	40
4|4|OP_____O_B_P_P__	6	40
4|4|OP_____B_P___O_P	5	40
4|4|OP_____B_P___P_O	5	40
4|4|O_PB_P____O___P_	5	40
4|4|O_____PO_P_P__B_	5	40
4|4|OPOB_P________P_	4	40
4|4|O_B___PO_____PP_	4	40
4|4|OP_____B___PO__P	9	39
4|4|OO__P__B_P____P_	7	39
4|4|PB_____P_O_OP___	7	39
4|4|P_B___OP__P__O__	7	39
4|4|P_B____P__PO_O__	7	39
4|4|OP____PO_B___P__	6	39
4|4|OP_____O_PP__B__	6	39
4|4|POO__P_B______P_	6	39
4|4|PO_____P_B_O_P__	6	39
4|4|PBO___O____PP___	6	39
4|4|P_O___PO__B_P___	6	39
4|4|P_O__OPB_____P__	5	39
4|4|P_P__B_OP____O__	5	39
4|4|_O__PO_B___P_P__	5	39
4|4|O_B__P___O__P__P	4	39
4|4|OO_____B___PP__P	9	38
4|4|P_B__P_P__O__O__	7	38
4|4|OO__P__B_P___P__	6	38
4|4|OB__P__P_P_____O	5	38
4|4|PPO____B__O__P__	5	38
4|4|O_P__BPO_____P__	4	38
4|4|P_P___BO__P__O__	4	38
4|4|P_P___B___PO_O__	4	38
4|4|OP_____B___OP__P	9	37
4|4|OPB_____OP_____P	7	37
4|4|POO____P_B_____P	7	37
4|4|OO___P_B_P___P__	6	37
4|4|OO______B__PPP__	6	37
4|4|OPP____B__O___P_	6	37
4|4|P_B__P_P__O___O_	6	37
4|4|OO___P_P_B___P__	5	37
4|4|OO___P_P__B_P___	5	37
4|4|OO____PB_P___P__	5	37
4|4|OB__P__P_O_____P	5	37
4|4|OP_____O_BP__P__	5	37
4|4|O_P__OPB_____P__	5	37
4|4|POP_O__B______P_	5	37
4|4|PB___P_O__O_P___	5	37
4|4|PPO___OB______P_	5	37
4|4|PP________PO_BO_	5	37
4|4|O__P_O____P__BP_	4	37
4|4|OOP____P_B_____P	7	36
4|4|O__P__B___P_PO__	6	36
4|4|P_O___PB__O__P__	6	36
4|4|O_P__O_P__P__B__	5	36
4|4|_OB_OP_____P__P_	5	36
4|4|PO_____B____PPO_	8	35
4|4|OOP__P_B______P_	6	35
4|4|OO_____PPB___P__	6	35
4|4|OP____OBP___P___	6	35
4|4|OP____BO__P_P___	5	35
4|4|OP_____P_BP____O	5	35
4|4|O____POB_P___P__	5	35
4|4|OP______B_PO_P__	4	35
4|4|PB____OO____P__P	9	34
4|4|OP_____B___POP__	8	34
4|4|OPOP___P____B___	7	34
4|4|P_B___PO__O__P__	6	34
4|4|OO___P____B_P__P	5	34
4|4|O_P____O__BP__P_	5	34
4|4|POOP_P________B_	5	34
4|4|OOPBP________P__	4	34
4|4|OO__P__P__B__P__	4	34
4|4|O_B___P____OP__P	4	34
4|4|O__P_P___BP___O_	4	34
4|4|OO_____B___PPP__	8	33
4|4|OO___P___B___P_P	5	33
4|4|OB_______OPPP___	5	33
4|4|OP____B___PO_P__	5	33
4|4|POP___OB______P_	5	33
4|4|PB_____O__O__PP_	5	33
4|4|PPO__O_B______P_	5	33
4|4|P_P___B___PO__O_	5	33
4|4|OP____P_O__BP___	8	32
4|4|OP_____B___OPP__	8	32
4|4|OO____PB_P____P_	6	32
4|4|POO____P_B___P__	6	32
4|4|PO____O____PPB__	6	32
4|4|OOPP_P________B_	5	32
4|4|OPP___OB______P_	5	32
4|4|OPP___B____O__P_	5	32
4|4|OPP___B_______PO	5	32
4|4|OPP_____PB_____O	5	32
4|4|OP________PO_PB_	5	32
4|4|O__P_O____PB__P_	5	32
4|4|P__P_O___OP___B_	5	32
4|4|_O___O__P_PB__P_	5	32
4|4|OOPP______P___B_	4	32
4|4|O____PB__P_O__P_	4	32
4|4|O__P_PO__P____B_	7	31
4|4|OO___B_PP______P	6	31
4|4|O_P___PB__O__P__	6	31
4|4|O__P__B__PP___O_	6	31
4|4|OP_P_B____P___O_	5	31
4|4|OP________PP_OB_	5	31
4|4|O__P_O___PP___B_	5	31
4|4|POP____O__B__P__	5	31
4|4|OP________PB_PO_	4	31
4|4|_O__OP_P__B__P__	4	31
4|4|O_P___P___PB_O__	6	30
4|4|O____OP__P_B__P_	6	30
4|4|POPPO_________B_	6	30
4|4|OO__P__P_B___P__	5	30
4|4|OB__P__P___OP___	5	30
4|4|OP_P_O____P___B_	5	30
4|4|OPO_______PB_P__	4	30
4|4|OP____O___PB_P__	4	30
4|4|O____POB_P____P_	4	30
4|4|PO___O_B____PP__	7	29
4|4|PO_____B_PO__P__	7	29
4|4|PBP____P__O__O__	6	29
4|4|PP____OO___P_B__	6	29
4|4|OB____OP__P__P__	5	29
4|4|OPP__O_B______P_	5	29
4|4|PO___B___P_P_O__	5	29
4|4|_OO_P__P_B___P__	5	29
4|4|OBPO___P______P_	4	29
4|4|OP_B_P____O___P_	4	29
4|4|_OO_P_P____B__P_	4	29
4|4|OO___P_P_B_____P	6	28
4|4|PP_____B__OO_P__	6	28
4|4|O_____P___O__PBP	5	28
4|4|O_PP_B____P___O_	4	28
4|4|OPPP_O________B_	5	27
4|4|OB___P___O_PP___	4	27
4|4|O__B_OPP_____P__	4	27
4|4|OP_____B__OP_P__	6	26
4|4|OP____P__B_P___O	5	26
4|4|OP_____B_P__O__P	5	26
4|4|PB____OO____PP__	8	25
4|4|OP____P___BOP___	6	25
4|4|O_P___B___PP_O__	6	25
4|4|O__P__O__PP___B_	6	25
4|4|PO_____B__OP_P__	6	25
4|4|O_____PO_PB___P_	5	25
4|4|P_P___OO__P__B__	5	25
4|4|P_P___O___PO_B__	5	25
4|4|P_____PO_PO__B__	5	25
4|4|OO___BP_P______P	5	24
4|4|O__P__B__PP__O__	5	24
4|4|O____PB____P_PO_	5	24
4|4|P_O___O___PP_B__	5	24
4|4|OB___POP_____P__	4	24
4|4|O_B__PPO_____P__	4	24
4|4|OO_____PPB_____P	7	23
4|4|OP___B_PO______P	7	23
4|4|OO__P_P__B_____P	6	23
4|4|O__B___P___O_PP_	6	23
4|4|PB_____POO_____P	6	23
4|4|OPP____BO___P___	5	23
4|4|P____PO__B_O__P_	5	23
4|4|OP____P__BP____O	4	23
4|4|O_PP_O____P___B_	4	23
4|4|POP__O_B_____P__	7	22
4|4|PB_____P__OP_O__	7	22
4|4|OP____BOP___P___	6	22
4|4|OP_____POP___B__	6	22
4|4|O__P__P___PB_O__	6	22
4|4|O____OPP___B_P__	5	22
4|4|O_____BP__O__PP_	5	22
4|4|O_____P__POB__P_	5	22
4|4|PBP____O__O_P___	5	22
4|4|PB_____POP___O__	5	22
4|4|OBPO_P______P___	4	22
4|4|OO___P___B__P__P	5	21
4|4|P__P_OB___P__O__	4	21
4|4|OP____PBO___P___	6	20
4|4|O__P__B___PP_O__	6	20
4|4|O__P__O__BP__P__	5	20
4|4|PB_P__O___O_P___	6	19
4|4|OP___OPP_____B__	5	19
4|4|OP____P___PB_O__	5	19
4|4|PP___O_B___O_P__	5	19
4|4|OO__P__P_B_____P	6	18
4|4|OP___BP_O______P	6	18
4|4|POPP__B______O__	5	18
4|4|PO_____O___PP_B_	5	18
4|4|P_____PO_PB__O__	5	18
4|4|OP___O_B___P_P__	5	17
4|4|PP____O___PO_B__	5	17
4|4|P_B___P___OO_P__	5	17
4|4|OO___P_P__B__P__	4	17
4|4|O____BPO_P___P__	4	17
4|4|PB_____P_OO____P	6	16
4|4|OB_PP___O______P	5	16
4|4|OP____B___PP_O__	5	16
4|4|PO___O_B___P_P__	5	16
4|4|P____BPO___O_P__	5	16
4|4|P_____OO___P_PB_	5	16
4|4|OP___O_P__P__B__	4	16
4|4|_O__PB___P_P_O__	4	16
4|4|PB____OO__P_P___	7	15
4|4|PP_______OPB_O__	5	15
4|4|OOPB_P______P___	4	15
4|4|OPB__P_____O__P_	4	15
4|4|OPB__P________PO	4	15
4|4|PO_____O___P_PB_	4	15
4|4|PB___POO____P___	6	14
4|4|OP_____PPB_____O	5	14
4|4|PB_____P_PO__O__	5	14
4|4|OP_______OPB_P__	4	14
4|4|_O__B____PPP_O__	4	14
4|4|PO___O_B_P___P__	6	13
4|4|PBP___OO____P___	6	13
4|4|P__P_OB___P___O_	5	13
4|4|OBP_P___O______P	4	13
4|4|O____OPB_P___P__	4	12
4|4|P______O__OP_PB_	4	8