4|4|O_OB___O____O_O_	8	3512
4|4|OO_O_______BO_O_	10	3007
4|4|O_O____OO____BO_	10	2646
4|4|O_O___BO____O_O_	9	2256
4|4|O_O____O_O___BO_	8	2151
4|4|O_OB____O__O_O__	7	2107
4|4|O_O____O___BO_O_	9	2103
4|4|OO_O__B_____O_O_	9	2025
4|4|O_OB___OO_____O_	10	1979
4|4|OO_O____O__B__O_	8	1836
4|4|OO_OB_______O__O	9	1775
4|4|O_OB___O_O____O_	8	1734
4|4|O_O___B____OO_O_	9	1673
4|4|O_O___O____BO_O_	8	1603
4|4|OO_O_____O_O_B__	8	1597
4|4|OO_O_______BO__O	9	1576
4|4|O_O___BOO_____O_	10	1572
4|4|OO_O_____B___O_O	9	1572
4|4|OO_O_B_______O_O	9	1466
4|4|OO_O_____O_B__O_	8	1463
4|4|OO_O_____O_O__B_	9	1425
4|4|O_O__O_____BO_O_	9	1414
4|4|O_O______O_O_BO_	7	1414
4|4|O_O______O_O_OB_	8	1387
4|4|OO_OB______OO___	9	1385
4|4|O_O_____O_OO__B_	9	1384
4|4|OO_O______B_O__O	10	1375
4|4|O_O____O_O_B__O_	7	1369
4|4|O_O______O_OO_B_	8	1359
4|4|O_O__O_____OO_B_	8	1355
4|4|_OB____OO_O___O_	9	1344
4|4|_OB__O_OO_____O_	9	1341
4|4|OO_O____O_O_B___	10	1332
4|4|O_OB_____O_O_O__	7	1312
4|4|_OO_____O__O_OB_	8	1306
4|4|O_O___B_O____O_O	11	1280
4|4|OO_O__B_O_____O_	9	1263
4|4|O_OB___O_O___O__	7	1257
4|4|O_O___B_O__O__O_	9	1252
4|4|O_O______OB_O__O	9	1235
4|4|O_O__O____B_O__O	9	1234
4|4|OBO____O_O____O_	8	1227
4|4|O_OB___O_O_____O	8	1212
4|4|OO_O_______B_OO_	9	1210
4|4|O_O___O__B___O_O	7	1207
4|4|OO_O___O_____BO_	10	1189
4|4|O_O___O___B_O__O	9	1165
4|4|O_O____O_OB___O_	8	1160
4|4|O_O___BO_O____O_	8	1158
4|4|O_O__BO______O_O	8	1154
4|4|O_O____O_O_B_O__	8	1150
4|4|OOO________BO_O_	10	1137
4|4|O_O______O_OBO__	9	1137
4|4|O_O___B_O__O_O__	8	1125
4|4|OOB____O_____O_O	8	1123
4|4|OO_OB______O_O__	8	1122
4|4|O_O___O_O__B_O__	7	1106
4|4|O_O__OB_____O__O	8	1104
4|4|O_O____O_O_O__B_	8	1100
4|4|O_O___B__O__O__O	8	1099
4|4|OO_OB_____O_O___	8	1086
4|4|OBO______O___O_O	10	1063
4|4|OBO_____O__O_O__	10	1059
4|4|O_OB___O___O_O__	6	1045
4|4|O_OB___OO____O__	8	1043
4|4|OO_O___O_B____O_	10	1042
4|4|OO_O_B_____O_O__	9	1042
4|4|O_O___B___O_O__O	8	1040
4|4|OBO_____O____O_O	11	1035
4|4|OO_OB____O____O_	7	1028
4|4|OO_O_B__O____O__	9	1027
4|4|O_O__B_____OO_O_	7	1016
4|4|O_O____O___O_OB_	8	1012
4|4|O_O____OO__B_O__	9	1001
4|4|OO_O____OB____O_	9	990
4|4|OOB____O____O_O_	7	977
4|4|O_O____O_B___OO_	10	954
4|4|_OO_B___O__O__O_	8	954
4|4|OO_O__B____OO___	8	943
4|4|O_O___BO____O__O	9	935
4|4|O_O____O__OBO___	9	929
4|4|OBO__O______O__O	10	924
4|4|OBO______O__O__O	10	924
4|4|OO_____OO____BO_	9	924
4|4|OO_O__B__O____O_	9	911
4|4|O_OB___O__O_O___	7	899
4|4|O_O____O_O__BO__	8	896
4|4|_OO__B__O__O_O__	8	888
4|4|OO_O______BOO___	8	885
4|4|_OB____OOO____O_	9	884
4|4|_OO_O______O_OB_	8	884
4|4|_OO_B___O__O_O__	7	881
4|4|O__O_O____B_O__O	8	876
4|4|O_O__OB____OO___	8	875
4|4|OO_OB___O_____O_	7	873
4|4|O_O__B___O___O_O	8	869
4|4|O_O___B__O_OO___	8	867
4|4|OO_OB_______OO__	8	863
4|4|O_O___B__O_O_O__	7	850
4|4|_OB___O_O__O_O__	8	848
4|4|O_O__B___O_O_O__	8	847
4|4|OO_O__B___O_O___	8	837
4|4|O_O____OO__B__O_	7	835
4|4|OO____BO____O_O_	11	833
4|4|OBO______O_OO___	8	825
4|4|O_O___O__O___B_O	8	824
4|4|_OB____OO_O__O__	10	821
4|4|OO_O__O____B_O__	9	821
4|4|OO_O______OB_O__	9	821
4|4|_OB__O_OO____O__	9	821
4|4|_OB___OOO____O__	9	821
4|4|OBO__O_____OO___	8	820
4|4|O_O______OBO_O__	7	817
4|4|O_O____O___B_OO_	9	813
4|4|O_O____O___OO_B_	8	811
4|4|OBO______O_O_O__	10	805
4|4|_OB___OOO_____O_	9	804
4|4|O_O__O_O___BO___	9	799
4|4|OO_O__B_O____O__	8	799
4|4|O_O__O_O__B_O___	9	798
4|4|O_O____O_OB_O___	9	798
4|4|O_OB______O__O_O	6	798
4|4|O_O____O_O_BO___	9	795
4|4|O_OB___O_O__O___	9	789
4|4|O_O__O____BOO___	8	789
4|4|OBO______O_O__O_	7	786
4|4|OO_O_______O_BO_	9	785
4|4|O_O___B__O_O__O_	8	783
4|4|O_O__O_O_B____O_	7	783
4|4|O_O______OBOO___	8	782
4|4|O_O____O__B__OO_	8	781
4|4|OOB____O_O____O_	7	779
4|4|O_O__O_O_____BO_	9	771
4|4|O_OB_O_O______O_	7	761
4|4|_OO_____OO_O__B_	8	747
4|4|O_O___O____O_OB_	9	743
4|4|O_O__B___O_O__O_	7	743
4|4|OO_OOB_______O__	8	739
4|4|O_O______OBO__O_	7	738
4|4|OO_____O_O___BO_	8	737
4|4|O_O__B_OO_____O_	7	736
4|4|OO_OB_____O____O	9	734
4|4|OOO________O_OB_	8	729
4|4|O_O__B__O__O__O_	8	725
4|4|OO____B____OO_O_	10	721
4|4|O_O____OO_B__O__	8	721
4|4|_O___O_OOB____O_	8	719
4|4|O_O__OB______O_O	7	719
4|4|_O___OBOO_____O_	8	716
4|4|O_OB__O__O_____O	8	715
4|4|O_O__O_O___B_O__	8	714
4|4|OBO____O_O___O__	10	713
4|4|O_O__B_O_O____O_	6	712
4|4|OOO____O_____BO_	10	710
4|4|O_O___B_O_O____O	8	708
4|4|O__O_O___O___BO_	6	708
4|4|OO_OO____B____O_	9	707
4|4|O_O___BO_____OO_	8	706
4|4|O_O___O__O_B__O_	7	706
4|4|O_O____O_OB__O__	8	700
4|4|OOO____O_B____O_	10	699
4|4|O_O__B__O_O____O	8	699
4|4|OO_O_____B___OO_	8	694
4|4|OO_O_____OB____O	8	691
4|4|OO____O____B_O_O	8	690
4|4|OO_OB______O__O_	9	687
4|4|OO_O_____B_O__O_	9	685
4|4|O_O__B_O_____OO_	9	680
4|4|OO_O__O__B___O__	8	679
4|4|OBO____OO_____O_	8	679
4|4|OO_OB_____O__O__	7	679
4|4|O_O___O____B_OO_	7	678
4|4|OO_O___O____OB__	10	667
4|4|OO_O__B____O_O__	7	666
4|4|O_O____O__O__BO_	9	663
4|4|O_OB___O__O___O_	8	663
4|4|O_O__O___B___O_O	7	662
4|4|OO_O___O__B_O___	11	660
4|4|O_O______B_O_OO_	10	658
4|4|O_OB___O___OO___	8	655
4|4|OO____O____BO_O_	9	650
4|4|OO____B_O__O_O__	9	648
4|4|O_O____O_BO___O_	9	648
4|4|OOBO____O____O__	8	644
4|4|O_O___B___OOO___	8	642
4|4|OO_____O____OBO_	11	639
4|4|OBO_____O__O__O_	7	639
4|4|OOO______O_O__B_	8	637
4|4|O_O____O_B_O_O__	11	635
4|4|_OO_____OB_O_O__	8	634
4|4|O_O___OO___B_O__	7	634
4|4|O_O_______OO_OB_	8	631
4|4|O_O___O__O_O_B__	7	631
4|4|O_O___O__OB____O	8	630
4|4|OO_OO_____B__O__	7	629
4|4|OOB_____O____O_O	9	625
4|4|OBO____O_O_____O	10	624
4|4|OO_O_O_______BO_	7	624
4|4|O_O__B___O__O__O	7	623
4|4|O_O__O_____O_OB_	8	619
4|4|O_OB__O____O_O__	6	619
4|4|O__O_O___B___OO_	7	615
4|4|OOBO_______O_O__	6	612
4|4|O_O___O__O_B_O__	7	611
4|4|OOB____OO____O__	10	609
4|4|O_O__B_O___O_O__	8	609
4|4|OOOO_____B____O_	9	608
4|4|O_O__B_____O_OO_	8	608
4|4|O_O______OOO_B__	7	607
4|4|OOBO____O_____O_	11	604
4|4|OOB____OO_____O_	9	604
4|4|OO_____O___BO_O_	12	601
4|4|OO_O_O_____B__O_	9	600
4|4|OO_O_O___B____O_	8	600
4|4|OO_O______OB__O_	8	600
4|4|OO_O_____BO___O_	8	599
4|4|OOB_O__O_____O__	9	598
4|4|OOO______B___O_O	8	598
4|4|OOO___B______O_O	10	597
4|4|OO_OB_____O___O_	8	597
4|4|O_O___O__B__O__O	7	591
4|4|_OO_OB_____O_O__	7	591
4|4|O_O___O_O__B__O_	7	584
4|4|O_O__O_O___B__O_	8	581
4|4|OO____O__B___O_O	8	577
4|4|OO_O__B_O___O___	9	576
4|4|O_O______OOO__B_	8	573
4|4|OO_OO________BO_	6	567
4|4|OOB____O_____OO_	9	566
4|4|O_____OO_O___BO_	7	566
4|4|O_O__BO__O_____O	7	565
4|4|O_O_______BO_OO_	7	565
4|4|OO_O_BO______O__	8	563
4|4|OO_O_B____O__O__	8	563
4|4|O_O____OO_B___O_	8	563
4|4|_OB_O__O_O____O_	8	562
4|4|O_O__B___O_OO___	7	557
4|4|_OB_O__O__O__O__	9	554
4|4|_OB_OO_O_____O__	8	554
4|4|_OB_O_OO_____O__	8	554
4|4|OO___BO______O_O	8	553
4|4|_OO_O_____BO_O__	7	553
4|4|OO____O______OBO	9	551
4|4|OO_OO______B__O_	10	550
4|4|OO_____O__O_OB__	8	550
4|4|OOOB_______O_O__	6	549
4|4|OO____BO_____O_O	11	544
4|4|O_O____O__OB_O__	9	543
4|4|OO_O_______B__OO	8	540
4|4|OOB________O_O_O	7	540
4|4|_OO_B____O_O__O_	8	535
4|4|_OO_____OB_O__O_	10	532
4|4|OO_O_____BO_O___	7	532
4|4|OO_____O_B__O_O_	8	531
4|4|O_OB______OO_O__	6	531
4|4|O_O__BO_O______O	8	526
4|4|OO_O_B___O___O__	8	522
4|4|O_O__O___O_O__B_	8	522
4|4|O_O__O____B__O_O	8	521
4|4|OOBO______O__O__	7	521
4|4|_OB___O_O__O__O_	8	520
4|4|O_B__O_O___OO___	6	518
4|4|O__O_B___OO__O__	8	513
4|4|OOO____O___B__O_	8	510
4|4|OOO_______B__O_O	8	508
4|4|O_O___O__B_O_O__	6	508
4|4|_OO_B____O_O_O__	7	506
4|4|_OB_O_O____O_O__	7	506
4|4|OO______O__OBO__	9	505
4|4|OOO________OOB__	9	503
4|4|OOO_______B_O__O	9	500
4|4|OO__B_O_____O__O	9	500
4|4|_OO_O__O_B____O_	8	497
4|4|OO_____O___B_O_O	8	496
4|4|OOB________OO_O_	6	496
4|4|OBO_____O_O____O	10	495
4|4|OO_B___OO_____O_	9	493
4|4|_OB__O__O__O__O_	8	493
4|4|_OB_____OO_O__O_	8	493
4|4|_OB_____O_OO__O_	8	493
4|4|OO_O______B_OO__	9	492
4|4|OO_B___OO____O__	7	491
4|4|OO_OB____O_____O	8	490
4|4|OO_OO____B___O__	7	490
4|4|OO_O_O______OB__	8	489
4|4|O_O____O__OB__O_	7	489
4|4|O_O__O_O_B___O__	7	488
4|4|O__B_O_O_____OO_	7	486
4|4|O_O___B____O_OO_	8	483
4|4|OO_O_O____B_O___	8	481
4|4|OO_O_____OB_O___	8	481
4|4|O_O__O___B_O__O_	6	481
4|4|OO_____OO__B_O__	11	480
4|4|_OB_O__O__O___O_	9	478
4|4|_OB_OO_O______O_	8	478
4|4|_OB_O_OO______O_	8	478
4|4|OO_O__B__O___O__	8	477
4|4|OO_O___O_B___O__	9	473
4|4|_OO__O__O__B__O_	7	472
4|4|O_O__O_____O_BO_	9	469
4|4|_O__O_OO_B____O_	9	469
4|4|OBO___O__O_____O	10	467
4|4|O_O____O__BOO___	9	467
4|4|O_O__OBO______O_	8	467
4|4|O_O___BO___O_O__	7	467
4|4|OO_____O_B___O_O	10	466
4|4|O_O___BO__O_O___	8	466
4|4|OOB____O__O_O___	7	466
4|4|OOB_______O_O__O	6	464
4|4|OO__O__O___B_O__	10	463
4|4|OO_O_B____O____O	8	462
4|4|OOBO___O_____O__	10	461
4|4|O_O__BO____O_O__	8	461
4|4|O_O___BO___OO___	11	458
4|4|OO_O_____OB___O_	7	457
4|4|OO_O__B__O__O___	9	451
4|4|OO_O______OB___O	8	451
4|4|OOO________O_BO_	9	449
4|4|O_O__B____O_O__O	7	449
4|4|OOO__B_______O_O	8	448
4|4|OO_O_B_______OO_	8	447
4|4|OBO__O_O____O___	9	445
4|4|OBO____O_O__O___	9	445
4|4|OOO______B_O__O_	9	444
4|4|OO_____OOB____O_	9	444
4|4|OO__O_B____O_O__	8	444
4|4|O_O_____O_BO__O_	7	444
4|4|OO_O__O___B_O___	10	443
4|4|O_O___OO_B___O__	10	441
4|4|OOO_B______OO___	8	439
4|4|OOBOO________O__	7	438
4|4|O__O_B____O__OO_	8	436
4|4|OO_________OOBO_	10	435
4|4|OO_O_B_O_____O__	8	435
4|4|OO_O_B______OO__	8	433
4|4|OO_O__B__O_____O	8	432
4|4|_O__B__O_OO___O_	7	432
4|4|OO_____O___B_OO_	11	431
4|4|OO_O__B____O__O_	8	430
4|4|OOBO______O_O___	6	429
4|4|_OO__B__O__O__O_	7	427
4|4|OO__B__OO_____O_	6	427
4|4|O_O__O___B__O__O	6	427
4|4|_O__BO_O_O____O_	6	427
4|4|O_O____O_BO__O__	9	425
4|4|OO_____O__OBO___	10	423
4|4|OOB_______O__O_O	8	423
4|4|OOB_O________O_O	8	422
4|4|OO____O_O__B__O_	10	419
4|4|OOO_B______O__O_	8	419
4|4|O_O__O___O_B__O_	8	419
4|4|OOO___BO______O_	9	414
4|4|_OO_O____B_O__O_	9	414
4|4|OOO___B_____O__O	10	411
4|4|OO____B__O_O_O__	8	411
4|4|_OO_O_B____O_O__	8	411
4|4|_OO_O____B_O_O__	8	411
4|4|OOB____O__O__O__	9	405
4|4|OO_______O_OOB__	8	405
4|4|OO____BO_O____O_	10	403
4|4|OOB__O_O_____O__	8	403
4|4|OOB___OO_____O__	8	402
4|4|OO____O____O_OB_	8	402
4|4|OOB____O___O_O__	11	400
4|4|OOO__B_____O_O__	8	400
4|4|OO___O_____OOB__	9	399
4|4|OOO____O___B_O__	11	398
4|4|O_O_______OO_BO_	8	398
4|4|OO_O__O_____OB__	7	398
4|4|O_O__O____BO_O__	7	398
4|4|O_O______BOO__O_	8	397
4|4|O__O_B___O___OO_	8	396
4|4|OO__B_____O_O__O	8	395
4|4|OOB___O____O_O__	7	395
4|4|OO_____OO__B__O_	9	394
4|4|O_OB___O__O__O__	5	394
4|4|O_OB___O___O__O_	9	393
4|4|OOO___B____OO___	11	391
4|4|OO________OOOB__	8	391
4|4|O_OB___OO______O	9	390
4|4|OO__B__O__O___O_	7	390
4|4|OO___O_O_____BO_	8	389
4|4|OO_____O__O__BO_	8	389
4|4|O_O___BO__O___O_	8	389
4|4|O_O____O__BO_O__	8	388
4|4|OOO______B_O_O__	8	386
4|4|OO_O___O__B__O__	9	385
4|4|OO_O___O__B___O_	8	384
4|4|O_O____O___O_BO_	10	382
4|4|OO_O_B___O_____O	8	382
4|4|OO____O____B_OO_	8	382
4|4|O____O_O___O_OB_	7	382
4|4|OO_____O_B___OO_	9	380
4|4|OOO_B______O_O__	7	378
4|4|OO__B__O_O____O_	6	378
4|4|OO___O_O___B_O__	10	376
4|4|OO____B__O_OO___	10	376
4|4|OO___OB____OO___	9	376
4|4|OO____OO___B_O__	9	376
4|4|OO__B__O__O_O___	7	376
4|4|O_O___O_O_B____O	8	374
4|4|O_O__O___B_O_O__	5	373
4|4|OO_O__B___O__O__	7	372
4|4|OO_____O__OB_O__	9	371
4|4|OOB_____O__OO___	7	370
4|4|O_O___B__OO____O	7	370
4|4|OO___O_O_B____O_	8	367
4|4|OO_____O_BO___O_	8	367
4|4|O_____OO_O_B_O__	7	366
4|4|O_O__O_O__B__O__	8	365
4|4|OOO_______BO_O__	7	364
4|4|O__O_OB______OO_	7	363
4|4|O_O___BO_O___O__	7	362
4|4|OO___B__O__O_O__	9	359
4|4|OO_OB____O__O___	8	359
4|4|OO_O_OB_______O_	8	359
4|4|OO_O__B___O___O_	8	359
4|4|O_____OO_O_B__O_	7	359
4|4|OO____B__O_O__O_	9	358
4|4|OO____B___OOO___	9	356
4|4|OO_____O_O_B__O_	8	353
4|4|OO_O__O______BO_	6	353
4|4|_O__O_OO_B___O__	8	350
4|4|OO_____OO_B__O__	9	348
4|4|OO_O_B__O______O	9	346
4|4|OO_O__B___O____O	7	346
4|4|OO__B______OO_O_	9	344
4|4|OO____O___B__O_O	7	344
4|4|O_O__B___OO____O	7	344
4|4|O_O__OBO____O___	8	340
4|4|O_O___BO_O__O___	8	340
4|4|OOB______O_O__O_	6	340
4|4|OO____BO_____OO_	10	339
4|4|OO_O__O____B__O_	8	337
4|4|OOB______O___O_O	7	334
4|4|OO___B__O____O_O	9	332
4|4|O_O__B____OO_O__	8	331
4|4|O__O_OO__B___O__	7	331
4|4|O_B__O_O_O___O__	9	329
4|4|O__O_O___BO__O__	6	328
4|4|O_B___O__O__O__O	5	328
4|4|OO_O______BO__O_	7	326
4|4|OOBO_____O___O__	6	326
4|4|_O___O_OO_B___O_	6	326
4|4|OO_O_B____O_O___	7	325
4|4|OO_____O___O_OB_	7	325
4|4|O_O__B_O_O_____O	7	324
4|4|OB_O_O__O_____O_	5	323
4|4|OOB___O__O_____O	5	322
4|4|OO____O__O_B__O_	9	319
4|4|OO___O_O__B_O___	9	317
4|4|O_O___BO_O_____O	7	317
4|4|OO__O__O__B__O__	8	316
4|4|O_____OO_OB___O_	8	315
4|4|O__O_B___OO___O_	7	315
4|4|OO_O__O___B__O__	6	315
4|4|O_O___O___BOO___	8	314
4|4|OO_____OOB___O__	11	310
4|4|OOB____O_O___O__	10	310
4|4|OOB___O_O______O	7	310
4|4|OO___O_____B_O_O	9	309
4|4|OO________O_OB_O	7	309
4|4|O_O__O_O__B___O_	8	307
4|4|_OB____OOO___O__	10	306
4|4|OOB_____O_O____O	7	306
4|4|OOO______OB____O	8	304
4|4|O_O___O___BO_O__	7	304
4|4|O_O___OO_____BO_	9	303
4|4|OOB_____O__O__O_	8	303
4|4|O_O___B___OO_O__	7	303
4|4|O__O_OB___O_O___	7	302
4|4|_O__OO_O__B__O__	7	301
4|4|_OB_O__O_O___O__	9	300
4|4|O_O__OB____O_O__	7	300
4|4|_O__O_OO__B__O__	7	299
4|4|OO_O_B_____OO___	8	297
4|4|OO_O_B_____O__O_	8	297
4|4|OBO_____OO_____O	9	293
4|4|O_O__BOO_____O__	7	293
4|4|OOB__O_O______O_	7	292
4|4|O____OBO_____OO_	9	291
4|4|OOB____O__O___O_	8	291
4|4|O__O_OB__O____O_	8	291
4|4|_O__B_O__O_O_O__	7	291
4|4|O__O_O____O__BO_	6	291
4|4|O____BOO_____OO_	7	290
4|4|OBO______OO____O	9	288
4|4|OOO_______BOO___	8	288
4|4|OO____O__B__O__O	8	288
4|4|OO__B__O__O__O__	6	288
4|4|OO__B___O__O__O_	7	286
4|4|OOBOO_________O_	10	283
4|4|OO_OB______O___O	9	283
4|4|OO_O_B_____O___O	9	283
4|4|OO__B_____O__O_O	8	282
4|4|OO_______BO__O_O	8	282
4|4|O_O__OB____O__O_	8	282
4|4|O_B___O__O_O_O__	8	281
4|4|O_O__B_OO____O__	8	279
4|4|OO_O_O___B___O__	7	279
4|4|OO____B____OO__O	11	278
4|4|_OO_O__O_B___O__	10	278
4|4|OO____B____O_OO_	9	278
4|4|OOB_______OOO___	6	278
4|4|_O__O_O___BO_O__	6	278
4|4|O_O___OO___BO___	10	277
4|4|OO___BO__O_____O	8	277
4|4|O_O__B_O___O__O_	7	277
4|4|OO_____O_O_B_O__	10	276
4|4|OO__B____O_O__O_	8	276
4|4|OO__O__O_____BO_	8	275
4|4|O__O_O___BO___O_	8	275
4|4|OO_B_O_O______O_	7	275
4|4|OO_B___O__O___O_	7	275
4|4|O_B___OO_O___O__	9	274
4|4|_O__OBO____O_O__	7	274
4|4|OOB____O_O_____O	11	273
4|4|O_O__O___OB____O	8	273
4|4|OO__B___O____O_O	7	273
4|4|OO_______BO_O__O	7	273
4|4|OOBO______O____O	6	273
4|4|_O__B_OO_O____O_	6	272
4|4|OO__B_____OOO___	9	268
4|4|OO____OO_B___O__	9	268
4|4|OOO___B____O_O__	8	268
4|4|OO__BO_____OO___	8	268
4|4|OO__B____O_OO___	8	268
4|4|OO___O_O_B___O__	8	268
4|4|OO_____O_BO__O__	8	268
4|4|OO_____O__B_O_O_	8	268
4|4|OO_____O__B__O_O	8	268
4|4|OO__B_O__O_____O	8	263
4|4|OOBO_____O____O_	6	262
4|4|_O__O_B___OO_O__	6	261
4|4|OO____O__OB____O	8	259
4|4|O_O___O___OB_O__	7	258
4|4|OO___BO_____O__O	8	257
4|4|OO_____O_OB___O_	8	257
4|4|O_O__B____OOO___	7	257
4|4|O_O____O__BO__O_	8	256
4|4|OO_O_B___O____O_	7	255
4|4|_O__O_O__B_O_O__	7	252
4|4|O_O__O_O__B____O	9	251
4|4|OO____B____OOO__	10	250
4|4|OOB_O__O______O_	8	250
4|4|O_O__B_OO______O	8	249
4|4|OOO___B____O__O_	9	248
4|4|OOO___B_______OO	9	248
4|4|OO___B_O_O____O_	6	247
4|4|O_O___BO__O__O__	7	244
4|4|O_O___OO__B_O___	10	243
4|4|OOBO___O______O_	7	242
4|4|OOB____O____O__O	8	240
4|4|OOBO______O___O_	7	237
4|4|O_O__B_O___OO___	7	237
4|4|_O__OO_O__B___O_	7	235
4|4|_O__O_OO__B___O_	7	235
4|4|_O__O_O__B_O__O_	8	234
4|4|OO___O___B___O_O	8	233
4|4|O_O___B___OO__O_	8	233
4|4|_O__OOBO______O_	7	233
4|4|_O__O_BO__O___O_	7	233
4|4|OO_OB___O______O	8	231
4|4|OO_O_B__O___O___	8	231
4|4|OO_O_B__O_____O_	8	231
4|4|OO_O__B_O______O	8	231
4|4|OO_B___O__O__O__	5	231
4|4|OO_O_B____O___O_	7	229
4|4|OBO___O_O______O	10	227
4|4|OO_O_O____B__O__	6	227
4|4|O__O_O___OB__O__	6	227
4|4|OO____B__O_O___O	8	226
4|4|OOO_B____O_____O	7	223
4|4|O_O__OO____B__O_	8	222
4|4|OOOO_B_______O__	8	220
4|4|OOO____O__B__O__	8	219
4|4|OO____BO___O_O__	8	219
4|4|O____O_O__BO_O__	7	219
4|4|O____BOO_O____O_	6	219
4|4|O__O_O____B__OO_	6	217
4|4|O_O__O___B_OO___	5	215
4|4|OO_O__O___B____O	8	214
4|4|OOB____O__O____O	7	214
4|4|OOO_B_____O____O	8	212
4|4|O____OOO___B_O__	8	212
4|4|O____OO____B_OO_	8	212
4|4|_O__B__O_OO__O__	6	212
4|4|O_O__B_O__O___O_	6	211
4|4|_O__OBOO_____O__	6	211
4|4|O_O__BO___O____O	7	210
4|4|OOO___O____B__O_	8	208
4|4|OO___O____B_O__O	8	208
4|4|OO__B_O_O______O	7	206
4|4|O_O__O____BO__O_	7	205
4|4|O_____OO___B_OO_	7	205
4|4|O____OB____O_OO_	8	204
4|4|OO____O__B_O_O__	7	203
4|4|_OO_O_____BO__O_	7	203
4|4|O____OO____O_OB_	8	202
4|4|OOB____O______OO	7	201
4|4|OOB__O_____OO___	5	201
4|4|OO___B___O_O__O_	7	199
4|4|O____BO__O_O__O_	7	199
4|4|_O__BO_O__O___O_	7	199
4|4|_O__O_BO__O__O__	6	199
4|4|O_B__OO____OO___	5	197
4|4|O_O___O___OB__O_	7	196
4|4|_O__B_OO__O___O_	7	195
4|4|O__O_O___OB___O_	7	194
4|4|OO___B_OO_____O_	9	190
4|4|O_O___O____O_BO_	8	190
4|4|_OO_O_O____B__O_	8	190
4|4|OOO__B___O_____O	7	189
4|4|OO___B___O_O_O__	8	188
4|4|_OB_O_O____O__O_	7	188
4|4|OO___B___O___O_O	8	186
4|4|O_____OO_OB__O__	8	186
4|4|O_O__OBO_____O__	7	186
4|4|O_O___OO___B__O_	7	186
4|4|O_____O__OBO__O_	7	185
4|4|O____OOO_____BO_	7	184
4|4|OO___BO_O______O	9	180
4|4|OO___BO____O_O__	8	180
4|4|OO____B___OO_O__	8	180
4|4|O_O___OO__B___O_	8	180
4|4|_O__OOB____O_O__	8	177
4|4|OO__B____O___O_O	7	177
4|4|OO_____O__B__OO_	7	177
4|4|O_____OO__B__OO_	7	177
4|4|O_OB__O___O__O__	5	176
4|4|O____OBO___O_O__	7	173
4|4|O____O_O__O__BO_	7	173
4|4|O_O___OO__B__O__	8	172
4|4|OO__B____O_O_O__	7	171
4|4|O_O__B____OO__O_	7	169
4|4|O____OO__OB____O	8	166
4|4|OO_O_B___O__O___	7	166
4|4|O____BOO_O___O__	7	163
4|4|O____BO____O_OO_	8	162
4|4|O__B_O_O__O__O__	6	162
4|4|OOO__B__O______O	8	160
4|4|O_O__B_O_O___O__	7	159
4|4|O__B_OOO______O_	7	158
4|4|OOB______OO____O	6	156
4|4|O_O__OB__O_____O	7	155
4|4|OO___B__O__O__O_	8	154
4|4|OOO____O__B___O_	8	152
4|4|O__B_O_O__O___O_	7	152
4|4|_O__BO_O__O__O__	6	152
4|4|OOO___B___O____O	8	151
4|4|O____OOO_B___O__	8	151
4|4|OOB______O____OO	6	150
4|4|O____O_O__OB_O__	8	149
4|4|O_O__B_O_O__O___	6	149
4|4|_O__B_OO__O__O__	6	149
4|4|O_B___O__O_OO___	5	149
4|4|OOO__O_____B__O_	9	148
4|4|_O__OOO____B__O_	9	148
4|4|O__O_O___OB____O	8	148
4|4|_O__O_O___OB__O_	8	148
4|4|OO___O_O__B__O__	7	148
4|4|_O__B_OO_O___O__	5	148
4|4|OBO__O___O_____O	9	147
4|4|OO___BOO_____O__	7	147
4|4|O_O__B_O__O_O___	6	145
4|4|_OO_OB_O_____O__	6	145
4|4|_OO_OB_____O__O_	6	145
4|4|_O__OB_O__O__O__	6	145
4|4|OO_____O_OB__O__	8	144
4|4|O_O__OO___B____O	8	144
4|4|O_B___OO_O__O___	8	144
4|4|O_____OO___O_OB_	8	143
4|4|OO___B___O_OO___	7	143
4|4|OO___O____B__O_O	7	142
4|4|O__O_OB___O____O	6	141
4|4|OOB_____O__O___O	7	140
4|4|OO___O___B_O__O_	7	140
4|4|OO_______BOO__O_	7	140
4|4|_O__OOB____O__O_	7	140
4|4|O_B__OO__O_____O	5	140
4|4|O_B__O___O__O__O	5	137
4|4|OO___O_____O_OB_	7	136
4|4|O_O__OB___O____O	7	134
4|4|O_O___O___BO__O_	7	134
4|4|O____OO__B_O_O__	6	133
4|4|O__O_OB___O__O__	6	132
4|4|OOO__B_____OO___	7	130
4|4|OOO__B_____O__O_	7	130
4|4|OOO_______BO__O_	7	130
4|4|O_O__BO____OO___	7	130
4|4|O_O__BO____O__O_	7	130
4|4|O__O_OB___O___O_	7	130
4|4|OOO_B______O___O	8	129
4|4|O__O_OB__O___O__	7	129
4|4|O__O_OB__O_____O	7	129
4|4|OOO__B_____O___O	8	127
4|4|OOO_______BO___O	8	127
4|4|O_O__O____OB__O_	8	127
4|4|OOB____O___O__O_	7	121
4|4|OOOB______O____O	6	121
4|4|OOB___OO______O_	7	120
4|4|OOBO_______O__O_	6	120
4|4|O_B__O___O_OO___	5	120
4|4|OO___OB____O_O__	8	118
4|4|OOB___O___O____O	6	118
4|4|OO____O___BO_O__	6	117
4|4|O____OO___BO_O__	6	117
4|4|O_____O___BO_OO_	6	117
4|4|O____BOO___O_O__	8	115
4|4|O_B__O_O_O__O___	6	109
4|4|OOO_B___O______O	7	106
4|4|OOO__B____O____O	7	106
4|4|O____OOO__B__O__	7	106
4|4|OO_O__B____O___O	7	101
4|4|O______O__BO_OO_	7	100
4|4|O_____O___OO_OB_	8	99
4|4|OOB_______OO__O_	7	98
4|4|OOB_______O___OO	7	98
4|4|OOB__O_____O__O_	6	98
4|4|OO_______BOOO___	6	98
4|4|OO_______BOO_O__	6	98
4|4|OO_B__O___O__O__	5	98
4|4|_O__B____OOO_O__	8	96
4|4|O_____OO__OB_O__	7	93
4|4|O_____O___OB_OO_	7	93
4|4|OOO___O___B____O	8	89
4|4|_O__BO___O_O_O__	7	89
4|4|O____OB___OO_O__	7	85
4|4|O_____BO__OO_O__	7	85
4|4|OB_O_O____O___O_	5	81
4|4|O____BO___OO_O__	8	77
4|4|OO___O____BO_O__	6	76
4|4|_O__OB_O__O___O_	5	75
4|4|O______O__OO_OB_	7	69
4|4|O____BOO__O__O__	7	65
4|4|OOB_______OO___O	6	63
4|4|OOB__O___O_____O	5	60
4|4|OOB___O____O__O_	6	57
4|4|OOB________O__OO	6	57
4|4|O_____O__BOO_O__	6	57
4|4|OOOB_______O___O	7	47
4|4|OOB__O____O____O	6	43
4|4|O__B__OO__O__O__	5	41
4|4|OOB__O_____O___O	5	32
4|4|OOB___O____OO___	5	32
4|4|OOB___O____O___O	5	17