4|4|O_P__P_____PB___	5	121
4|4|O_P______P_PB___	4	118
4|4|P_O____B____P_P_	4	116
4|4|P_P____B_P___O__	7	111
4|4|OP_B____P____P__	5	96
4|4|O__P___P____P_B_	5	94
4|4|P_O____B____P__P	4	86
4|4|O__P___B____P_P_	5	82
4|4|P_B______P_P_O__	4	80
4|4|P_B____P_____OP_	6	76
4|4|O_P______P__B__P	4	76
4|4|PP_P____B____O__	7	72
4|4|P_B____P_P___O__	5	72
4|4|O_P__P_P____B___	6	71
4|4|PP_P____B_____O_	5	69
4|4|O__P_____P___B_P	5	68
4|4|OP_P______P_B___	4	68
4|4|_O_____PB_P___P_	4	66
4|4|O_P______P_B_P__	3	65
4|4|O_P____P_P__B___	5	64
4|4|_O__P__PP____B__	6	62
4|4|_O___P_PP____B__	6	62
4|4|P_O___P____P_B__	5	62
4|4|PB_____O____P_P_	5	61
4|4|PPO____P______B_	5	59
4|4|OP_PP________B__	4	59
4|4|O_PB__P______P__	4	58
4|4|O_PB____P____P__	5	57
4|4|_O____PPP____B__	5	57
4|4|PO_P___P_____B__	5	56
4|4|OPP____P______B_	5	54
4|4|OP_P_P________B_	5	54
4|4|OP_P______P___B_	4	54
4|4|OP_P_______PB___	4	53
4|4|P_O____P__P___B_	4	52
4|4|OP_BP________P__	4	51
4|4|P_O__P_B_____P__	5	50
4|4|O_P__P_B_____P__	5	49
4|4|OP_P___B_____P__	4	49
4|4|P__P_P___O____B_	5	47
4|4|O_P____P__P___B_	4	47
4|4|_O_____PP_P__B__	4	47
4|4|OP_P___B______P_	5	46
4|4|O__P_P___P____B_	5	46
4|4|O_P____BP_____P_	5	45
4|4|PB_____O_____P_P	5	44
4|4|P_B__P_P_____O__	5	43
4|4|P__P_____BP___O_	4	43
4|4|P_O___PB_____P__	4	42
4|4|OP_B__P______P__	3	41
4|4|OP_P_____P___B__	3	41
4|4|P_O____BP_____P_	5	40
4|4|O_P___PB_____P__	4	40
4|4|P_P_______PO_B__	4	40
4|4|P__P_____OP___B_	4	40
4|4|P_P___PO_____B__	5	39
4|4|OP_P__B______P__	4	39
4|4|O__P_____PP___B_	4	39
4|4|P_O_______PP_B__	4	39
4|4|P_B____P__P___O_	5	38
4|4|O__P_P____B_P___	4	38
4|4|_O__P__BP_____P_	6	37
4|4|PO_P___B____P___	5	36
4|4|O__P___B__P_P___	5	35
4|4|PB_P_____P___O__	4	35
4|4|P_O__P_B______P_	4	35
4|4|O__P_________PBP	5	34
4|4|O_PB_P________P_	4	34
4|4|_O___P__P__B__P_	4	34
4|4|OP_P___P____B___	6	33
4|4|O_PP___P____B___	5	33
4|4|_O__P__P___B_P__	5	33
4|4|O_PP_P________B_	4	32
4|4|O_P__P_B______P_	4	32
4|4|O_P____P___BP___	4	32
4|4|OP_B___P_____P__	5	31
4|4|O_PB___P_____P__	4	30
4|4|OP_B_P______P___	4	29
4|4|OP_____B____P_P_	4	28
4|4|OP____B_____P__P	6	27
4|4|P_P_______PB_O__	5	27
4|4|O__P_____P___BP_	4	27
4|4|P_P____O__P__B__	4	27
4|4|O_PB_P______P___	3	27
4|4|P_B___PO_____P__	5	26
4|4|_O____PBP_____P_	5	26
4|4|OPPP__________B_	4	26
4|4|O_P_______PB_P__	4	26
4|4|_OP____BP_____P_	4	26
4|4|OP_P___B____P___	4	25
4|4|PB_____O_____PP_	4	25
4|4|O_PP______P___B_	3	25
4|4|PP_______P_B_O__	5	23
4|4|OP_B_P________P_	3	23
4|4|_O___P_PB_____P_	3	23
4|4|OP_______P_B_P__	4	22
4|4|O_PP___B______P_	4	22
4|4|OPPB__________P_	4	21
4|4|OP_P__B_____P___	4	21
4|4|OP_____P__B_P___	5	20
4|4|PB_____O__P_P___	5	20
4|4|O_____P______PBP	4	20
4|4|_O__P_PB______P_	4	20
4|4|O_PP__B_____P___	3	20
4|4|POP____B_____P__	6	19
4|4|PB_____P___P_O__	6	19
4|4|OP_____BP_____P_	4	19
4|4|PBP____P_____O__	5	18
4|4|PP_____O___P_B__	5	18
4|4|P_B____P__P__O__	6	17
4|4|PPB____P_____O__	6	16
4|4|OPPB________P___	4	16
4|4|OP_____B__P_P___	4	16
4|4|BPO________P_P__	4	16
4|4|OP_P__B_______P_	3	16
4|4|PP_____P___B_O__	6	15
4|4|O_____P__P_B__P_	4	15
4|4|PPO____B______P_	4	15
4|4|P_____PO_P___B__	4	15
4|4|O_____BP_____PP_	4	14
4|4|O_____PB_P___P__	3	14
4|4|PO_________PPB__	5	13
4|4|PP_____O_P___B__	6	12
4|4|PO_____P_B___P__	5	12
4|4|_O_____PPB___P__	5	12
4|4|POP____B______P_	4	12
4|4|PP_____B___O_P__	4	12
4|4|OPP____B______P_	4	11
4|4|PP________PO_B__	4	11
4|4|_O__P__P_B___P__	4	11
4|4|PO_____B_P___P__	5	10
4|4|PO_____P___B_P__	5	10
4|4|OP_____B___P_P__	4	10
4|4|O_____PB_P____P_	4	10
4|4|PO_____P_B_____P	6	9
4|4|PO_____B___P_P__	4	9
4|4|PBP____O____P___	4	9
4|4|OP________PB_P__	3	9
4|4|PB_P__O_____P___	5	8
4|4|PB_____P_O_____P	5	8
4|4|PB_____P_P___O__	4	8
4|4|BPOP_________P__	3	6
4|4|P______O___P_PB_	3	5