4|3|B_P____OP_B_	4	33
4|3|B__P___OP_B_	4	29
4|3|O____P_BP_B_	5	16
4|3|B_B____OP_P_	4	16
4|3|OPP_____B__B	5	13
4|3|O____P_B_PB_	4	13
4|3|O___P__BP_B_	5	12
4|3|B_B____OP__P	4	12
4|3|B_P____OPB__	4	12
4|3|OPB______P_B	3	12
4|3|O_P_P____B_B	3	12
4|3|B______BPPO_	4	11
4|3|PPO____B__B_	4	11
4|3|OPP____BB___	4	10
4|3|OPP____B__B_	4	10
4|3|O_P_P___B__B	4	10
4|3|B___P__BP_O_	3	10
4|3|P_O__P_B__B_	3	10
4|3|O___P__BB_P_	4	9
4|3|O___P__BB__P	4	9
4|3|O___P__B_PB_	4	9
4|3|B__P__O_PB__	4	9
4|3|O_P_P__BB___	3	9
4|3|O_P__P_B__B_	3	9
4|3|B_____POP_B_	5	8
4|3|O___P_B_B__P	4	8
4|3|B_B___PO_P__	4	8
4|3|P_B__P_B__O_	4	8
4|3|P_B___PO_B__	4	8
4|3|PB__P__B_O__	3	8
4|3|B_____PO_PB_	4	7
4|3|P_____PO_BB_	4	7
4|3|O___P__BBP__	3	6
4|3|O___PP_B_B__	3	5
4|3|B__BP____OP_	3	5
4|3|B___PP_B_O__	3	5