4|3|O__P_____OB_	4	42
4|3|O_P____B_O__	4	32
4|3|O__O____P_B_	5	31
4|3|O_O____B_P__	4	29
4|3|O__O_____BP_	4	27
4|3|O_B____O_P__	4	22
4|3|OB_P_____O__	4	21
4|3|O_P__B_____O	4	20
4|3|O______O_P_B	4	20
4|3|O_O_______BP	4	19
4|3|O_PB______O_	4	19
4|3|O__O_B____P_	4	19
4|3|O__P_B____O_	3	19
4|3|P_O____O_B__	4	18
4|3|OP_B______O_	3	18
4|3|O_____B__O_P	4	15
4|3|P_B____O__O_	5	14
4|3|O__P__B__O__	4	14
4|3|P_B____O_O__	4	14
4|3|O__P_B___O__	3	14
4|3|OO_______B_P	4	13
4|3|O_B_O______P	4	13
4|3|P______O_BO_	4	13
4|3|O______P_OB_	4	12
4|3|O______P_O_B	4	12
4|3|P______O_OB_	4	12
4|3|P_____OO_B__	5	11
4|3|O__P_B_____O	4	10
4|3|O_____OB_P__	3	10
4|3|_O__O__B__P_	3	9
4|3|_O__O__P__B_	3	9
4|3|_O__P__O__B_	3	9
4|3|O_____BO_P__	3	7