4|3|O__P___B_HB_	5	30
4|3|O__PB____HB_	4	25
4|3|P_O____B_B_H	4	24
4|3|P_B____B_O_H	4	24
4|3|P_BH___B__O_	6	22
4|3|B__PH__B__O_	4	22
4|3|P_B__O_H_B__	3	22
4|3|P_O____B__BH	6	21
4|3|O_H____BB_P_	4	21
4|3|B__PH__O__B_	4	21
4|3|O__HB____B_P	3	20
4|3|O__P__B__HB_	5	19
4|3|OB_____H_P_B	4	19
4|3|O__H_B___P_B	4	19
4|3|B_P_H__O_B__	4	19
4|3|P_B__O_H__B_	4	19
4|3|BO_P______BH	3	19
4|3|PO_____B_BH_	5	18
4|3|P_B_O__H__B_	5	18
4|3|O__B___H_P_B	4	18
4|3|O__HB____P_B	3	18
4|3|O_HB___B__P_	5	17
4|3|O__P_____BBH	3	17
4|3|BO_P___H__B_	3	17
4|3|O_P____B__HB	5	16
4|3|O_H_B___P__B	5	16
4|3|OP_____B_HB_	4	16
4|3|B_P_H__O__B_	4	16
4|3|O_HB_____BP_	3	16
4|3|BO_B___H__P_	3	16
4|3|B_P_H__O___B	3	16
4|3|B_P_O__H__B_	5	15
4|3|PB_____B_O_H	5	15
4|3|BO_H___BP___	4	15
4|3|B_OP_____HB_	4	15
4|3|B__P_H_O__B_	4	15
4|3|O_B___H__P_B	3	15
4|3|O__P___H_BB_	3	15
4|3|BO_BH_____P_	3	15
4|3|B_O_H___B__P	3	15
4|3|B__PH_O___B_	3	15
4|3|B__PH____BO_	3	15
4|3|P_B___OH_B__	3	15
4|3|OP_B___H_B__	4	14
4|3|O_BH___B_P__	4	14
4|3|O_P_H_____BB	4	14
4|3|O_H____BB__P	4	14
4|3|O__PH____BB_	4	14
4|3|O__P_B____BH	4	14
4|3|O__H_B__P__B	4	14
4|3|BO_P___H_B__	4	14
4|3|BO_P___H___B	4	14
4|3|B_P_H__B_O__	4	14
4|3|B_P__O_H__B_	4	14
4|3|O_B__H___B_P	3	14
4|3|O_P_B__H_B__	3	14
4|3|_OB_B__P__H_	3	14
4|3|BO_H___B_P__	5	13
4|3|OBH_____P__B	4	13
4|3|OB_P___H_B__	4	13
4|3|OB_____H_B_P	4	13
4|3|O_B____HB_P_	4	13
4|3|O_B____HP_B_	4	13
4|3|O_P____H__BB	4	13
4|3|O__B___H_B_P	4	13
4|3|B_O____HP_B_	4	13
4|3|B_P____B_OH_	4	13
4|3|P_B_H__B__O_	4	13
4|3|P_____OB_BH_	4	13
4|3|P_____OB_B_H	4	13
4|3|_BP_H__O_B__	4	13
4|3|OB____H_P__B	3	13
4|3|OB____H__P_B	3	13
4|3|O_H__B_P_B__	3	13
4|3|O__PBH____B_	3	13
4|3|O__P_H___BB_	3	13
4|3|BO__B__P__H_	3	13
4|3|B_P_H_O____B	3	13
4|3|OHB____B_P__	4	12
4|3|O_P_B__H__B_	4	12
4|3|O_HB_B____P_	4	12
4|3|O_H_P__B__B_	4	12
4|3|O_H___B_B__P	4	12
4|3|BOH_____P__B	4	12
4|3|BO_____H_B_P	4	12
4|3|BO_____H_P_B	4	12
4|3|B__PH_O__B__	4	12
4|3|B__P_H_B__O_	4	12
4|3|P_BH___B_O__	4	12
4|3|P_B___OH__B_	4	12
4|3|P____H_O_BB_	4	12
4|3|O_B_H___B__P	3	12
4|3|O_B__H__B__P	3	12
4|3|O__HP__B_B__	3	12
4|3|O__H_P_B_B__	3	12
4|3|BOHB______P_	3	12
4|3|BO____H_P__B	3	12
4|3|B_O__H__B__P	3	12
4|3|B_O__H___B_P	3	12
4|3|B_O___H__P_B	3	12
4|3|B__PHB____O_	3	12
4|3|B__PH____OB_	3	12
4|3|B__P_H___BO_	3	12
4|3|P_____OH_BB_	3	12
4|3|P_B____O_HB_	5	11
4|3|OP_B___H___B	4	11
4|3|O_P__B_H___B	4	11
4|3|O_P__B____HB	4	11
4|3|O__P_B_H__B_	4	11
4|3|O__P_H____BB	4	11
4|3|O__H_P_B___B	4	11
4|3|BO__H____B_P	4	11
4|3|B_OH___B_P__	4	11
4|3|B_O____HB_P_	4	11
4|3|B_P_H__B__O_	4	11
4|3|B__P__O__HB_	4	11
4|3|B__P__B__HO_	4	11
4|3|OBB____H_P__	3	11
4|3|OB___H__P__B	3	11
4|3|OP_B__H__B__	3	11
4|3|O__BH___B_P_	3	11
4|3|B_O_B__P_H__	3	11
4|3|B__PH_O____B	3	11
4|3|B__P_H___OB_	3	11
4|3|_OB_P__B__H_	3	11
4|3|_BB_O__H_P__	3	11
4|3|_BP_O__H_B__	3	11
4|3|B_P____O_HB_	5	10
4|3|B__P___O_HB_	5	10
4|3|OBH____BP___	4	10
4|3|OB_PH____B__	4	10
4|3|OB_PH______B	4	10
4|3|OB_P___H___B	4	10
4|3|OB_H___BP___	4	10
4|3|OB__H____B_P	4	10
4|3|OHB_B______P	4	10
4|3|OH____B__P_B	4	10
4|3|OH_____B_P_B	4	10
4|3|O__BH____B_P	4	10
4|3|O____BH__P_B	4	10
4|3|B__P_O___HB_	4	10
4|3|PHB____O_B__	4	10
4|3|P_____BO_BH_	4	10
4|3|P______B_BOH	4	10
4|3|OB_PH_____B_	3	10
4|3|OB_P___H__B_	3	10
4|3|O__B_H___B_P	3	10
4|3|O__B__H__P_B	3	10
4|3|BO__P__B__H_	3	10
4|3|BO___H__P__B	3	10
4|3|B__PHO____B_	3	10
4|3|_BH_O__B__P_	3	10
4|3|_B__H_OB__P_	3	10
4|3|O_PB___H__B_	4	9
4|3|BOH____BP___	4	9
4|3|B_P___OH__B_	4	9
4|3|P____O_B_BH_	4	9
4|3|P____O_B_B_H	4	9
4|3|P______B_OBH	4	9
4|3|OBP____H_B__	3	9
4|3|OB__B__P__H_	3	9
4|3|OB___H___B_P	3	9
4|3|OP_BB____H__	3	9
4|3|OP_BB______H	3	9
4|3|OP_B___H__B_	3	9
4|3|O_B_B__P_H__	3	9
4|3|O_B_B__P__H_	3	9
4|3|O_H_P__B_B__	3	9
4|3|O__BB_P__H__	3	9
4|3|O__BB__P__H_	3	9
4|3|O___BP_B___H	3	9
4|3|BOBH_______P	3	9
4|3|BOB_H______P	3	9
4|3|BOB__H_____P	3	9
4|3|BOB____H_P__	3	9
4|3|BOB____H___P	3	9
4|3|BO___B_P__H_	3	9
4|3|BO____H__P_B	3	9
4|3|B_O__B_P__H_	3	9
4|3|B_O__P_B___H	3	9
4|3|B_O__H__P__B	3	9
4|3|B__PH_B___O_	3	9
4|3|PBO____H_B__	3	9
4|3|P_B___OB__H_	3	9
4|3|_OB_B__P_H__	3	9
4|3|_O__BB_P__H_	3	9
4|3|O____B__B_PH	4	8
4|3|O_____B_B_PH	4	8
4|3|O______BB_PH	4	8
4|3|PB____OH_B__	4	8
4|3|O__B_H__P_B_	3	8
4|3|O__B_H__P__B	3	8
4|3|BOP____H_B__	3	8
4|3|BOP____H___B	3	8
4|3|B__P_HO___B_	3	8
4|3|POB____H_B__	3	8
4|3|P_B__O_B__H_	3	8
4|3|_BH_B__O__P_	3	8
4|3|_B__BO_H__P_	3	8
4|3|OBBH_______P	3	7
4|3|OBB_H______P	3	7
4|3|OBB__H_____P	3	7
4|3|OBB____H___P	3	7
4|3|OBP_H______B	3	7
4|3|OBP____H___B	3	7
4|3|OBP_______HB	3	7
4|3|OB__P__B__H_	3	7
4|3|OB__P__B___H	3	7
4|3|OB___B_P__H_	3	7
4|3|OB___P_B___H	3	7
4|3|OP__B__H__B_	3	7
4|3|OP_____H_BB_	3	7
4|3|OH__B___P__B	3	7
4|3|OH__B____B_P	3	7
4|3|OH__B____P_B	3	7
4|3|O_BP_H____B_	3	7
4|3|O_B__B_P__H_	3	7
4|3|O_B__P_B___H	3	7
4|3|O_B__H__P__B	3	7
4|3|O__BP_B___H_	3	7
4|3|O__B_B_P__H_	3	7
4|3|O__B_P_B___H	3	7
4|3|O___BB_P__H_	3	7
4|3|O___BH__P__B	3	7
4|3|O___BH___B_P	3	7
4|3|O___B_H__P_B	3	7
4|3|O____B_P_BH_	3	7
4|3|O____P_B_B_H	3	7
4|3|BO__P__B___H	3	7
4|3|BO___P_B___H	3	7
4|3|BO___H___B_P	3	7
4|3|B_O_B__P__H_	3	7
4|3|B_P_O__B__H_	3	7
4|3|B_P_B__O__H_	3	7
4|3|B_P___OB__H_	3	7
4|3|B_P___BO__H_	3	7
4|3|B__PO_B___H_	3	7
4|3|B__P_HO____B	3	7
4|3|B__P_HB___O_	3	7
4|3|B__P__BO__H_	3	7
4|3|PO_____H_BB_	3	7
4|3|P_B_O__B__H_	3	7
4|3|P_B_B__O__H_	3	7
4|3|P_B___BO__H_	3	7
4|3|P____HOB_B__	3	7
4|3|P____HBO_B__	3	7
4|3|_OP_B__H_B__	3	7
4|3|_OH_P__B__B_	3	7
4|3|_B__H_BO__P_	3	7
4|3|BOP____H__B_	4	6
4|3|POB____H__B_	4	6
4|3|P___O__B_BH_	4	6
4|3|P___O__B_B_H	4	6
4|3|B_P__O_B__H_	3	6
4|3|B__P_OB___H_	3	6
4|3|OPB____H__B_	3	5
4|3|O___P__B_BH_	3	5
4|3|O___P__B_B_H	3	5
4|3|BPO____H__B_	3	5
4|3|_B__B_OH__P_	3	5
4|3|_B__HO_B__P_	3	5