4|3|O_O____B_P_O	6	290
4|3|OP_B_____O_O	8	275
4|3|OB_P_____O_O	6	255
4|3|O_O____O_P_B	5	253
4|3|O_O____B_O_P	6	247
4|3|O_O_B____P_O	5	228
4|3|OO_O_____P_B	7	226
4|3|OO_P_____OB_	5	224
4|3|OP_B____O__O	8	209
4|3|O_PB____O__O	7	209
4|3|OO_O_____B_P	6	192
4|3|O_O___B__P_O	4	176
4|3|O_O_B___P__O	5	174
4|3|O_O__B___P_O	5	173
4|3|O_P____O_OB_	6	171
4|3|OBO_____P__O	5	171
4|3|O__OB___P_O_	5	170
4|3|OP_O______OB	6	167
4|3|OBP______O_O	5	166
4|3|O_O___B__O_P	5	166
4|3|OP_B___O_O__	8	165
4|3|O_PB___O_O__	7	165
4|3|O_OPB_____O_	5	164
4|3|O_P__B__O__O	6	160
4|3|O_O__B__P__O	5	160
4|3|O_O__B__O__P	5	157
4|3|O__OO____B_P	6	150
4|3|OO_O____P__B	7	147
4|3|OO_O____P_B_	6	146
4|3|O_O___B_P__O	6	144
4|3|OO_PB_____O_	4	140
4|3|O_O____OP_B_	7	133
4|3|OP_OB_____O_	5	132
4|3|O__P___O_OB_	6	131
4|3|OO_O_____BP_	5	130
4|3|OB_P____O__O	6	129
4|3|OO_OB_____P_	4	129
4|3|O_OB___P_O__	5	124
4|3|OO_P______BO	5	123
4|3|O_O____P_O_B	5	117
4|3|OP_O__B__O__	6	114
4|3|P_O____O_BO_	5	112
4|3|O_P___B_O__O	6	110
4|3|O_P____O__OB	6	110
4|3|O_O____OP__B	7	109
4|3|O_O___B_O__P	6	108
4|3|O_O____O_PB_	6	106
4|3|O_B____O_O_P	7	103
4|3|OO_O______PB	6	103
4|3|OO_O__B__P__	5	102
4|3|O_B____O_P_O	5	102
4|3|O__P__O__OB_	5	102
4|3|O__OB____OP_	4	102
4|3|OB_P_____OO_	5	100
4|3|O__OO____BP_	5	98
4|3|OO_____O_P_B	8	97
4|3|O__O_B__O__P	6	97
4|3|O__PB____OO_	4	97
4|3|OBO____O_P__	5	95
4|3|OO_O_____PB_	5	94
4|3|O_PB___O__O_	5	94
4|3|PO_____O_BO_	6	93
4|3|OP_O__B___O_	5	92
4|3|OO_P__B__O__	6	91
4|3|OB_P___O_O__	7	90
4|3|OBP_____O__O	5	90
4|3|OB_____OO_P_	6	88
4|3|O__O_O___B_P	6	87
4|3|O__P_B___OO_	4	87
4|3|P_O_B__O_O__	4	87
4|3|O____O_O_P_B	6	86
4|3|OO_P__B___O_	5	86
4|3|O__O_B___OP_	5	86
4|3|OO_PB______O	5	85
4|3|O_O_B__O_P__	4	85
4|3|PBO____O_O__	6	83
4|3|OO_P_B_____O	5	83
4|3|OO_P_B____O_	4	82
4|3|O___O__O_P_B	6	81
4|3|OP_OB____O__	5	78
4|3|OB_____O_O_P	6	77
4|3|OOB_____O__P	5	77
4|3|O__P_O___OB_	5	77
4|3|OP_B___O__O_	4	77
4|3|OO____B__P_O	6	76
4|3|OB_____O_P_O	6	76
4|3|O______OP_OB	6	75
4|3|O_P_B__O__O_	5	75
4|3|O__OP____BO_	6	74
4|3|O_O_____O_BP	5	74
4|3|OBP____O_O__	6	73
4|3|P_O__O_O_B__	5	73
4|3|OO_O_B____P_	5	72
4|3|OB_____OP_O_	5	72
4|3|O_____OO_P_B	5	72
4|3|O_O___BO_P__	4	72
4|3|_OB_O__P__O_	5	71
4|3|O_P___BO_O__	5	70
4|3|_OB_P__O__O_	5	70
4|3|OP_____O_OB_	7	69
4|3|P_B_O__O_O__	6	69
4|3|_OB_O__O__P_	6	69
4|3|O_O____O__PB	6	68
4|3|O_B_O__O_P__	6	68
4|3|OO_O______BP	5	67
4|3|OO_P_B__O___	5	67
4|3|OB____O__P_O	6	66
4|3|OOB____O_P__	5	66
4|3|O_P___OB_O__	5	66
4|3|O__PO____OB_	7	65
4|3|OB____O__O_P	6	65
4|3|O__P___O_O_B	4	65
4|3|O_O_O_____BP	6	64
4|3|OP_O_B____O_	6	63
4|3|O__O_O__P_B_	6	63
4|3|O_O___OB_P__	5	62
4|3|O_O____P__OB	6	61
4|3|O____O_P_OB_	5	59
4|3|O_O_BO_____P	4	59
4|3|O__POB____O_	4	59
4|3|P___O__O_OB_	6	58
4|3|O_P_O__B_O__	5	58
4|3|O__B___O_O_P	4	58
4|3|OB_PO______O	6	57
4|3|OOO______B_P	5	57
4|3|O_O_O__B_P__	5	56
4|3|OB_P__O__O__	7	55
4|3|P_B_O__O__O_	7	55
4|3|O__O_O___BP_	5	55
4|3|O__OBO____P_	4	55
4|3|O____O_OP_B_	7	54
4|3|OO______OB_P	5	54
4|3|O_B_O____O_P	5	54
4|3|O_P_OB_____O	5	54
4|3|O_P_BO_____O	4	54
4|3|P_O_B__O__O_	5	53
4|3|O__OOB____P_	5	52
4|3|O__P__B__OO_	5	52
4|3|P_O__O_O__B_	5	52
4|3|P____O_O_BO_	5	52
4|3|_O__O__O_BP_	5	52
4|3|O__P_B_O__O_	4	52
4|3|O_B_O__O___P	6	51
4|3|_OB_O__O_P__	6	51
4|3|OO____B__O_P	6	50
4|3|O_P__O_O__B_	5	50
4|3|O__PBO____O_	4	50
4|3|OO_P__B_O___	6	49
4|3|OO__B____P_O	5	49
4|3|OBP_O______O	5	49
4|3|O_P___BO__O_	5	49
4|3|O__P_O_O___B	5	49
4|3|P_____OO_OB_	5	49
4|3|O__P__O__O_B	4	49
4|3|OP_O_B___O__	5	48
4|3|O_OP__B_O___	6	47
4|3|O___O__P_OB_	6	47
4|3|O_P__B_O___O	5	47
4|3|P_B___OO_O__	5	47
4|3|O_OP__O___B_	6	46
4|3|O____O_P_O_B	6	46
4|3|OO_P__O___B_	5	46
4|3|O__B__O__O_P	4	46
4|3|P_B__O_O__O_	6	45
4|3|OO_O_B___P__	5	45
4|3|O___O__P_O_B	6	44
4|3|OBO_P______O	5	44
4|3|OP__B____O_O	5	44
4|3|O_O___BO__P_	5	44
4|3|O_B___OO_P__	5	44
4|3|P_B____O_OO_	6	43
4|3|OO___B___P_O	5	43
4|3|O_BP_____OO_	4	43
4|3|OP_O__O___B_	5	42
4|3|O_P__O_B_O__	5	41
4|3|O____B_OP_O_	5	41
4|3|O_____BO_O_P	5	41
4|3|O_P__B_O_O__	4	41
4|3|O__P_BO__O__	4	41
4|3|O__P_B_O_O__	4	41
4|3|O_OB___PO___	6	40
4|3|P_O___OO_B__	6	40
4|3|OOB____O__P_	5	40
4|3|OB___O___P_O	4	40
4|3|O___O__OP_B_	8	39
4|3|O_OP_O____B_	6	39
4|3|O____O_O_PB_	6	39
4|3|OO_P_O____B_	5	39
4|3|O_O__O____BP	5	39
4|3|O_PB__O___O_	5	39
4|3|O__P__BO_O__	5	39
4|3|OOBP______O_	4	39
4|3|OB___O___O_P	4	39
4|3|OP__B__O__O_	4	39
4|3|OB_PO____O__	5	38
4|3|O_O__O_B_P__	5	38
4|3|O_____OP_O_B	5	38
4|3|O______O_POB	5	38
4|3|OOP_B______O	4	38
4|3|OP_OO____B__	4	38
4|3|OP_B__O___O_	4	38
4|3|OP_O_O____B_	5	37
4|3|O_BPO_____O_	5	37
4|3|OO_P___O___B	5	36
4|3|OB_P_O___O__	5	36
4|3|OOO_B______P	4	36
4|3|OO_PO____B__	4	36
4|3|OB____O_O__P	6	35
4|3|O__OO_____BP	6	35
4|3|OBO____OP___	5	35
4|3|OB_O__O_P___	5	35
4|3|O__O_O___PB_	5	35
4|3|OB__O____P_O	4	35
4|3|O_____BOP_O_	5	34
4|3|POB____O_O__	5	34
4|3|OB__O____O_P	4	34
4|3|OPOB______O_	4	34
4|3|O__O_O____BP	5	33
4|3|O__P_BO___O_	4	33
4|3|_O__OO_P__B_	4	33
4|3|OB____OOP___	6	32
4|3|P_____OO_BO_	6	32
4|3|OO_P__B____O	5	32
4|3|_O__PO_O__B_	4	32
4|3|_O__P_OO__B_	4	32
4|3|OO_____P_OB_	5	31
4|3|O____OB__O_P	5	31
4|3|PO_____O_OB_	5	31
4|3|O_B_O__P_O__	4	31
4|3|O___O__O_PB_	7	30
4|3|O_____OOP_B_	7	30
4|3|OP_O_O___B__	4	30
4|3|O_P__B_OO___	5	29
4|3|OO_P_O___B__	4	29
4|3|O_B_P__O_O__	4	29
4|3|O__POB___O__	4	29
4|3|O__P_OB___O_	4	29
4|3|O__POB_____O	5	28
4|3|O__PO_B__O__	5	28
4|3|O_____OO_PB_	6	27
4|3|OOP__B_____O	5	27
4|3|OB_O__O__P__	5	27
4|3|O_O___O___BP	5	27
4|3|O_P__BO____O	5	27
4|3|O_BP_O____O_	4	27
4|3|O_P__B_O__O_	4	27
4|3|O__P_OB____O	4	27
4|3|O___B__OP_O_	4	27
4|3|OB____OO_P__	6	26
4|3|OOO_______BP	5	25
4|3|O__P_B_O___O	5	25
4|3|OB__P__O__O_	4	25
4|3|O_B_P__O___O	4	25
4|3|_OB_O__P_O__	4	25
4|3|_OB_P__O_O__	4	25
4|3|O__P_OB__O__	5	24
4|3|OB_____O_PO_	5	23
4|3|O_B__P_O___O	4	23
4|3|O__B_O_P__O_	4	23
4|3|_O__O_BO__P_	4	23
4|3|P_B___OO__O_	6	22
4|3|OOB_O______P	5	22
4|3|OO__O____B_P	5	22
4|3|O___O_B__O_P	5	22
4|3|OO_P__O____B	5	21
4|3|OO___O___B_P	5	21
4|3|O_B_OO_____P	5	21
4|3|O______P_OOB	5	21
4|3|OOB____OP___	5	20
4|3|OOB____PO___	5	20
4|3|OO_B___PO___	5	20
4|3|O_____B__OOP	5	20
4|3|O____B_O_PO_	4	19
4|3|O_____BO_PO_	4	19
4|3|_O__O_OB__P_	4	19
4|3|O__P_BO____O	5	16
4|3|O____OBO_P__	4	15
4|3|P____OOO_B__	6	14
4|3|O___O_OB_P__	4	14
4|3|O____BOO_P__	4	12
4|3|O___O_BO_P__	4	10
4|3|_O__OO_B__P_	4	10
4|3|O____OOB_P__	4	9