4|3|O_H____B_O__	4	18
4|3|H_O____B_O__	4	18
4|3|O_O____B_H__	4	17
4|3|O__H__B__O__	4	17
4|3|O__O_____BH_	4	16
4|3|O__H_____OB_	4	15
4|3|O__H_B___O__	3	13
4|3|O_O_______BH	4	12
4|3|O_H__B_____O	4	12
4|3|O__O_B____H_	4	12
4|3|O__B___H_O__	4	12
4|3|O_____B__O_H	4	12
4|3|O______H_OB_	4	12
4|3|O______H_O_B	4	12
4|3|O__H_B____O_	3	11
4|3|O______O_H_B	4	10
4|3|O_____OB_H__	3	10
4|3|O__H_B_____O	4	9
4|3|H_____OB_O__	3	8
4|3|O_____BO_H__	3	7
4|3|H_____BO_O__	3	7
4|3|_O__O__H__B_	3	7
4|3|_O__O__B__H_	3	6
4|3|_O__H__O__B_	3	6