4|3|O_OB_____O_O	6	421
4|3|O_O_B____O_O	6	377
4|3|O_O_B___O__O	6	339
4|3|O_O__B___O_O	6	334
4|3|O_O__B__O__O	7	309
4|3|OBO______O_O	6	298
4|3|O_OB___O_O__	6	263
4|3|O_O____O_O_B	6	255
4|3|O_O____O_OB_	7	235
4|3|OO_O_____BO_	6	221
4|3|OO_OB_____O_	6	220
4|3|O_O___B_O__O	7	204
4|3|O_O_B__O_O__	5	191
4|3|OO_O_____OB_	6	189
4|3|OO_O______OB	7	181
4|3|O__OO____BO_	6	181
4|3|O__O_B___OO_	6	181
4|3|OO_O__B__O__	7	177
4|3|OBO_____O__O	6	173
4|3|O__OB____OO_	6	167
4|3|O__O_B__O__O	8	165
4|3|OBO____O_O__	7	152
4|3|OO_O__B___O_	6	145
4|3|O_O____O__OB	7	142
4|3|OO_O_B____O_	6	136
4|3|OO_O______BO	6	135
4|3|O_O_B__O__O_	6	135
4|3|O_O___BO_O__	6	126
4|3|OO_OB______O	7	121
4|3|OO_O_B_____O	7	121
4|3|OO____B__O_O	7	121
4|3|O_O_O____B_O	4	112
4|3|O__OOB____O_	6	106
4|3|OO_O_B___O__	6	105
4|3|O_O_OB_____O	6	104
4|3|_OB_O__O__O_	7	103
4|3|OO__B____O_O	6	97
4|3|OBO_O______O	6	97
4|3|O_O___BO__O_	6	97
4|3|O__O_O___BO_	6	97
4|3|O_O_B__O___O	6	96
4|3|O_O__B_O___O	6	94
4|3|OO_O_B__O___	7	93
4|3|OO_O__B_O___	7	93
4|3|O_O__B_O_O__	5	93
4|3|O____O_O_OB_	7	92
4|3|O____O_O_O_B	7	92
4|3|OO__B__O__O_	5	90
4|3|O_OB___OO___	7	87
4|3|O___O__O_O_B	7	87
4|3|OO___B___O_O	6	87
4|3|O__OBO____O_	6	86
4|3|OOBO______O_	5	85
4|3|O_O__O___B_O	4	83
4|3|O_O_BO_____O	6	82
4|3|O_B_O__O_O__	8	79
4|3|O_____OO_O_B	6	78
4|3|O___O__O_OB_	8	77
4|3|OOB_____O__O	6	77
4|3|O__OB_O___O_	6	77
4|3|O__O_O___OB_	6	77
4|3|OB_OO_____O_	4	76
4|3|O_O_O__O_B__	5	75
4|3|O_O__B_OO___	6	71
4|3|O_B__O_O_O__	5	69
4|3|O_____OO_OB_	7	68
4|3|O__OB_O__O__	5	66
4|3|O_B___OO_O__	7	65
4|3|O__OO_B__O__	6	65
4|3|OOB____O__O_	6	63
4|3|OO_O__B____O	6	62
4|3|O_O_B__OO___	5	58
4|3|O_O__B_O__O_	5	58
4|3|O__O_OB___O_	5	56
4|3|_O__OO_O__B_	6	55
4|3|_O__O_OO__B_	6	55
4|3|O__OB_O_O___	5	54
4|3|O__O_OB____O	5	54
4|3|OOO_B______O	6	53
4|3|OO_B___O__O_	4	53
4|3|O_B__O_O___O	5	52
4|3|O__B_O_O__O_	5	52
4|3|OOO__B_____O	6	51
4|3|OOO_______BO	6	51
4|3|O_O_B_O____O	6	51
4|3|O_O__BO____O	6	51
4|3|O__O_OB__O__	6	50
4|3|OB__O__O__O_	5	50
4|3|O____B_O_OO_	5	46
4|3|O______O_OOB	6	45
4|3|OO_B___OO___	6	43
4|3|OB_O_O____O_	4	41
4|3|O___O_OO_B__	6	38
4|3|OOB_______OO	5	38
4|3|O_B_O_O____O	5	38
4|3|O___O__O_BO_	5	34
4|3|_O__OB_O__O_	4	30
4|3|O____BOO_O__	5	29
4|3|OO_B__O___O_	4	26
4|3|OOOB_______O	5	20
4|3|OOB__O_____O	4	19
4|3|O_B__OO____O	4	19
4|3|O___B_OO_O__	4	19
4|3|_O__B_OO_O__	4	19
4|3|OOB___O____O	4	12