4|3|O_O____B_HB_	4	23
4|3|BO_HB_____O_	3	21
4|3|O_O____B_H_B	3	18
4|3|BO_H___B__O_	3	18
4|3|O__H____BOB_	4	17
4|3|O__OBB____H_	3	16
4|3|BOBH______O_	3	16
4|3|B_O___B__O_H	3	16
4|3|O_H_BB_____O	3	15
4|3|O__O_B___BH_	3	15
4|3|O__H_B____OB	3	15
4|3|O__H__B__OB_	3	15
4|3|O_O____B__BH	4	14
4|3|O_H___B___OB	4	14
4|3|O__H_B___O_B	3	14
4|3|O__H__B_BO__	3	14
4|3|O__H__B__O_B	3	14
4|3|O_H__B___O_B	3	13
4|3|O__H_B__BO__	3	13
4|3|O__H_B__B_O_	3	13
4|3|O__H_B___OB_	3	13
4|3|O_O____B__HB	4	12
4|3|O______O_HBB	4	12
4|3|O______HBOB_	4	12
4|3|O______HBO_B	4	12
4|3|BO_H__B__O__	4	12
4|3|OBH____B_O__	3	12
4|3|OB___B___H_O	3	12
4|3|O_HB___B__O_	4	11
4|3|O_H____BB_O_	4	11
4|3|O_H____B__OB	4	11
4|3|O____B__H_OB	4	11
4|3|BO_____B_O_H	4	11
4|3|B_O____BH_O_	4	11
4|3|O_H__B__B__O	3	11
4|3|BO_H___B_O__	4	10
4|3|OO_H__B___B_	3	10
4|3|O__B__B__O_H	3	10
4|3|O_____B_H_OB	4	9
4|3|OBH_B______O	3	9
4|3|O_HB__O___B_	3	9
4|3|O_H__B____OB	3	9
4|3|O_H___OB__B_	3	9
4|3|O____B___HOB	3	9
4|3|O_____B__HOB	3	9
4|3|BO__O__H__B_	3	9
4|3|BO____B__O_H	3	9
4|3|H_O___OB__B_	3	9
4|3|_O__O__B_BH_	3	9
4|3|O______BH_OB	4	8
4|3|OO_____B_BH_	3	8
4|3|O_H__O_B__B_	3	8
4|3|O_H__B__O__B	3	8
4|3|O__B_B__O__H	3	8
4|3|O__H_BB____O	3	8
4|3|BO__H__O__B_	3	8
4|3|B_O_H__O_B__	3	8
4|3|B_O__O_H___B	3	8
4|3|H_O__O_B__B_	3	8
4|3|OO_____B_HB_	3	7
4|3|OBHB_______O	3	7
4|3|OBH__B_____O	3	7
4|3|OBH____B___O	3	7
4|3|OB___H_O__B_	3	7
4|3|OH_OB____B__	3	7
4|3|OH_OB______B	3	7
4|3|OH_O_B___B__	3	7
4|3|O_B__B__O__H	3	7
4|3|O_HB___O__B_	3	7
4|3|O_H_O__B__B_	3	7
4|3|O_H__BB____O	3	7
4|3|O_H___BO__B_	3	7
4|3|O_H____O__BB	3	7
4|3|O__BO_H___B_	3	7
4|3|O__H_O_B___B	3	7
4|3|O__H_O____BB	3	7
4|3|O___BH_O__B_	3	7
4|3|O____BBO_H__	3	7
4|3|O____H_O_BB_	3	7
4|3|O______B_HOB	3	7
4|3|BOH____B_O__	3	7
4|3|BO__O__H___B	3	7
4|3|BO___O_H___B	3	7
4|3|BO___H_O__B_	3	7
4|3|B_O_H__O__B_	3	7
4|3|B_O__H_O__B_	3	7
4|3|H_O_O__B__B_	3	7
4|3|_O__BH_O__B_	3	7
4|3|_O__H__O_BB_	3	7
4|3|_B__OH_O__B_	3	7