4|3|O_P____H_B__	3	12
4|3|O_P____B_H__	3	11
4|3|_O__B__P__H_	3	11
4|3|_O__P__B__H_	4	10
4|3|O_B____H_P__	3	10
4|3|_O__B__H__P_	3	10
4|3|O__H_B_____P	4	9
4|3|O_H____B_P__	3	9
4|3|BO_____H__P_	3	8
4|3|B_O____H_P__	3	8
4|3|O_____PB_H__	4	7
4|3|OB_____H__P_	3	7
4|3|O_B__H_____P	3	7
4|3|O_P__B_____H	3	7
4|3|O_H__B_____P	3	7
4|3|O__P_B____H_	3	7
4|3|O__H_B____P_	3	7
4|3|O___B__P__H_	3	7
4|3|O______B_HP_	3	7
4|3|_B__O__P__H_	3	7
4|3|O__H__P__B__	2	7
4|3|O_____B__P_H	3	6
4|3|O______B_PH_	3	6
4|3|O__B_H____P_	2	5
4|3|OB____P____H	2	4
4|3|OB____H____P	2	4
4|3|O__B_P____H_	2	4
4|3|O_____PH_B__	2	4
4|3|O_____P__B_H	2	4
4|3|O_____HP_B__	2	4
4|3|BO____P____H	2	4
4|3|_O__P__H__B_	2	4
4|3|_O__H__P__B_	2	4