4|3|O__P____P_B_	4	37
4|3|O__P_____PB_	3	20
4|3|P_B____O_P__	3	19
4|3|OP_B_____P__	3	17
4|3|O_PB______P_	3	15
4|3|O_PB_____P__	2	15
4|3|P_P____O__B_	4	10
4|3|O______P_P_B	3	10
4|3|P_O____BP___	3	10
4|3|P_O____B__P_	3	10
4|3|O______PP_B_	4	9
4|3|P_B____OP___	4	9
4|3|P_B____O__P_	4	9
4|3|OP_B_______P	3	9
4|3|O_PB____P___	3	9
4|3|P_P____B__O_	3	9
4|3|OP_B______P_	2	9
4|3|O_P____BP___	3	8
4|3|O_P____B__P_	3	8
4|3|O______BP_P_	3	8
4|3|O______P_PB_	3	8
4|3|P______O_PB_	3	8
4|3|O_____B_P__P	3	6
4|3|O___P__P_B__	2	4
4|3|B___P__P_O__	2	4