4|3|O_O____BP_B_	5	54
4|3|O__P____BOB_	4	53
4|3|O_O____BB__P	5	50
4|3|OP_B_____O_B	4	48
4|3|O_PB_____O_B	3	47
4|3|O_O____BB_P_	5	45
4|3|BO_PB_____O_	3	43
4|3|O_O____B_P_B	3	42
4|3|OP_B___B_O__	5	39
4|3|BO_P___B__O_	3	36
4|3|P_B_O__O__B_	6	35
4|3|O_O____B_PB_	4	35
4|3|OP_B_____OB_	3	35
4|3|O_O____BP__B	5	34
4|3|O__O_B__P__B	5	34
4|3|O_O___B_B__P	4	34
4|3|P_B____O_BO_	4	34
4|3|O_O___B_P__B	5	32
4|3|OP_B__B__O__	5	31
4|3|OP_B____BO__	4	31
4|3|O_P____B__OB	4	31
4|3|P_B____O_OB_	4	30
4|3|O_PB____BO__	3	30
4|3|B_P_O__O__B_	6	28
4|3|O_B____OP_B_	5	28
4|3|OP_B_B_____O	5	27
4|3|O_B____OB__P	5	27
4|3|OP_B____O__B	4	27
4|3|BO_PO_____B_	4	27
4|3|OP_B______OB	3	27
4|3|OBB____O_P__	4	26
4|3|OB_P___B_O__	4	26
4|3|BO_P__B__O__	4	26
4|3|O_P__B___O_B	3	26
4|3|O__P_B___OB_	3	26
4|3|O_B____OB_P_	5	25
4|3|BO_P___B_O__	4	25
4|3|O__P_B____OB	3	25
4|3|O______OB_PB	5	24
4|3|OB_P__B__O__	4	24
4|3|OP_O__B___B_	4	24
4|3|OP_BB______O	4	24
4|3|OP_B___O___B	4	24
4|3|O_PB____B_O_	4	24
4|3|O_P____O_BB_	4	24
4|3|O_P_BB_____O	3	24
4|3|OP_B____B__O	4	23
4|3|O_PB___B__O_	4	23
4|3|O_P___B___OB	4	23
4|3|P_B___OO_B__	4	23
4|3|O__OBB____P_	3	23
4|3|O__P_B__B_O_	3	23
4|3|BOBP______O_	3	23
4|3|B_O___B__O_P	3	23
4|3|OP_B____B_O_	3	22
4|3|O__O_B___BP_	3	22
4|3|OP_O_B_____B	6	21
4|3|OB_____OB_P_	5	21
4|3|O__P___O_BB_	5	21
4|3|O_O____B__BP	4	21
4|3|O____B__P_OB	4	21
4|3|B_O____BP_O_	4	21
4|3|BO_P___O__B_	5	20
4|3|P_____OO_BB_	4	20
4|3|OP_B__O___B_	3	20
4|3|OP_B___O__B_	3	20
4|3|OP_B____O_B_	3	20
4|3|O__P__B__OB_	3	20
4|3|OB_PB______O	4	19
4|3|O_P____BB_O_	4	19
4|3|O_____B_P_OB	4	19
4|3|BO_____OP_B_	4	19
4|3|BO_____B_O_P	4	19
4|3|P_B____B_OO_	4	19
4|3|OBP____B_O__	3	19
4|3|OP_B__B___O_	3	19
4|3|O_P__B__B__O	3	19
4|3|O_P__B____OB	3	19
4|3|O__P_B___O_B	3	19
4|3|OO_____B_P_B	5	18
4|3|OP_B_B__O___	5	18
4|3|O_P_O_____BB	5	18
4|3|O__PO_____BB	5	18
4|3|O____P_B_OB_	5	18
4|3|B__P___O_OB_	5	18
4|3|O_O____B__PB	4	18
4|3|P_B_B__O__O_	4	18
4|3|P_B___OB__O_	4	18
4|3|O_O_B_P____B	3	18
4|3|O__P_B__BO__	3	18
4|3|O__P__B_BO__	3	18
4|3|O__P__B__O_B	3	18
4|3|BOB_O______P	4	17
4|3|BOB____O_P__	4	17
4|3|PBO____O_B__	4	17
4|3|PB_____O_BO_	4	17
4|3|O_O_P__B_B__	3	17
4|3|O_P__B__O__B	3	17
4|3|O__OB_P___B_	3	17
4|3|P_O___OB__B_	3	17
4|3|OO____B__P_B	5	16
4|3|O___P__B_OB_	5	16
4|3|B_P____B_OO_	5	16
4|3|OP_B__O____B	4	16
4|3|O______BP_OB	4	16
4|3|O______PBOB_	4	16
4|3|O______PBO_B	4	16
4|3|BOB____OP___	4	16
4|3|B_P_B__O__O_	4	16
4|3|P_B_O__B__O_	4	16
4|3|OB___B___P_O	3	16
4|3|O_P____O__BB	3	16
4|3|OO_____BB_P_	5	15
4|3|O______OP_BB	5	15
4|3|OO_____BP_B_	4	15
4|3|OO_____B_B_P	4	15
4|3|OP_B_B____O_	4	15
4|3|B_OPO_____B_	4	15
4|3|B_P_O__B__O_	4	15
4|3|POB____O_B__	4	15
4|3|OBP_B______O	3	15
4|3|OB______B_PO	3	15
4|3|O_O__P_B_B__	3	15
4|3|O_B__B__O__P	3	15
4|3|O_PB__O___B_	3	15
4|3|O__B__B__O_P	3	15
4|3|O__P_O____BB	3	15
4|3|P_B___OO__B_	5	14
4|3|OO____B__B_P	4	14
4|3|O_BPO_____B_	4	14
4|3|O_____OBP_B_	4	14
4|3|OP_OB____B__	3	14
4|3|OP_OB______B	3	14
4|3|O_P___OB__B_	3	14
4|3|BOP____B_O__	3	14
4|3|BO____B__O_P	3	14
4|3|OB____O_B__P	5	13
4|3|PB____OO_B__	5	13
4|3|OBB____O__P_	4	13
4|3|OB_P_B_____O	4	13
4|3|OB_P___B___O	4	13
4|3|OP_O_B____B_	4	13
4|3|OP_____O_BB_	4	13
4|3|O_BBO_____P_	4	13
4|3|B_P___OB__O_	4	13
4|3|PO_____O_BB_	4	13
4|3|PB_____O_OB_	4	13
4|3|_O__BP_B__O_	4	13
4|3|_O__B_PO__B_	4	13
4|3|OO_P__B___B_	3	13
4|3|P_O_O__B__B_	3	13
4|3|P_O__O_B__B_	3	13
4|3|_O__O__B_BP_	3	13
4|3|_O__BP_O__B_	3	13
4|3|B__P__OO__B_	5	12
4|3|OPB____O__B_	4	12
4|3|O___B_PO__B_	4	12
4|3|O____O_BP_B_	4	12
4|3|O______O_PBB	4	12
4|3|PBB____O_O__	4	12
4|3|OO_____B_BP_	3	12
4|3|OP_O_B___B__	3	12
4|3|OP_B_O____B_	3	12
4|3|O_PB___O__B_	3	12
4|3|O_P__O_B__B_	3	12
4|3|O__B_B__O__P	3	12
4|3|O___BP_O__B_	3	12
4|3|BO__O__P__B_	3	12
4|3|BO__P__O__B_	3	12
4|3|B_O_P__O_B__	3	12
4|3|_B__OP_O__B_	3	12
4|3|B_P___OO__B_	5	11
4|3|O_____OBB_P_	4	11
4|3|O_____OBB__P	4	11
4|3|BPO____O__B_	4	11
4|3|P_B__O_B__O_	4	11
4|3|OB_______OPB	3	11
4|3|OPOB______B_	3	11
4|3|O_P_O__B__B_	3	11
4|3|O_P___BO__B_	3	11
4|3|O__P_BB____O	3	11
4|3|BO___P_O__B_	3	11
4|3|B_O__O_P___B	3	11
4|3|B_OP___O__B_	5	10
4|3|O____BO_B__P	4	10
4|3|O____B_OB_P_	4	10
4|3|O____B_OP_B_	4	10
4|3|O_____BOB_P_	4	10
4|3|O_____BOB__P	4	10
4|3|O_____BOP_B_	4	10
4|3|OBPB_______O	3	10
4|3|OBP__B_____O	3	10
4|3|OBP____B___O	3	10
4|3|OB___P_O__B_	3	10
4|3|O_B__P_B_O__	3	10
4|3|O_P__BB____O	3	10
4|3|O__BO_P___B_	3	10
4|3|O__B_____OPB	3	10
4|3|O__P_O_B___B	3	10
4|3|O___P_OB_B__	3	10
4|3|O____B___POB	3	10
4|3|O____P_O_BB_	3	10
4|3|O_____B__POB	3	10
4|3|BO__O__P___B	3	10
4|3|BO___O_P___B	3	10
4|3|B_O_P__O__B_	3	10
4|3|B_O__P_O__B_	3	10
4|3|_O__P__O_BB_	3	10
4|3|OPOB_______B	4	9
4|3|O____OB_B__P	4	9
4|3|O____O_BB_P_	4	9
4|3|B_P__O_B__O_	4	9
4|3|_O__OP_B__B_	4	9
4|3|OBPO_____B__	3	9
4|3|OB_______BPO	3	9
4|3|O_B_B_P____O	3	9
4|3|O__BB_P___O_	3	9
4|3|BOP____O__B_	5	8
4|3|POB____O__B_	5	8
4|3|OPBB______O_	3	8
4|3|OPB_______OB	3	8
4|3|O___P_O__B_B	3	8
4|3|O___P__O_B_B	3	8
4|3|O______B_POB	3	8
4|3|O___O_B_B__P	4	7
4|3|O___O__BB_P_	4	7
4|3|O___O__BP_B_	4	7
4|3|OOPB_____B__	3	7
4|3|OO_____B_PB_	3	7
4|3|OBPO_______B	3	7
4|3|OB__P__BO___	3	7
4|3|OB___P_B__O_	3	7
4|3|O___P_BO_B__	3	7
4|3|O___P__B_BO_	3	7
4|3|O____BBO_P__	3	7
4|3|BO_______OPB	3	7
4|3|O____B__B_OP	4	6
4|3|O_____B_B_OP	4	6
4|3|O______BB_OP	4	5
4|3|O___PO_B_B__	3	5
4|3|OOPB_______B	3	4