4|3|O_OB__B__O__	4	86
4|3|O_O____BBO__	5	83
4|3|O_O____B_OB_	5	83
4|3|O_OB___B_O__	4	73
4|3|O__O____BOB_	4	71
4|3|O_O___B__O_B	4	69
4|3|O_O____B_O_B	4	69
4|3|O_OB_B_____O	4	66
4|3|O_O__B___O_B	4	66
4|3|OB____B__O_O	4	64
4|3|O__OB____BO_	4	64
4|3|O__O_B____OB	5	62
4|3|O__O_B___BO_	4	62
4|3|OBO____B_O__	4	61
4|3|O_OB_B___O__	3	58
4|3|O__O_B___OB_	4	57
4|3|OB_____B_O_O	4	56
4|3|O__OBB____O_	4	56
4|3|O_O_B____O_B	3	56
4|3|O_O_BB_____O	4	55
4|3|O__O_B__B_O_	5	53
4|3|O__O_BB__O__	4	52
4|3|O_O__B__B__O	4	51
4|3|O_____OB_OB_	4	51
4|3|_OB_B__O__O_	4	51
4|3|O_O____BB__O	5	50
4|3|O_O__B__O__B	4	50
4|3|O_OBB____O__	3	50
4|3|OB___B___O_O	4	49
4|3|O_O__B_B___O	4	49
4|3|O_OB_B__O___	5	48
4|3|O_O___B___OB	5	46
4|3|OB_____O_OB_	5	45
4|3|O_B____OBO__	5	45
4|3|O_O_B____B_O	3	45
4|3|O_O__B___B_O	3	45
4|3|OB____OB_O__	4	44
4|3|O_____O_BO_B	4	44
4|3|OBB____O_O__	5	43
4|3|O______O_OBB	5	42
4|3|O_____OBBO__	4	41
4|3|O_____OB_O_B	4	41
4|3|O__OB____OB_	3	41
4|3|O______OBOB_	5	40
4|3|BOB____O__O_	5	40
4|3|OB_B__O__O__	4	39
4|3|BO__B__O__O_	4	39
4|3|O_OB__B_O___	5	37
4|3|O_O___B_O__B	5	37
4|3|O_O____BO__B	5	37
4|3|O_O____B__OB	5	37
4|3|O__B__OB_O__	4	37
4|3|O_OB_B____O_	3	37
4|3|O__OB_B__O__	3	37
4|3|OO_O__B__B__	4	36
4|3|_B__OO_O__B_	4	36
4|3|OB_O__B__O__	4	33
4|3|O_O__B____OB	4	33
4|3|O____BO__O_B	4	33
4|3|O_B___O__O_B	3	32
4|3|O_OB___BO___	5	31
4|3|O__OO_B__B__	3	31
4|3|O__O_OB__B__	3	31
4|3|OO_O_B__B___	5	30
4|3|B___O_OO_B__	5	30
4|3|OO_OB____B__	4	30
4|3|OO_OB______B	4	30
4|3|OO_O_B___B__	4	30
4|3|OO_O_B____B_	4	30
4|3|OO_O__B_B___	4	30
4|3|OO_O__B___B_	4	30
4|3|OO_O___B_B__	4	30
4|3|O____B___OOB	4	30
4|3|B___OO_O__B_	4	30
4|3|B___OO_O___B	4	30
4|3|B___O_OO__B_	4	30
4|3|B_O_O__O_B__	4	29
4|3|O_OB__O__B__	3	29
4|3|O_OB___O_B__	3	29
4|3|OBO_B______O	4	28
4|3|OB__B____O_O	4	28
4|3|O_O___B_B__O	4	28
4|3|O_B_O__O_B__	4	28
4|3|O_B__B__O__O	4	28
4|3|O__B__BO_O__	4	28
4|3|O_____BO_O_B	4	28
4|3|OO_OB_____B_	3	28
4|3|O_B___OB_O__	3	28
4|3|O__OBO____B_	3	28
4|3|O__O_O___BB_	3	28
4|3|O__B__O__OB_	3	28
4|3|O__B__O__O_B	3	28
4|3|OO_____B_BO_	4	27
4|3|OBOB_______O	4	27
4|3|OBO__B_____O	4	27
4|3|OB___O_O__B_	4	27
4|3|OB____BO_O__	4	27
4|3|OB_____B_OO_	4	27
4|3|O_O__BB____O	4	27
4|3|O_O__B_OB___	4	27
4|3|O__BO_O___B_	4	27
4|3|O____O_O_BB_	4	27
4|3|O____B_O_OB_	4	27
4|3|O_____BOBO__	4	27
4|3|OO_BB_____O_	3	27
4|3|O_B____O_O_B	3	27
4|3|BO_B___O__O_	3	27
4|3|BO__O__O__B_	4	26
4|3|OB____B_O__O	3	26
4|3|O_OB_O___B__	3	26
4|3|O_O___BO_B__	3	26
4|3|O_O____O_B_B	3	26
4|3|O_B__O_O___B	3	26
4|3|O__B_O_O__B_	3	26
4|3|O__B_BO__O__	3	26
4|3|O__B_B___OO_	3	26
4|3|BO__O__B__O_	4	25
4|3|BO___O_O__B_	4	25
4|3|B_O__O_O___B	4	25
4|3|B_B__O_O_O__	4	25
4|3|B___O__O_OB_	4	25
4|3|B___O__O_BO_	4	25
4|3|_OB_O__O_B__	4	25
4|3|OB____O__O_B	3	25
4|3|O_OBO____B__	3	25
4|3|O_O_BO_____B	3	25
4|3|O_O_B__O_B__	3	25
4|3|O_O__B_O_B__	3	25
4|3|O__BO_O__B__	3	25
4|3|O__B__O_BO__	3	25
4|3|B_O___BO_O__	3	25
4|3|OO_O___B___B	5	24
4|3|_OB_O__B__O_	4	24
4|3|O__OO____BB_	3	24
4|3|B_O_O____O_B	3	24
4|3|BB__O__O__O_	4	23
4|3|B_B_O__O_O__	4	23
4|3|_O__O__O_BB_	4	23
4|3|OB__O_O____B	3	23
4|3|O_O__O___B_B	3	23
4|3|O_O___O__B_B	3	23
4|3|O_BB___O_O__	3	23
4|3|O__B___O_OB_	3	23
4|3|BO_BO_____O_	3	23
4|3|B_O_B__O_O__	3	23
4|3|_O__O_OB__B_	3	23
4|3|OO_____B_OB_	4	22
4|3|O_O___O___BB	4	22
4|3|O_O___BOB___	4	22
4|3|O_O___BO__B_	4	22
4|3|O_O____OB__B	4	22
4|3|O_O____O__BB	4	22
4|3|O_B_O__OB___	4	22
4|3|O__OOB____B_	4	22
4|3|O__B__B__OO_	4	22
4|3|O__B___B_OO_	4	22
4|3|O____O_B_OB_	4	22
4|3|O____BBO_O__	4	22
4|3|O_____BO_OB_	4	22
4|3|O_____B__OOB	4	22
4|3|BO___O_O___B	4	22
4|3|BO_____B_OO_	4	22
4|3|B_O_O__O__B_	4	22
4|3|B_O__O_O__B_	4	22
4|3|O_O_O__B_B__	3	22
4|3|O__O_O____BB	4	21
4|3|OO__B_____OB	3	21
4|3|OBO____B___O	3	21
4|3|OB_O_B____O_	3	21
4|3|O_OB_O____B_	3	21
4|3|O_O___OB_B__	3	21
4|3|O_B__B_O_O__	3	21
4|3|O_B___BO_O__	3	21
4|3|O___O_OB_B__	3	21
4|3|BO____BO__O_	3	21
4|3|O_B__O___O_B	3	20
4|3|O_B__O___B_O	3	20
4|3|BO__O_O____B	3	20
4|3|O_O__O_B_B__	3	19
4|3|O__B_O___OB_	3	19
4|3|BO__O_____OB	3	19
4|3|B_O___OB_O__	3	19
4|3|OOB____B__O_	4	18
4|3|O______BBOO_	4	18
4|3|O_B__O_B_O__	3	18
4|3|O___O_O__B_B	3	18
4|3|B_O_O__B_O__	3	18
4|3|OO_B__B__O__	4	17
4|3|O_O_O___B__B	4	17
4|3|O_O__O____BB	4	17
4|3|O_O___O_B__B	4	17
4|3|O__B_OB__O__	4	17
4|3|O____OB__O_B	4	17
4|3|O______B_OOB	4	17
4|3|BO____OB__O_	4	17
4|3|O_B_BO_____O	3	17
4|3|O_B_B__O_O__	3	17
4|3|O_B__O_B___O	3	17
4|3|O__BB_O__O__	3	17
4|3|O__B_O___BO_	3	17
4|3|O__B_B_O__O_	3	17
4|3|O__B___O_BO_	3	17
4|3|O___B_O__O_B	3	17
4|3|BO_B__O___O_	3	17
4|3|B_O__B_O_O__	3	17
4|3|B___O_OB_O__	3	17
4|3|_OB_B__O_O__	3	17
4|3|OOB_B______O	3	15
4|3|O_B_O____B_O	3	15
4|3|O__BO____BO_	3	15
4|3|O__B_BO___O_	3	15
4|3|O__B__O__BO_	3	15
4|3|OOB____BO___	4	14
4|3|OO_B__B_O___	4	14
4|3|BOO____B__O_	4	14
4|3|OO_B__B___O_	3	14
4|3|OO__B_____BO	3	14
4|3|OBO___B____O	3	14
4|3|OBO____O___B	3	14
4|3|OBB__O_____O	3	14
4|3|OB_O__B____O	3	14
4|3|OB_B___O__O_	3	14
4|3|OB__O_B____O	3	14
4|3|OB__O__B__O_	3	14
4|3|OB__O_____OB	3	14
4|3|OB__B__O__O_	3	14
4|3|OB___OB____O	3	14
4|3|OB___O____BO	3	14
4|3|OB____O_O__B	3	14
4|3|OB____O___OB	3	14
4|3|OB____BO__O_	3	14
4|3|OB_____O__OB	3	14
4|3|O_B__OB____O	3	14
4|3|O_B__O__B__O	3	14
4|3|O__BOB____O_	3	14
4|3|O__BBO____O_	3	14
4|3|O__BB____OO_	3	14
4|3|O__B_OO__B__	3	14
4|3|O__B_OO___B_	3	14
4|3|O___BOB____O	3	14
4|3|O___B__O_OB_	3	14
4|3|O____OBO_B__	3	14
4|3|O____O_B_BO_	3	14
4|3|O____B_O_BO_	3	14
4|3|O_____O__BOB	3	14
4|3|O_____BO_BO_	3	14
4|3|O______O_BOB	3	14
4|3|BO_B__O__O__	3	14
4|3|BO___B_O__O_	3	14
4|3|BO____O__O_B	3	14
4|3|B_O__B_O__O_	3	14
4|3|B__BO_O__O__	3	14
4|3|B____B_O_OO_	3	14
4|3|OOO_B______B	3	13
4|3|O_B_O__B_O__	3	13
4|3|B_O__O_B_O__	3	13
4|3|OO_B__O__B__	3	12
4|3|OBO___O____B	3	12
4|3|OB_O__O___B_	3	12
4|3|OB_B__O___O_	3	12
4|3|OB___O____OB	3	12
4|3|O___B____OOB	3	12
4|3|O____OOB_B__	3	12
4|3|BOO____O___B	3	12
4|3|OO_B_B____O_	3	11
4|3|OO__B_B____O	3	11
4|3|OBB_O______O	3	11
4|3|OB_O__O____B	3	11
4|3|OB_B__O_O___	3	11
4|3|OB__O_____BO	3	11
4|3|OB___OO____B	3	11
4|3|OB___B_O__O_	3	11
4|3|OB____OO___B	3	11
4|3|OB____OBO___	3	11
4|3|OB____OB__O_	3	11
4|3|OB____OB___O	3	11
4|3|OB____BOO___	3	11
4|3|OB____BO___O	3	11
4|3|O_BB_O____O_	3	11
4|3|O_B_OB_____O	3	11
4|3|O_B__O__O__B	3	11
4|3|O_B__O____OB	3	11
4|3|O_B__B_O__O_	3	11
4|3|O_B__B_O___O	3	11
4|3|O__B_OB___O_	3	11
4|3|O__B_OB____O	3	11
4|3|O__B_O_B__O_	3	11
4|3|O___BO____OB	3	11
4|3|O___BB_O__O_	3	11
4|3|O___B_BO_O__	3	11
4|3|O___B__O_BO_	3	11
4|3|O____OO__B_B	3	11
4|3|O_____OO_B_B	3	11
4|3|O_____OB_BO_	3	11
4|3|BO____OO___B	3	11
4|3|BO____OB_O__	3	11
4|3|BO____BO_O__	3	11
4|3|B____OBO_O__	3	11
4|3|B_____BO_OO_	3	11
4|3|_OB_O__B_O__	3	11
4|3|_O__O_BO__B_	3	11
4|3|_O__B_BO_O__	3	11
4|3|O__BO_B__O__	4	10
4|3|O___O_B__O_B	4	10
4|3|O___O__B_OB_	4	10
4|3|BO___O_B__O_	4	10
4|3|OB___O_B__O_	3	9
4|3|O_B__BO____O	3	9
4|3|O___O_BO_B__	3	9
4|3|O___O__B_BO_	3	9
4|3|B___O_BO_O__	3	9
4|3|B____BOO_O__	3	9
4|3|OO_B_O____B_	3	8
4|3|BOO___O____B	3	8
4|3|OOB___B____O	3	7
4|3|OOB____O___B	3	7
4|3|OO_B__B____O	3	7
4|3|OBB___O____O	3	7
4|3|O____BOO_B__	3	7
4|3|B__BO____OO_	3	7
4|3|B____OOB_O__	3	7
4|3|_O__OO_B__B_	3	6