4|3|OP_P_____P_B	4	132
4|3|O_PP____P__B	4	84
4|3|O_PP_____P_B	3	81
4|3|B__P____PPO_	5	63
4|3|OP_P___B__P_	4	50
4|3|O_PP______PB	4	49
4|3|O__PP___B_P_	5	48
4|3|O__P__P__P_B	4	47
4|3|O_P____PP__B	4	40
4|3|B__PP___P_O_	4	40
4|3|O_P_P___B__P	4	39
4|3|BPO______P_P	3	39
4|3|OP_P____P__B	3	38
4|3|OP_P______PB	3	37
4|3|O_P_P____B_P	3	37
4|3|B_P_P____O_P	3	36
4|3|OPB______P_P	3	35
4|3|OP_PP______B	5	31
4|3|OP_P___BP___	4	31
4|3|O_PPP______B	4	31
4|3|B__PP____O_P	4	31
4|3|O____P_PP_B_	5	23
4|3|O_P____P__PB	4	22
4|3|P_B___PO_P__	4	21
4|3|O______PP_PB	4	19
4|3|O____P_P_PB_	4	18
4|3|OP_P__B_P___	3	18
4|3|B______PPPO_	4	16
4|3|PPO____P__B_	4	16
4|3|OP_P__B___P_	3	16
4|3|O___P__PP_B_	5	15
4|3|OPP____PB___	4	15
4|3|OPP____P__B_	4	15
4|3|B___P__PP_O_	3	15
4|3|P_O__P_P__B_	3	15
4|3|O_P_P__PB___	3	14
4|3|O_P__P_P__B_	3	14
4|3|O__PP_P____B	3	14
4|3|P_B___POP___	5	13
4|3|O___P__PB_P_	4	12
4|3|O___P__PB__P	4	12
4|3|P_____PO_PB_	4	12
4|3|B__PP____OP_	3	12
4|3|O___P_P_B__P	4	11
4|3|P_B__P_P__O_	4	11
4|3|O___P__P_PB_	4	10
4|3|PB__P__P_O__	3	9
4|3|O___P__PBP__	3	7
4|3|O___PP_P_B__	3	6
4|3|B___PP_P_O__	3	6