4|3|O_P____H_P_B	7	145
4|3|P_P____B_O_H	6	116
4|3|P_O____B_P_H	6	115
4|3|P_O____H_B_P	5	115
4|3|O_P____B_PH_	5	106
4|3|O_PH___B_P__	6	104
4|3|O_P____H_B_P	5	98
4|3|O__P___B_HP_	6	93
4|3|BO_P___H__P_	5	91
4|3|BO_P______PH	4	90
4|3|P_O_H____B_P	4	90
4|3|O__H___P_P_B	5	87
4|3|O_B____H_P_P	5	86
4|3|O_P______BHP	4	86
4|3|P_O____B_PH_	5	84
4|3|O__PB____HP_	5	82
4|3|BO_PH_____P_	5	82
4|3|BO_H_____P_P	6	79
4|3|O__PH___P_B_	7	78
4|3|BO_H____P__P	6	78
4|3|P_P____H_OB_	5	77
4|3|O_BH_____P_P	5	75
4|3|P__PH____BO_	4	75
4|3|O__P_H___P_B	6	73
4|3|O_P__H___B_P	4	73
4|3|P_P_H__O_B__	5	72
4|3|P_B____O_PH_	6	71
4|3|P_PH___B_O__	4	71
4|3|P_B____P_O_H	5	70
4|3|P__P_H___BO_	5	70
4|3|P_P____H_BO_	5	69
4|3|O_P____B_P_H	4	69
4|3|O__PP____HB_	7	68
4|3|P_O____P_BH_	8	66
4|3|P_O___H__B_P	4	66
4|3|P_O____P_B_H	5	65
4|3|B_O_H____P_P	4	65
4|3|P_B_H__O_P__	4	65
4|3|O__P_H___B_P	5	64
4|3|PO_P______BH	5	64
4|3|P_P_H__O__B_	5	63
4|3|O_PP_____BH_	4	63
4|3|P_O____B__PH	7	61
4|3|P__P_B___O_H	6	61
4|3|OP_P______BH	6	60
4|3|OB_____HP_P_	5	60
4|3|O_PH______BP	5	60
4|3|O_B___H__P_P	4	60
4|3|O_H____B_P_P	4	60
4|3|PO_P__H__B__	5	59
4|3|O__P_____BPH	4	59
4|3|P__PH____OB_	4	59
4|3|O__H_B___P_P	6	58
4|3|O_P____P_BH_	5	58
4|3|OB____H__P_P	4	58
4|3|P_O_H__B_P__	4	58
4|3|P_O____B_H_P	4	58
4|3|P_BH___P__O_	7	57
4|3|O_P____B_HP_	4	57
4|3|O_HP_____BP_	4	57
4|3|OB_____P_HP_	5	56
4|3|O_PH___B__P_	5	56
4|3|B_OH_____P_P	5	56
4|3|B_O____H_P_P	5	56
4|3|PHP____O_B__	5	56
4|3|PH_____P_BO_	5	56
4|3|P__P_H___OB_	5	56
4|3|O_P____B_H_P	4	56
4|3|B_O_H___P__P	4	56
4|3|P__PO_H__B__	4	56
4|3|O_HP___B__P_	6	55
4|3|O_H_B__P__P_	6	55
4|3|P_B_H__O__P_	6	55
4|3|O_PP______BH	5	55
4|3|O_PH_B_____P	5	55
4|3|O_B__H___P_P	4	55
4|3|P_O____B_HP_	4	55
4|3|OP_B__H__P__	5	54
4|3|OP_____B_HP_	5	54
4|3|BO_____HP_P_	5	54
4|3|P_B_H__O___P	5	54
4|3|O_PB__H__P__	4	54
4|3|BO_P_H____P_	4	54
4|3|O_P___H__B_P	3	54
4|3|O_P____B__HP	6	53
4|3|O__PH____PB_	6	53
4|3|O__P__B__HP_	6	53
4|3|OB_P__H__P__	5	53
4|3|O_B____P_PH_	5	53
4|3|P_H____P_OB_	5	53
4|3|P_O____P__BH	7	52
4|3|O_BH___P_P__	5	52
4|3|P_P_O__H_B__	5	52
4|3|PO_____P_BH_	7	51
4|3|O__P_H__P__B	6	51
4|3|O__H___P_B_P	4	51
4|3|O_PB___H__P_	6	50
4|3|OB_PH_____P_	5	49
4|3|BO_P__H__P__	5	49
4|3|P_P_H__B_O__	5	49
4|3|O_B_H____P_P	4	49
4|3|O__P___B_PH_	4	49
4|3|P_PH__B__O__	4	49
4|3|O_H_B___P__P	6	48
4|3|PHB____O_P__	5	48
4|3|O_P_BH_____P	4	48
4|3|PO_PH_____B_	4	48
4|3|PO_H___P_B__	4	48
4|3|OBH_____P__P	5	47
4|3|OB_P___H__P_	5	47
4|3|P_B__H_O_P__	5	47
4|3|_OH_B__P__P_	5	47
4|3|P_B_O__H_P__	6	46
4|3|_OB_P__P__H_	6	46
4|3|OP_B___H__P_	5	46
4|3|OP_P__H___B_	5	46
4|3|OHP____B_P__	5	46
4|3|O_PBH_____P_	5	46
4|3|O_P_B__P__H_	5	46
4|3|BO_H___PP___	5	46
4|3|OB____H_P__P	4	46
4|3|OP_BH_____P_	4	46
4|3|O__PBH____P_	4	46
4|3|O__P_H___BP_	4	46
4|3|BO_P__H_P___	4	46
4|3|OP_P__H__B__	4	45
4|3|O__B_H___P_P	4	45
4|3|PHP____B_O__	4	45
4|3|_O__B__P_HP_	4	45
4|3|PBH____P_O__	7	44
4|3|O__H_B__P__P	6	44
4|3|O__P_B____PH	5	44
4|3|O__H__P__P_B	5	44
4|3|BOHP______P_	4	44
4|3|B_O__H___P_P	4	44
4|3|B_O___H__P_P	4	44
4|3|O_P_B____H_P	3	44
4|3|P_P__O_H_B__	5	43
4|3|_BH_O__P__P_	5	43
4|3|O_P____BPH__	4	43
4|3|O_PP__H__B__	3	43
4|3|OB_P__P__H__	6	42
4|3|O_HPP_____B_	6	42
4|3|PO____H__B_P	6	42
4|3|PB_____P_O_H	6	42
4|3|PH____O__B_P	6	42
4|3|BO_P_H_____P	5	42
4|3|_BP_H__O_P__	5	42
4|3|OP_B__H___P_	4	42
4|3|PO_H__P__B__	4	42
4|3|PH_____BP_O_	4	42
4|3|O_H_B____P_P	3	42
4|3|BO_PH______P	6	41
4|3|O_P____B__PH	5	41
4|3|BOH_____P__P	5	41
4|3|P____O_P_B_H	5	41
4|3|O__B_H__P_P_	4	41
4|3|BO____H_P__P	4	41
4|3|O_P_B____P_H	3	41
4|3|OB_P___P_H__	6	40
4|3|BO_H___P_P__	6	40
4|3|PH_____O_B_P	6	40
4|3|PP_____H_BO_	5	40
4|3|P_P_H__B__O_	5	40
4|3|O_PBH____P__	4	40
4|3|O_P_P__B_H__	4	40
4|3|P__PHB____O_	4	40
4|3|PO_HB______P	6	39
4|3|PO_H______BP	6	39
4|3|P_B__H_O___P	6	39
4|3|P_P____O_HB_	6	39
4|3|PB____H__O_P	5	39
4|3|P_OHB______P	5	39
4|3|P_OH___B__P_	5	39
4|3|P_H_P__B_O__	5	39
4|3|O_P_B__P_H__	4	39
4|3|O__PB__P__H_	4	39
4|3|O__H_P_P_B__	4	39
4|3|PH_PB_____O_	4	39
4|3|O__P__H__B_P	3	39
4|3|BO_P__H___P_	3	39
4|3|P_OH___P_B__	3	39
4|3|PO_____B_PH_	6	38
4|3|PB_P__H__O__	6	38
4|3|OP_B_H_____P	5	38
4|3|O_P__B____HP	5	38
4|3|O__P_H____PB	5	38
4|3|O__P__B__PH_	5	38
4|3|PO_H_B_____P	5	38
4|3|P_B_H__P__O_	5	38
4|3|P_B__O_H_P__	5	38
4|3|P__PH_O__B__	5	38
4|3|OBHP______P_	4	38
4|3|OB_P_H____P_	4	38
4|3|O_PB_H_____P	4	38
4|3|O__B__H__P_P	4	38
4|3|P_OH_B_____P	4	38
4|3|P_O_P__B_H__	4	38
4|3|_B__O__P_HP_	4	38
4|3|_B__P__O_HP_	4	38
4|3|O_PH___P_B__	3	38
4|3|P_O__B___H_P	3	38
4|3|O_HP_B____P_	5	37
4|3|O_H_P__B_P__	5	37
4|3|B_OP_____HP_	5	37
4|3|B_O_P_____HP	5	37
4|3|B_O__H__P__P	5	37
4|3|B_O____P_PH_	5	37
4|3|P_P__H_O__B_	5	37
4|3|P__PO_H___B_	5	37
4|3|O_P__P_B_H__	4	37
4|3|PB_PH_____O_	4	37
4|3|P_O___PH_B__	4	37
4|3|P_OH__P__B__	3	37
4|3|PBO____H_P__	5	36
4|3|O_H_B__P___P	4	36
4|3|O_H__P_P_B__	4	36
4|3|BO____H__P_P	4	36
4|3|P_B_H__OP___	4	36
4|3|O_P____P_B_H	3	36
4|3|P_B____O_HP_	6	35
4|3|_O__P__P_BH_	6	35
4|3|O_B__H__P__P	5	35
4|3|B_OH___P_P__	5	35
4|3|PB__H__O__P_	5	35
4|3|PH__B__P__O_	5	35
4|3|P__PO____BH_	5	35
4|3|P__P_B____OH	5	35
4|3|_B__H__O_PP_	5	35
4|3|OB___H___P_P	4	35
4|3|O_PPB_____H_	4	35
4|3|O_PP__H___B_	4	35
4|3|O__HP__P_B__	4	35
4|3|BOPH_______P	4	35
4|3|P_H__O_P_B__	4	35
4|3|_O__BP_P__H_	4	35
4|3|_O__P__B_HP_	4	35
4|3|_B__O_PP__H_	4	35
4|3|O_PB_H____P_	3	35
4|3|P_B__H_OP___	6	34
4|3|P____O_P_BH_	6	34
4|3|O__H_B_P___P	5	34
4|3|O__H_P_P___B	5	34
4|3|BO__H____P_P	5	34
4|3|OB_P__H_P___	4	34
4|3|O_P__B_P___H	4	34
4|3|O_H__P_B_P__	4	34
4|3|PO_H___B__P_	4	34
4|3|PP__H__O__B_	4	34
4|3|PH_P___B__O_	4	34
4|3|P_O__P_B_H__	4	34
4|3|P_H_B__P_O__	4	34
4|3|P__PB_H__O__	4	34
4|3|P__PHO____B_	4	34
4|3|_O__B__P_PH_	4	34
4|3|_PH_O__B__P_	4	34
4|3|_PH_B__O__P_	4	34
4|3|O_PH__P__B__	3	34
4|3|OB__H____P_P	5	33
4|3|OHP_B______P	5	33
4|3|O__BH____P_P	5	33
4|3|O____BH__P_P	5	33
4|3|PO_PH____B__	5	33
4|3|P_BH___P_O__	5	33
4|3|P__PB____OH_	5	33
4|3|P___O__P_B_H	5	33
4|3|P_____OB_PH_	5	33
4|3|O_H_B__P_P__	4	33
4|3|O__H__P__B_P	4	33
4|3|B_O_P__P_H__	4	33
4|3|PPH____B_O__	4	33
4|3|P_B__P_O_H__	4	33
4|3|P__P_OH__B__	4	33
4|3|_OB_H__P__P_	4	33
4|3|O_P___HP_B__	3	33
4|3|P_O___B__H_P	3	33
4|3|P_PHB____O__	3	33
4|3|P_PH_O___B__	3	33
4|3|OB_P_H__P___	5	32
4|3|BO_H______PP	5	32
4|3|P_B__H_O__P_	5	32
4|3|P_B___OH_P__	5	32
4|3|P__P_O___BH_	5	32
4|3|P__P_O___HB_	5	32
4|3|O_PP_H___B__	4	32
4|3|O_PH___P__B_	4	32
4|3|O_P__B___P_H	4	32
4|3|O_P___B__H_P	4	32
4|3|O__P_B___PH_	4	32
4|3|BO_PP____H__	4	32
4|3|BO_P___P___H	4	32
4|3|P_O___HP_B__	4	32
4|3|P_PH_B____O_	3	32
4|3|P___O__P_BH_	8	31
4|3|OPH____P__B_	6	31
4|3|POB____P__H_	6	31
4|3|P__PO_____BH	6	31
4|3|O__P_B_P__H_	5	31
4|3|POB____H_P__	5	31
4|3|O__H_B_P__P_	4	31
4|3|P_H__P_B_O__	4	31
4|3|P___O_PH_B__	4	31
4|3|_O__B_PP__H_	4	31
4|3|O_PB_H___P__	3	31
4|3|O__PB____PH_	3	31
4|3|OP_BH______P	6	30
4|3|OB_PH____P__	5	30
4|3|O_PBH______P	5	30
4|3|O___P__B_PH_	5	30
4|3|P__P_O____BH	5	30
4|3|OB_P_H___P__	4	30
4|3|O_BP__H__P__	4	30
4|3|O_B___HP_P__	4	30
4|3|O_PH__P___B_	4	30
4|3|O____P_B_PH_	4	30
4|3|P_O_H__P__B_	4	30
4|3|P__PH_B___O_	4	30
4|3|_B__OP_P__H_	4	30
4|3|BO_H___P__P_	3	30
4|3|P__H__OP_B__	6	29
4|3|OP_B__H_P___	5	29
4|3|O_PB_H__P___	5	29
4|3|O_H__B_P___P	5	29
4|3|O_H__P_P__B_	5	29
4|3|O____B_P_PH_	5	29
4|3|O____P_B_P_H	5	29
4|3|P_B__O_P__H_	5	29
4|3|P_B__P_O__H_	5	29
4|3|P____H_O_PB_	5	29
4|3|P_____OB_P_H	5	29
4|3|OP_P_H___B__	4	29
4|3|O_H___PB_P__	4	29
4|3|OB_P__H___P_	3	29
4|3|OP_B_H____P_	3	29
4|3|B_O_P____H_P	3	29
4|3|B_O____P_P_H	3	29
4|3|P_PHO____B__	3	29
4|3|OP_PB____H__	6	28
4|3|OP_PB______H	6	28
4|3|OB_H___PP___	5	28
4|3|O_PPB____H__	5	28
4|3|O_PPB______H	5	28
4|3|O___P__B_P_H	5	28
4|3|BOH____P__P_	5	28
4|3|P______P_BOH	5	28
4|3|_O__P__B_PH_	5	28
4|3|O_P___PH_B__	4	28
4|3|O__BP_P__H__	4	28
4|3|O__P_B____HP	4	28
4|3|O____P_B_HP_	4	28
4|3|BO__H__P__P_	4	28
4|3|BO___P_P__H_	4	28
4|3|PO_P__H___B_	4	28
4|3|P_B_HO_____P	4	28
4|3|P_B___PH_O__	4	28
4|3|P_H___PB_O__	4	28
4|3|P__P_BH__O__	4	28
4|3|O_H__P___B_P	3	28
4|3|P_PH_B___O__	3	28
4|3|_B__O_HP__P_	3	28
4|3|OB____P__H_P	5	27
4|3|OP____H__B_P	5	27
4|3|O_B_P_____HP	5	27
4|3|O_H_B_____PP	5	27
4|3|PP_____H_OB_	5	27
4|3|PH_P__O__B__	5	27
4|3|O_B_P__P_H__	4	27
4|3|O_B___PH_P__	4	27
4|3|O_PH_B____P_	4	27
4|3|O___BP_P__H_	4	27
4|3|O___BP_P___H	4	27
4|3|O_____PB_PH_	4	27
4|3|BOP__H_____P	4	27
4|3|B_OP_H____P_	4	27
4|3|PP_H___B__O_	4	27
4|3|PP__H__B__O_	4	27
4|3|P_H_O__P_B__	4	27
4|3|P_H__B_P_O__	4	27
4|3|P___HP_O__B_	4	27
4|3|P_____PH_BO_	4	27
4|3|P_B__O___H_P	3	27
4|3|OB____PP_H__	6	26
4|3|PH____OP_B__	6	26
4|3|PH____PO_B__	6	26
4|3|P_____OP_B_H	6	26
4|3|B_OPH_____P_	5	26
4|3|P______P_OBH	5	26
4|3|OB_P_P___H__	4	26
4|3|O_HP_P____B_	4	26
4|3|B_O__P_P___H	4	26
4|3|PH__P__B__O_	4	26
4|3|PH___O___B_P	4	26
4|3|_OB_P__H__P_	4	26
4|3|_B__O_PH__P_	4	26
4|3|O__P__H__BP_	3	26
4|3|OBH____P__P_	5	25
4|3|OB_P_H_____P	5	25
4|3|BO_H___P___P	5	25
4|3|P_____BO_PH_	5	25
4|3|OB__H__P__P_	4	25
4|3|O_P__B__P__H	4	25
4|3|O_P____P__BH	4	25
4|3|O_HP__B__P__	4	25
4|3|O_HP___B_P__	4	25
4|3|O_____PB_P_H	4	25
4|3|BO_P_P___H__	4	25
4|3|BO_P__P____H	4	25
4|3|PO_____B_HP_	4	25
4|3|PBO_H______P	4	25
4|3|PH__B____O_P	4	25
4|3|P_OHB_____P_	4	25
4|3|P_B_P__O_H__	4	25
4|3|P_B___HP_O__	4	25
4|3|P_____PH_OB_	4	25
4|3|_O__B_PH__P_	4	25
4|3|O_B____P_P_H	3	25
4|3|O_P___P__B_H	3	25
4|3|P__H_B_P__O_	3	25
4|3|P__H___P_BO_	3	25
4|3|OB_____P_PH_	5	24
4|3|O_PB__H_P___	5	24
4|3|O_P___PB_H__	5	24
4|3|PPH____O__B_	5	24
4|3|PH_____P_OB_	5	24
4|3|_B__O_PP_H__	5	24
4|3|_B__P_OP_H__	5	24
4|3|_B__P_PO_H__	5	24
4|3|O_P___HP__B_	4	24
4|3|O_P___H___BP	4	24
4|3|O___B_PP__H_	4	24
4|3|O___P__B_HP_	4	24
4|3|O_____B_HP_P	4	24
4|3|_P__P_OB__H_	4	24
4|3|OP_PB_____H_	3	24
4|3|O__P__HP_B__	3	24
4|3|BO_P__P___H_	3	24
4|3|PO_HB_____P_	3	24
4|3|P_O_H__P_B__	3	24
4|3|P__HO_P__B__	3	24
4|3|P_P___OH_B__	6	23
4|3|OBP____P_H__	5	23
4|3|PP_____O_HB_	5	23
4|3|PHO____P_B__	5	23
4|3|PH_____O_BP_	5	23
4|3|P__H_P_B__O_	5	23
4|3|OB_PP____H__	4	23
4|3|OB____PHP___	4	23
4|3|O_P_P__H_B__	4	23
4|3|B_OP__H__P__	4	23
4|3|POB_H______P	4	23
4|3|PH__O____B_P	4	23
4|3|P_OH___P__B_	4	23
4|3|O_B__P___H_P	3	23
4|3|O_B___P__P_H	3	23
4|3|O_H___P__B_P	3	23
4|3|O__B_P___HP_	3	23
4|3|O__B_H___PP_	3	23
4|3|BO_P_P____H_	3	23
4|3|BO_P__H____P	3	23
4|3|BO_____P__PH	3	23
4|3|P__H_O_P__B_	3	23
4|3|P_H___OP_B__	7	22
4|3|OBH____P_P__	5	22
4|3|O__H_B____PP	5	22
4|3|O___B_PP_H__	5	22
4|3|O___P_PB_H__	5	22
4|3|O____B__P_PH	5	22
4|3|O_____B_P_PH	5	22
4|3|O______BP_PH	5	22
4|3|B_OPH______P	5	22
4|3|PHB____P_O__	5	22
4|3|_O__B_PP_H__	5	22
4|3|OBPH_______P	4	22
4|3|OBP__H_____P	4	22
4|3|OBP_______HP	4	22
4|3|OB___P_P__H_	4	22
4|3|OB___P_P___H	4	22
4|3|OP_BP____H__	4	22
4|3|OP_B_P___H__	4	22
4|3|O_BP_H____P_	4	22
4|3|O_B__P_P__H_	4	22
4|3|O_B__P_P___H	4	22
4|3|O__BP_P___H_	4	22
4|3|O__B_P_P__H_	4	22
4|3|O__B_P_P___H	4	22
4|3|O___BH___P_P	4	22
4|3|O___B_H__P_P	4	22
4|3|O____P_P_BH_	4	22
4|3|O____P_P_B_H	4	22
4|3|BO___P_P___H	4	22
4|3|BO___H___P_P	4	22
4|3|B_O__P_P__H_	4	22
4|3|PP_HB_____O_	4	22
4|3|P_H__O_P__B_	4	22
4|3|P_H__P_O__B_	4	22
4|3|O_P__H_P_B__	3	22
4|3|O__PP_H__B__	3	22
4|3|O__P_PH__B__	3	22
4|3|O__P_P___BH_	3	22
4|3|B_O_H__P_P__	3	22
4|3|P_____OP_BH_	7	21
4|3|OP_P_B_____H	6	21
4|3|O_PP_B_____H	5	21
4|3|BOP_H______P	5	21
4|3|_O__PP_B__H_	5	21
4|3|_O__P_PB__H_	5	21
4|3|_B__HP_O__P_	5	21
4|3|_B__H_OP__P_	5	21
4|3|O_P__P_H_B__	4	21
4|3|O_HP__P___B_	4	21
4|3|O__P_B__P_H_	4	21
4|3|O__P_P____HB	4	21
4|3|BO__P__H__P_	4	21
4|3|BO____PHP___	4	21
4|3|B_OPH____P__	4	21
4|3|B_O_P__H_P__	4	21
4|3|P_O_P__H_B__	4	21
4|3|P__P_OH___B_	4	21
4|3|P____OPH_B__	4	21
4|3|OP_HB_____P_	3	21
4|3|OH_PB_____P_	3	21
4|3|O_PBP____H__	3	21
4|3|O_PB_P___H__	3	21
4|3|O_HPB____P__	3	21
4|3|O_H_BP_____P	3	21
4|3|O__PBP____H_	3	21
4|3|O__H__PP_B__	3	21
4|3|O__H___P_BP_	3	21
4|3|P_OH_B____P_	3	21
4|3|P_B_H__P_O__	3	21
4|3|P_PH_O____B_	3	21
4|3|P_P___OB_H__	3	21
4|3|P_P___BO_H__	3	21
4|3|_O__B_HP__P_	3	21
4|3|_B__P_OP__H_	6	20
4|3|_B__PO_P__H_	5	20
4|3|OB__P__P___H	4	20
4|3|OPH____B_P__	4	20
4|3|O_B_P__H_P__	4	20
4|3|O_P__BH____P	4	20
4|3|O_P__B____PH	4	20
4|3|O__P_BH___P_	4	20
4|3|O__P_BH____P	4	20
4|3|O__P_HP__B__	4	20
4|3|O___P_B__H_P	4	20
4|3|BOH_______PP	4	20
4|3|BO__P__P___H	4	20
4|3|B_O_PH_____P	4	20
4|3|B_O__H____PP	4	20
4|3|B_O___HP_P__	4	20
4|3|PH__P__O__B_	4	20
4|3|PH___P_O__B_	4	20
4|3|P_O__P_H_B__	4	20
4|3|P__P_BH___O_	4	20
4|3|P__HO_P___B_	4	20
4|3|P___O_HP_B__	4	20
4|3|P____P_O_HB_	4	20
4|3|_OB_P__P_H__	4	20
4|3|_B__O__P_PH_	4	20
4|3|BO____HP__P_	3	20
4|3|BO____H___PP	3	20
4|3|B_O__P___H_P	3	20
4|3|B_O__P____HP	3	20
4|3|B_O___P__P_H	3	20
4|3|PH_P_B____O_	3	20
4|3|P_B___O__H_P	3	20
4|3|P___P_OB_H__	3	20
4|3|OBH_______PP	4	19
4|3|OB_P___P___H	4	19
4|3|OB____HPP___	4	19
4|3|OP_B__H____P	4	19
4|3|OP_B___P___H	4	19
4|3|OP___H___B_P	4	19
4|3|O_B_PH_____P	4	19
4|3|O_B__H____PP	4	19
4|3|O_HP_B_____P	4	19
4|3|O__BH____PP_	4	19
4|3|O___B_P__H_P	4	19
4|3|O___B__PP_H_	4	19
4|3|O___B__P_PH_	4	19
4|3|O___B__P_HP_	4	19
4|3|O___B__P__HP	4	19
4|3|O____HP__B_P	4	19
4|3|O____H_P_B_P	4	19
4|3|O_____B_PH_P	4	19
4|3|O______BPHP_	4	19
4|3|PPH____B__O_	4	19
4|3|PHP____B__O_	4	19
4|3|P_H__B_P__O_	4	19
4|3|P___H__O_PB_	4	19
4|3|P____H_P_BO_	4	19
4|3|P_____HP_BO_	4	19
4|3|OB_P__H____P	3	19
4|3|OB_H___P__P_	3	19
4|3|OB____H___PP	3	19
4|3|O_B_P____H_P	3	19
4|3|O__BP____HP_	3	19
4|3|BO_H__P___P_	3	19
4|3|BO____P___PH	3	19
4|3|P__H__P__BO_	3	19
4|3|P___H_OB_P__	3	19
4|3|_P__H_OB_P__	3	19
4|3|O_____PBPH__	5	18
4|3|O_____PB_HP_	5	18
4|3|O_____PB_H_P	5	18
4|3|O_PB__P___H_	4	18
4|3|P_OH__P___B_	4	18
4|3|_O__P__P_HB_	4	18
4|3|_BP_O__P_H__	4	18
4|3|_BP_P__O_H__	4	18
4|3|_BH_O__P_P__	4	18
4|3|_B__HO_P__P_	4	18
4|3|_P__BO_P__H_	4	18
4|3|OB____P_P__H	3	18
4|3|OB____P__P_H	3	18
4|3|OB____HP__P_	3	18
4|3|OB_____P__PH	3	18
4|3|O_B_H__P_P__	3	18
4|3|O_HP_P___B__	3	18
4|3|O_HP__P__B__	3	18
4|3|O__P__P__BH_	3	18
4|3|O____PH__B_P	3	18
4|3|O_____HP_B_P	3	18
4|3|PO_H_B____P_	3	18
4|3|PH_P__B___O_	3	18
4|3|P___HO_P__B_	3	18
4|3|_OB_H__P_P__	3	18
4|3|B_OP_H_____P	5	17
4|3|POB__H_____P	5	17
4|3|P_B__HO____P	5	17
4|3|OB__P__H__P_	4	17
4|3|OP__B__P__H_	4	17
4|3|OP_____B_PH_	4	17
4|3|OH__B__P__P_	4	17
4|3|O_B__P_H___P	4	17
4|3|O_B__H_P___P	4	17
4|3|O_P___P___BH	4	17
4|3|O__B_P_H__P_	4	17
4|3|O____BP__P_H	4	17
4|3|O____B___PHP	4	17
4|3|O_____BP_P_H	4	17
4|3|O_____B__PHP	4	17
4|3|O______B_PHP	4	17
4|3|BO____PH__P_	4	17
4|3|BO____HPP___	4	17
4|3|BPO_H______P	4	17
4|3|B_O_HP_____P	4	17
4|3|B_O__P_H___P	4	17
4|3|B_O__H_P___P	4	17
4|3|B_O___PH_P__	4	17
4|3|P_B_P__H_O__	4	17
4|3|P____HOB_P__	4	17
4|3|P____HBO_P__	4	17
4|3|P____H_P_OB_	4	17
4|3|P_____HP_OB_	4	17
4|3|HPP____B_O__	4	17
4|3|_OB_P__H_P__	4	17
4|3|_OP_B__P_H__	4	17
4|3|_OH_B__P_P__	4	17
4|3|_P__P_BO__H_	4	17
4|3|OB_P_P____H_	3	17
4|3|O_B__P____HP	3	17
4|3|O__BPH____P_	3	17
4|3|O__B__P__PH_	3	17
4|3|O__B__P__P_H	3	17
4|3|O___B_P__P_H	3	17
4|3|BO____P_P__H	3	17
4|3|P_P_O__B_H__	3	17
4|3|P_H___OB_P__	3	17
4|3|P__HB_P__O__	3	17
4|3|P__H__P__OB_	3	17
4|3|P__H___P_OB_	3	17
4|3|_P__O_PB__H_	3	17
4|3|P____O_B_PH_	5	16
4|3|P____O_B_P_H	5	16
4|3|PH___P_B__O_	4	16
4|3|P___H_OP_B__	4	16
4|3|_B__H_OP_P__	4	16
4|3|OB____P___PH	3	16
4|3|OP_B__P___H_	3	16
4|3|O__B_H_P__P_	3	16
4|3|BO____P___HP	3	16
4|3|PO_H__P___B_	3	16
4|3|PO_H___P__B_	3	16
4|3|PH_P_O____B_	3	16
4|3|P_H___BO_P__	3	16
4|3|P__H_OP__B__	3	16
4|3|P__H_O___BP_	3	16
4|3|P___P_BO_H__	3	16
4|3|BO_H__P____P	5	15
4|3|_B__H_PO__P_	5	15
4|3|OB_P__P____H	4	15
4|3|OB____PH__P_	4	15
4|3|OH___P___B_P	4	15
4|3|O_B_HP_____P	4	15
4|3|O_B__P_H_P__	4	15
4|3|O_PBH___P___	4	15
4|3|O_H__P____BP	4	15
4|3|O__BHP____P_	4	15
4|3|O____PB__H_P	4	15
4|3|PB_P_O___H__	4	15
4|3|P____OHP_B__	4	15
4|3|P____P_H_BO_	4	15
4|3|HPP____B__O_	4	15
4|3|O_B__H_P_P__	3	15
4|3|O__B_P___PH_	3	15
4|3|O__B_HP__P__	3	15
4|3|P_P__O_B_H__	3	15
4|3|P__H_BP__O__	3	15
4|3|P__H_B___OP_	3	15
4|3|_O__P_PH__B_	3	15
4|3|_P__B_PO__H_	3	15
4|3|O__H_BP____P	5	14
4|3|O_P__BP____H	4	14
4|3|O__P_BP___H_	4	14
4|3|O___P__P_B_H	4	14
4|3|BPO__H_____P	4	14
4|3|P_B__P_H_O__	4	14
4|3|OB_P__P___H_	3	14
4|3|_P__OP_B__H_	3	14
4|3|OP_B__P____H	4	13
4|3|O_PB_P____H_	4	13
4|3|P____P_H_OB_	4	13
4|3|_O__BP_H__P_	4	13
4|3|OB_H__P___P_	3	13
4|3|O__H__P__BP_	3	13
4|3|O_____H__BPP	3	13
4|3|BOP___H____P	3	13
4|3|BOP____P___H	3	13
4|3|B_OP_P____H_	3	13
4|3|PP_H__B___O_	3	13
4|3|_P__BP_O__H_	3	13
4|3|P___O__B_PH_	5	12
4|3|P___O__B_P_H	5	12
4|3|OPB_H______P	4	12
4|3|OPB__H_____P	4	12
4|3|OH__P____B_P	4	12
4|3|O_H__BP____P	4	12
4|3|O_H___P___BP	4	12
4|3|O__H_BP___P_	4	12
4|3|O___PH___B_P	4	12
4|3|O____B___HPP	4	12
4|3|O_____B__HPP	4	12
4|3|O______B_HPP	4	12
4|3|PB_PO____H__	4	12
4|3|P___P__O_HB_	4	12
4|3|_B__OP_H__P_	4	12
4|3|OPH_B______P	3	12
4|3|OP_B_P____H_	3	12
4|3|OP_H__P__B__	3	12
4|3|O__B_HP___P_	3	12
4|3|O___P_PH_B__	3	12
4|3|O___P_H__B_P	3	12
4|3|BO___P____HP	3	12
4|3|PH_P__O___B_	3	12
4|3|P_H_O__B_P__	3	12
4|3|P__HO____BP_	3	12
4|3|P__H_BP___O_	3	12
4|3|P____POB_H__	3	12
4|3|_B__P_OH__P_	5	11
4|3|O____B___PPH	4	11
4|3|O_____B__PPH	4	11
4|3|O______B_PPH	4	11
4|3|BO___P_H__P_	4	11
4|3|B_O__P_H_P__	4	11
4|3|_B__PO_H__P_	4	11
4|3|OBP___H____P	3	11
4|3|OBP____P___H	3	11
4|3|OBH__P_____P	3	11
4|3|OB__P_H____P	3	11
4|3|OB___PH____P	3	11
4|3|OB___P____HP	3	11
4|3|OB___H_P__P_	3	11
4|3|OB____PP___H	3	11
4|3|OB____P___HP	3	11
4|3|OB____HP___P	3	11
4|3|OP__B_____HP	3	11
4|3|O_BP_P____H_	3	11
4|3|O_B__PH____P	3	11
4|3|O_B__H_P__P_	3	11
4|3|O__BH_P__P__	3	11
4|3|O__B_PP___H_	3	11
4|3|O__B_PH___P_	3	11
4|3|O__B_PH____P	3	11
4|3|O__B_P__P_H_	3	11
4|3|O__B_P____HP	3	11
4|3|O___BPH____P	3	11
4|3|O___BP____HP	3	11
4|3|O___BH_P__P_	3	11
4|3|O___B____PHP	3	11
4|3|O____PHP_B__	3	11
4|3|O____P___BHP	3	11
4|3|O____H_P_BP_	3	11
4|3|O_____PP_B_H	3	11
4|3|O_____P__BPH	3	11
4|3|O_____P__BHP	3	11
4|3|O_____HP_BP_	3	11
4|3|O______P_BPH	3	11
4|3|BOH__P_____P	3	11
4|3|BO__P_H____P	3	11
4|3|BO___PH____P	3	11
4|3|BO___H_P__P_	3	11
4|3|BO____PP___H	3	11
4|3|BO____P__P_H	3	11
4|3|BO____HP___P	3	11
4|3|B_O__PH____P	3	11
4|3|B_O__H_P_P__	3	11
4|3|B_O__H_P__P_	3	11
4|3|PO__H__P__B_	3	11
4|3|PB__H__P__O_	3	11
4|3|PP_H_B____O_	3	11
4|3|PP_H__O___B_	3	11
4|3|PH__O__B__P_	3	11
4|3|PH__B__O__P_	3	11
4|3|PH____OBP___	3	11
4|3|PH____OB__P_	3	11
4|3|PH____BOP___	3	11
4|3|PH____BO__P_	3	11
4|3|P_H_OB_____P	3	11
4|3|P_H_BO_____P	3	11
4|3|P_H_B__O_P__	3	11
4|3|P_H__O_B___P	3	11
4|3|P_H__B_O___P	3	11
4|3|P__HOB____P_	3	11
4|3|P__HBO____P_	3	11
4|3|P__HB____OP_	3	11
4|3|P__H_OP___B_	3	11
4|3|P__H_O_B__P_	3	11
4|3|P__H_B_O__P_	3	11
4|3|P___H_BO_P__	3	11
4|3|P___H__P_OB_	3	11
4|3|P___H__P_BO_	3	11
4|3|P____O_B_HP_	3	11
4|3|P____B_O_HP_	3	11
4|3|P____PBO_H__	3	11
4|3|P_____OB_HP_	3	11
4|3|P_____BO_HP_	3	11
4|3|_O__BH_P__P_	3	11
4|3|_O__P_HP__B_	3	11
4|3|_O__H__P_PB_	3	11
4|3|_B__OH_P__P_	3	11
4|3|_PH_O__B_P__	3	11
4|3|_PH_B__O_P__	3	11
4|3|_P__H_BO_P__	3	11
4|3|OP_H_B_____P	5	10
4|3|O____PPB_H__	5	10
4|3|OB___P_H__P_	4	10
4|3|OPH__B_____P	4	10
4|3|OP_H_B____P_	4	10
4|3|OP_H___P___B	4	10
4|3|O_B__HP____P	4	10
4|3|O____H___BPP	4	10
4|3|O_____B_PP_H	4	10
4|3|O______BPPH_	4	10
4|3|O______BHPP_	4	10
4|3|B_OPH___P___	4	10
4|3|B_OP_H___P__	4	10
4|3|B_O__HP____P	4	10
4|3|P___P__H_BO_	4	10
4|3|P___H_PO_B__	4	10
4|3|P___H_PO__B_	4	10
4|3|_B__H_PO_P__	4	10
4|3|BOP___P____H	3	10
4|3|P_H__O_B_P__	3	10
4|3|_O__HP_P__B_	3	10
4|3|P___P_OH_B__	5	9
4|3|OP_H__P____B	4	9
4|3|P___P__H_OB_	4	9
4|3|_P__B_OP__H_	4	9
4|3|B_OP_H__P___	5	8
4|3|P___O_PB_H__	4	8
4|3|_P__PO_B__H_	4	8
4|3|PP_H_O____B_	3	8
4|3|OBP___P____H	3	7
4|3|OBH___P____P	3	7
4|3|O___B____PPH	3	7
4|3|O___B____HPP	3	7
4|3|O___P_HP_B__	3	7
4|3|O____PPH_B__	3	7
4|3|O____HPP_B__	3	7
4|3|BOH___P____P	3	7
4|3|POH_B______P	3	7
4|3|POH__B_____P	3	7
4|3|PH___O_B__P_	3	7
4|3|P_H__BO____P	3	7
4|3|P__H_BO___P_	3	7
4|3|P___O__B_HP_	3	7
4|3|_O__H_PP__B_	3	7
4|3|_O__PP_H__B_	3	5