4|3|O_O____B_H_O	6	135
4|3|O_O____B_O_H	6	117
4|3|O_O__B___H_O	5	117
4|3|O_O_B____H_O	5	114
4|3|O__OB___H_O_	5	102
4|3|O_O_B___H__O	5	101
4|3|O_O___B__H_O	4	99
4|3|O_O___B__O_H	5	98
4|3|O_OB___H_O__	5	94
4|3|O_O____H_O_B	5	90
4|3|OBH______O_O	5	86
4|3|O_O__B__H__O	5	86
4|3|O_H__B__O__O	6	82
4|3|O_O____O_H_B	5	81
4|3|O_OHB_____O_	5	79
4|3|O_O__B__O__H	5	77
4|3|OO_O__B__H__	5	74
4|3|OO_O_____BH_	5	73
4|3|OO_O_____HB_	5	73
4|3|O_O____O_HB_	6	71
4|3|O_HB___O_O__	7	70
4|3|O_H____O_OB_	6	70
4|3|OO_OB_____H_	4	69
4|3|OO_HB_____O_	4	69
4|3|OO_H_____OB_	5	66
4|3|O_H___B_O__O	6	62
4|3|O__O_B__O__H	6	62
4|3|O_O___B_H__O	6	61
4|3|OO_H__B__O__	6	60
4|3|OBO_____H__O	5	59
4|3|O__OB____OH_	4	59
4|3|OO_O______HB	6	57
4|3|OBO____O_H__	5	56
4|3|O__O_B___OH_	5	56
4|3|O__OH____BO_	6	55
4|3|O_O___B_O__H	6	53
4|3|OO_H______BO	5	53
4|3|OO_H_B_____O	5	52
4|3|OO_HB______O	6	51
4|3|OO_H__B___O_	5	51
4|3|OBH_____O__O	5	51
4|3|O__OO____BH_	5	51
4|3|O_O_B__O_H__	4	51
4|3|O__H___O_O_B	4	51
4|3|_OB_O__H__O_	5	50
4|3|O_O___BO_H__	4	50
4|3|H_O_B__O_O__	4	50
4|3|O_O____H__OB	6	49
4|3|OH_OB_____O_	5	49
4|3|OBH____O_O__	6	48
4|3|OO_O______BH	5	47
4|3|_OB_H__O__O_	5	47
4|3|O__HB____OO_	4	47
4|3|O__H_B___OO_	4	47
4|3|O__H___O_OB_	6	46
4|3|O_O____O__HB	6	45
4|3|O_H____O__OB	6	45
4|3|OO_O_B___H__	5	45
4|3|OO_O_B____H_	5	45
4|3|O_O_____O_BH	5	45
4|3|OO_H_B____O_	4	45
4|3|O__H__O__OB_	5	43
4|3|OO____B__H_O	6	42
4|3|OB____O__H_O	6	42
4|3|O_HB___O__O_	6	42
4|3|OO_H_B__O___	5	41
4|3|O_O___OB_H__	5	41
4|3|OB____O__O_H	6	40
4|3|OB_____O_H_O	6	40
4|3|O____O_O_HB_	6	39
4|3|O____O_O_H_B	6	39
4|3|O_H___BO_O__	5	39
4|3|O____O_H_OB_	5	39
4|3|OB_____O_O_H	6	38
4|3|OH_O__B__O__	6	38
4|3|_OB_O__O__H_	6	37
4|3|O_H_B__O__O_	5	37
4|3|O_O_BO_____H	4	37
4|3|O___O__H_OB_	6	36
4|3|_O__O__O_BH_	5	36
4|3|O_B_O__O_H__	7	35
4|3|O___O__O_H_B	6	35
4|3|H_O_B__O__O_	5	35
4|3|O__H__O__O_B	4	35
4|3|OO_H__B_O___	6	34
4|3|O_O_O_____BH	6	34
4|3|O__H_O_O___B	5	34
4|3|O__OBO____H_	4	34
4|3|O__B___O_O_H	4	34
4|3|O_OH__B_O___	6	33
4|3|O____O_H_O_B	6	33
4|3|OBO_H______O	5	33
4|3|OH__B____O_O	5	33
4|3|O_O___BO__H_	5	33
4|3|O__OOB____H_	5	33
4|3|OO____B__O_H	6	32
4|3|O___O__H_O_B	6	32
4|3|OO___B___H_O	5	32
4|3|O_H_OB_____O	5	32
4|3|O__O_O___BH_	5	32
4|3|O__O_O___HB_	5	32
4|3|O_____OO_H_B	5	32
4|3|O__HOB____O_	4	32
4|3|O_OB___HO___	6	31
4|3|O______OH_OB	6	31
4|3|O_H___OB_O__	5	31
4|3|O___O__O_HB_	7	30
4|3|OO__B____H_O	5	30
4|3|OBH_O______O	5	30
4|3|OH_OB____O__	5	30
4|3|O_H___BO__O_	5	30
4|3|O__H__BO_O__	5	30
4|3|O__H__B__OO_	5	30
4|3|O__H_B_O__O_	4	30
4|3|O_B___OO_H__	6	29
4|3|OH_O_B___O__	5	29
4|3|O_H__O_O__B_	5	29
4|3|O_H__B_O___O	5	29
4|3|O_____OH_O_B	5	29
4|3|H_O__O_O__B_	5	29
4|3|O_BH_____OO_	4	29
4|3|O_____BO_O_H	5	28
4|3|O______O_HOB	5	28
4|3|O_H_BO_____O	4	28
4|3|O_H__B_O_O__	4	28
4|3|O__B__O__O_H	4	28
4|3|O__H_BO__O__	4	28
4|3|O__H_B_O_O__	4	28
4|3|O_____OO_HB_	6	27
4|3|OB_O__O__H__	5	27
4|3|O_O_O__B_H__	5	27
4|3|O__O_O____BH	5	27
4|3|OB____OO_H__	6	26
4|3|O__OO_____BH	6	26
4|3|O_O__O_B_H__	5	26
4|3|OOBH______O_	4	26
4|3|OB___O___H_O	4	26
4|3|OO_____H_OB_	5	25
4|3|O_O__O____BH	5	25
4|3|O_BHO_____O_	5	25
4|3|O_H_O__B_O__	5	25
4|3|O__HOB_____O	5	25
4|3|OO_HO____B__	4	25
4|3|OH__B__O__O_	4	25
4|3|O_B_O__H_O__	4	25
4|3|OOB____O__H_	5	24
4|3|O__H_O___OB_	5	24
4|3|OB___O___O_H	4	24
4|3|O__HBO____O_	4	24
4|3|_O__OO_H__B_	4	24
4|3|OO_H__B____O	5	23
4|3|OO_H___O___B	5	23
4|3|OB_____O_HO_	5	23
4|3|O__HO_B__O__	5	23
4|3|OOB_____O__H	5	22
4|3|O__H_B_O___O	5	22
4|3|O____B_OH_O_	5	22
4|3|_O__HO_O__B_	4	22
4|3|O____OB__O_H	5	21
4|3|OOO_B______H	4	21
4|3|OOH_B______O	4	21
4|3|OB__O____H_O	4	21
4|3|O__H_BO___O_	4	21
4|3|_O__H_OO__B_	4	21
4|3|O_O___O___BH	5	20
4|3|O_H__B_OO___	5	20
4|3|OO_H_O___B__	4	20
4|3|OB__O____O_H	4	20
4|3|O__HOB___O__	4	20
4|3|O_H__O_B_O__	5	19
4|3|O_BH_O____O_	4	19
4|3|O_B_H__O___O	4	19
4|3|O_H__B_O__O_	4	19
4|3|O__H_OB___O_	4	19
4|3|O__H_OB____O	4	19
4|3|O___B__OH_O_	4	19
4|3|O____B_O_HO_	4	19
4|3|O_____BO_HO_	4	19
4|3|_OB_O__H_O__	4	19
4|3|OOH__B_____O	5	17
4|3|O_H__BO____O	5	17
4|3|O__H_OB__O__	5	17
4|3|OB__H__O__O_	4	17
4|3|O_B_H__O_O__	4	17
4|3|O_B__H_O___O	4	17
4|3|O__B_O_H__O_	4	17
4|3|_OB_H__O_O__	4	17
4|3|_O__O_BO__H_	4	17
4|3|OOO_______BH	5	16
4|3|O______H_OOB	5	16
4|3|OOB____HO___	5	15
4|3|OO_B___HO___	5	15
4|3|OO_H__O____B	5	15
4|3|O___O_B__O_H	5	15
4|3|O_____B__OOH	5	15
4|3|OH_O_O___B__	4	15
4|3|O____OBO_H__	4	15
4|3|O___O_OB_H__	4	14
4|3|_O__O_OB__H_	4	14
4|3|O__H_BO____O	5	13
4|3|OH_OO____B__	4	12
4|3|O____BOO_H__	4	12
4|3|O___O_BO_H__	4	10
4|3|O____OOB_H__	4	9
4|3|_O__OO_B__H_	4	7