4|3|P_O____B_O_H	7	167
4|3|O__H____BO_P	5	156
4|3|O__P___H_OB_	5	140
4|3|O_P____H_O_B	6	137
4|3|O_O____H_P_B	6	135
4|3|O_O_____B_PH	6	131
4|3|O__P____BO_H	6	126
4|3|P_O____H_OB_	5	125
4|3|O_P____B_O_H	5	124
4|3|O_O____B_P_H	5	113
4|3|O__P_____OBH	6	112
4|3|O__H_B___O_P	5	109
4|3|O__H___O_P_B	5	109
4|3|O_PH___B_O__	5	103
4|3|O_P____HBO__	5	102
4|3|O_OP_____HB_	6	101
4|3|O_H____B_O_P	5	99
4|3|OP_B____H__O	6	98
4|3|O_PB____H__O	5	98
4|3|BO_____HP_O_	5	98
4|3|O__O____B_PH	6	97
4|3|O_P____H_OB_	5	97
4|3|O_P____B_H_O	4	96
4|3|O__P_B___O_H	6	95
4|3|O_O_____BH_P	5	95
4|3|O__O____BHP_	5	93
4|3|O_P__B__H__O	6	92
4|3|O_O____B_PH_	5	91
4|3|O_O_____BP_H	5	91
4|3|O__HB____O_P	4	91
4|3|O_P_B____H_O	4	90
4|3|O_O____B_H_P	5	89
4|3|O_OB___H_P__	4	88
4|3|OB_P__H__O__	4	87
4|3|O_O____BHP__	5	86
4|3|O_H____O_P_B	5	86
4|3|O__P_B__H_O_	6	85
4|3|O_H____P_OB_	6	83
4|3|O_PH__B__O__	5	83
4|3|O__O____BPH_	5	82
4|3|O_O_B____H_P	4	81
4|3|O__P___O_HB_	8	80
4|3|O_P____HO__B	7	79
4|3|OP_B___H_O__	7	78
4|3|O_H_B___P__O	7	78
4|3|O_PB___H_O__	6	78
4|3|O_PH___B__O_	6	78
4|3|O__P__H__OB_	5	78
4|3|O__H___P_OB_	5	77
4|3|O_O__H__B__P	6	76
4|3|O_H____PBO__	5	75
4|3|O__OB____HP_	4	75
4|3|O_____H_BO_P	4	75
4|3|OP_O____BH__	6	74
4|3|P_B____OH_O_	6	73
4|3|O_O_B__P_H__	5	72
4|3|PO_H__B__O__	5	71
4|3|OB____H__O_P	4	71
4|3|P_OH__B__O__	4	71
4|3|O_O____BP__H	6	70
4|3|O__O_H__B_P_	6	70
4|3|O__O_H___P_B	6	70
4|3|O__O_B___PH_	5	70
4|3|O__O_B___HP_	5	70
4|3|O_BH_____O_P	4	70
4|3|O_H__B___O_P	4	70
4|3|O_O____BH__P	6	69
4|3|O_O____BPH__	5	69
4|3|O_O____B_HP_	5	69
4|3|O__OB__P__H_	5	69
4|3|O_O_B____P_H	4	69
4|3|O__P__O__HB_	7	68
4|3|O_O__B___H_P	4	68
4|3|O_OP______BH	6	67
4|3|O_P____O_HB_	8	66
4|3|PO_H___B_O__	6	66
4|3|P_OH___B_O__	5	66
4|3|O_P__B___O_H	4	66
4|3|O_P___B__H_O	4	66
4|3|O__H___P_O_B	4	66
4|3|OO_HB______P	6	65
4|3|O_OHB______P	5	65
4|3|O_P____O_H_B	5	65
4|3|O__OB__H__P_	5	65
4|3|OB_____H_O_P	4	65
4|3|O_O__B___P_H	4	65
4|3|O_O___B__P_H	4	65
4|3|O_H_B__P_O__	4	65
4|3|O__P___H_O_B	4	65
4|3|O__H_B_P_O__	4	65
4|3|OB_H_____O_P	5	64
4|3|OP_O______HB	5	64
4|3|O_H__B_P_O__	5	64
4|3|O_H__B__O__P	5	64
4|3|O_OB__H__P__	4	64
4|3|O_O__B__H__P	4	64
4|3|O_B____H_P_O	4	64
4|3|O__P__H_BO__	4	64
4|3|O__HO____B_P	4	64
4|3|O_H_P__B_O__	6	63
4|3|OB____H__P_O	5	63
4|3|O_O_B__P__H_	5	63
4|3|O_B____O_PH_	5	63
4|3|P_H____O_OB_	5	63
4|3|OBH____P_O__	5	62
4|3|OH______BO_P	5	62
4|3|O_P____H__OB	7	61
4|3|OB____H_P__O	6	61
4|3|OH____B__P_O	5	61
4|3|PBO____H_O__	5	61
4|3|O_P_B____O_H	3	61
4|3|O_B____O_P_H	8	60
4|3|O_OP____BH__	6	60
4|3|O_P__B__O__H	5	60
4|3|O__H__O__P_B	5	60
4|3|B__PO___H_O_	5	60
4|3|OH_O__B__P__	6	59
4|3|O__B___H_OP_	6	59
4|3|OP_O__B__H__	5	59
4|3|OBO____H_P__	4	59
4|3|O_O__B__P__H	4	59
4|3|O__OB____PH_	4	59
4|3|O__B___H_O_P	4	59
4|3|O__P_B__O__H	6	58
4|3|O_B____OHP__	5	58
4|3|P_O____O_HB_	5	58
4|3|H_P____O_OB_	5	58
4|3|O_P_B__H_O__	4	58
4|3|O__H____BOP_	4	58
4|3|O_HB___O__P_	7	57
4|3|O_O____B__HP	6	57
4|3|O_O____PBH__	6	57
4|3|O__H_____OBP	6	57
4|3|OBP____H_O__	5	57
4|3|O__O____HPB_	5	57
4|3|O__H__P__OB_	5	57
4|3|OB_P_____OH_	4	57
4|3|O__H__P_BO__	4	57
4|3|P_O____H_BO_	4	57
4|3|OBO____P_H__	5	56
4|3|OB_____O_HP_	5	56
4|3|OB_____H_P_O	5	56
4|3|O_H__P_B_O__	5	56
4|3|PH_____O_BO_	5	56
4|3|H_O_P__B_O__	5	56
4|3|OB____P__O_H	4	56
4|3|O__OP_B__H__	4	56
4|3|O__P____BOH_	4	56
4|3|O__P_____BOH	4	56
4|3|O_H_B____O_P	3	56
4|3|O_H_B__P__O_	6	55
4|3|P_B_H__O__O_	6	55
4|3|OO_P____BH__	5	55
4|3|OP_O___B_H__	5	55
4|3|O_PH_B_____O	5	55
4|3|O______OHP_B	5	55
4|3|O_P____H_BO_	4	55
4|3|O_BH___O_P__	8	54
4|3|O_O____B__PH	6	54
4|3|O_H_B__P___O	5	54
4|3|O__PH____BO_	5	54
4|3|PO_____H_BO_	5	54
4|3|OB_____P_O_H	4	54
4|3|O_PH_B___O__	4	54
4|3|O_____P_BO_H	4	54
4|3|O__PH____OB_	6	53
4|3|O__P__B__HO_	6	53
4|3|OH_____B_P_O	5	53
4|3|O_B_O__H_P__	5	53
4|3|O_O____H_B_P	3	53
4|3|OHB____O_P__	7	52
4|3|O_P____O__HB	7	52
4|3|O__PO_____BH	7	52
4|3|O_HP___B__O_	6	52
4|3|OO_H_B_____P	5	52
4|3|O_OH_B_____P	5	52
4|3|O_O_P__B_H__	5	52
4|3|P_B_O__H_O__	5	52
4|3|OB_____HO_P_	4	52
4|3|OP_____O_HB_	7	51
4|3|OH_____O_P_B	6	51
4|3|O_HB___O_P__	5	51
4|3|O__P__BH_O__	5	51
4|3|B_O____H_O_P	3	51
4|3|P_OH___B__O_	6	50
4|3|O_O__B_P___H	4	50
4|3|O_O___B__H_P	4	50
4|3|OP_____H_OB_	6	49
4|3|O_O_B__H_P__	5	49
4|3|O_HP__B__O__	5	49
4|3|O_HP___B_O__	5	49
4|3|O_H___PB_O__	5	49
4|3|O__O____PHB_	5	49
4|3|P__H___B_OO_	5	49
4|3|O__OH___P_B_	6	48
4|3|O__O_B____PH	5	48
4|3|OP_OB_____H_	4	48
4|3|OP_B___O_H__	4	48
4|3|O__B___P_O_H	4	48
4|3|O__H__P__O_B	4	48
4|3|P_B__O_H_O__	4	48
4|3|O__O_H__P__B	6	47
4|3|OB_____H_OP_	5	47
4|3|OHP____B_O__	5	47
4|3|O_OPB____H__	5	47
4|3|O_OPB______H	5	47
4|3|O__H__BP_O__	5	47
4|3|_OB_H__O__P_	5	47
4|3|_OH_B__P__O_	5	47
4|3|O__H_B_P__O_	4	47
4|3|O_B____H_O_P	3	47
4|3|O_PHB____O__	3	47
4|3|PO_H___B__O_	5	46
4|3|P_OHB_____O_	5	46
4|3|P_O_H__O__B_	5	46
4|3|OB_____HP_O_	4	46
4|3|O____BH__O_P	4	46
4|3|PO_HB_____O_	4	46
4|3|P_B___OH_O__	4	46
4|3|O__P___H_BO_	3	46
4|3|O_B____O_H_P	8	45
4|3|_OB_P__O__H_	6	45
4|3|O_____PH_OB_	5	45
4|3|O_B__O_H_P__	4	45
4|3|O_PH_B____O_	4	45
4|3|O_P__H__B__O	4	45
4|3|O__H_O___B_P	4	45
4|3|B_O_O__H_P__	4	45
4|3|O__O_B__H_P_	5	44
4|3|OBPH_____O__	4	44
4|3|OB____PH_O__	4	44
4|3|O_OPB_____H_	4	44
4|3|O_O__B_H___P	4	44
4|3|O_O__B____HP	4	44
4|3|O_H___OB_P__	4	44
4|3|O__P_BH__O__	4	44
4|3|O__P_B_H_O__	4	44
4|3|O__P_B___OH_	4	44
4|3|O_O__P_B_H__	5	43
4|3|O__O_B____HP	5	43
4|3|O__P_B____OH	5	43
4|3|PHO____B_O__	5	43
4|3|O_OHB_____P_	4	43
4|3|O__P_B_H__O_	4	43
4|3|OB_P__O__H__	6	42
4|3|OB____P__H_O	6	42
4|3|OP____B__H_O	6	42
4|3|O_HPO_____B_	6	42
4|3|O_H__B_PO___	6	42
4|3|O_O____H__BP	5	42
4|3|O_P____HB__O	5	42
4|3|O__B___HP_O_	5	42
4|3|_BH_O__O__P_	5	42
4|3|OP_B__O__H__	4	42
4|3|O_B___OH_P__	4	42
4|3|O__P_H___BO_	4	42
4|3|PO_H__B___O_	4	42
4|3|O_PH__B_O___	6	41
4|3|O_PH_B__O___	5	41
4|3|O____P_O_H_B	5	41
4|3|P_O____OHB__	5	41
4|3|H_O____O_PB_	5	41
4|3|_O__O__P_BH_	5	41
4|3|OP_HB_____O_	4	41
4|3|O_HP_B____O_	4	41
4|3|O__B__P__O_H	4	41
4|3|O_____PHBO__	4	41
4|3|P_OH_B___O__	3	41
4|3|OB_P___O_H__	6	40
4|3|OB_____P_H_O	6	40
4|3|OO_P_B_____H	5	40
4|3|OO_____B_HP_	5	40
4|3|O_OP_B_____H	5	40
4|3|O_O_B__H__P_	5	40
4|3|O__OBH____P_	4	40
4|3|B_O__H___O_P	4	40
4|3|B_P_O__H_O__	4	40
4|3|P_OHB____O__	4	40
4|3|P_O_O__H_B__	4	40
4|3|P_H___OB_O__	4	40
4|3|OP_BH______O	6	39
4|3|OP_B______HO	6	39
4|3|O_O____P_BH_	6	39
4|3|O_H__B_P___O	6	39
4|3|OH______BP_O	5	39
4|3|O_PBH______O	5	39
4|3|O_PB___H__O_	5	39
4|3|O__O_B__P_H_	5	39
4|3|O__P_H____OB	5	39
4|3|O_____PH_O_B	5	39
4|3|P_B____OHO__	5	39
4|3|P___O__H_OB_	5	39
4|3|OOB____H_P__	4	39
4|3|OB_OH_____P_	4	39
4|3|OH_PB_____O_	4	39
4|3|BO_PO______H	4	39
4|3|P_O_H__O_B__	4	39
4|3|P_H___BO_O__	4	39
4|3|P____O_H_OB_	4	39
4|3|O_PB___O_H__	3	39
4|3|O__PO_H__B__	3	39
4|3|O__HO_P__B__	3	39
4|3|O__H_P_B___O	6	38
4|3|_OB_O__P__H_	6	38
4|3|OB___H___O_P	5	38
4|3|OPH____B_O__	5	38
4|3|OP_B_H_____O	5	38
4|3|O_O_BH_____P	5	38
4|3|O_O___B_P__H	5	38
4|3|O_H_B__O__P_	5	38
4|3|O__OB_P__H__	5	38
4|3|O__B__PH_O__	5	38
4|3|PH_____B_OO_	5	38
4|3|OBHP_____O__	4	38
4|3|O_B__H_O_P__	4	38
4|3|O_PB_H_____O	4	38
4|3|O_P_O__H_B__	4	38
4|3|O_HP_B___O__	4	38
4|3|O__H_BP__O__	4	38
4|3|O__H_B___OP_	4	38
4|3|_B__O__O_HP_	4	38
4|3|B_O____P_O_H	3	38
4|3|OO_____B_PH_	5	37
4|3|OB_P_H___O__	5	37
4|3|OB____O__P_H	5	37
4|3|OB_____O_PH_	5	37
4|3|OP_H_____OB_	5	37
4|3|O_O__B_P__H_	5	37
4|3|O_P_B_____OH	5	37
4|3|O__OP_B___H_	5	37
4|3|O____B_P_OH_	5	37
4|3|O_____BH_O_P	5	37
4|3|PH_____O_OB_	5	37
4|3|P_B__O_OH___	5	37
4|3|HP_____B_OO_	5	37
4|3|_OB_O__H__P_	5	37
4|3|OB_PH_____O_	4	37
4|3|OB_H__P__O__	4	37
4|3|OH_OB_____P_	4	37
4|3|O_P___OB_H__	4	37
4|3|O_H___BO_P__	4	37
4|3|P_O__O_H_B__	4	37
4|3|P_____OH_OB_	4	37
4|3|O_OB_H___P__	3	37
4|3|O_O___H__B_P	3	37
4|3|O_PB__O__H__	3	37
4|3|O__HB_P__O__	3	37
4|3|O__P_O____BH	6	36
4|3|O_OB___HP___	5	36
4|3|O____B__P_OH	5	36
4|3|BO_HO______P	5	36
4|3|HPO____B_O__	5	36
4|3|OO_PB____H__	4	36
4|3|OO_PB______H	4	36
4|3|O_H_B__PO___	4	36
4|3|O_____OBHP__	4	36
4|3|PH____OB_O__	4	36
4|3|P_B__O_O_H__	4	36
4|3|OB_____PO_H_	6	35
4|3|O_H____P_BO_	6	35
4|3|OBH____O_P__	5	35
4|3|OB__H__O__P_	5	35
4|3|OH__B__P__O_	5	35
4|3|O__OP____HB_	5	35
4|3|O__O_H____PB	5	35
4|3|O__B_O_H_P__	5	35
4|3|O____B__H_OP	5	35
4|3|O_____B_PO_H	5	35
4|3|PHB____O_O__	5	35
4|3|_OO_B__P_H__	5	35
4|3|OB_H_____OP_	4	35
4|3|O_OB_H_____P	4	35
4|3|O_B__P_O_H__	4	35
4|3|O__OB_P____H	4	35
4|3|H_P___OB_O__	4	35
4|3|O_B__H___P_O	3	35
4|3|O_B___H__O_P	3	35
4|3|B_P_O____O_H	3	35
4|3|P_OH_B____O_	3	35
4|3|O____P_O_HB_	6	34
4|3|O_O___B___PH	5	34
4|3|O__H_O_P___B	5	34
4|3|O__H_B_P___O	5	34
4|3|O__H_P_O___B	5	34
4|3|O_____B_P_OH	5	34
4|3|O_____P__OBH	5	34
4|3|O______O_PHB	5	34
4|3|O______P_OBH	5	34
4|3|P____H_O_OB_	5	34
4|3|OO_P__H__B__	4	34
4|3|OO__B__P__H_	4	34
4|3|OB_O___H__P_	4	34
4|3|OB____HP_O__	4	34
4|3|OP_B___H__O_	4	34
4|3|O_B_H__O_P__	4	34
4|3|O_P__O_H_B__	4	34
4|3|O__OBP____H_	4	34
4|3|O__OH_B__P__	4	34
4|3|O____BP__O_H	4	34
4|3|O_____OB_PH_	4	34
4|3|O_______BOPH	4	34
4|3|BO__O__P__H_	4	34
4|3|H_P___BO_O__	4	34
4|3|_OB_P__H__O_	4	34
4|3|_OB_H__O_P__	4	34
4|3|_OB_H__P__O_	4	34
4|3|_OH_B__P_O__	4	34
4|3|OP_OB____H__	5	33
4|3|OP_OB______H	5	33
4|3|O_O___B_H__P	5	33
4|3|O_O___B___HP	5	33
4|3|O_O____P__BH	5	33
4|3|O__OH____PB_	5	33
4|3|O__H_B____OP	5	33
4|3|O___P__O_H_B	5	33
4|3|O_____BP_O_H	5	33
4|3|O_____HP_OB_	5	33
4|3|O_____H__OBP	5	33
4|3|O______H_OBP	5	33
4|3|O_O__B____PH	4	33
4|3|O_B_H____O_P	4	33
4|3|O_H__O_P_B__	4	33
4|3|O_____OB_P_H	4	33
4|3|B_O_O__P_H__	4	33
4|3|P_B_H__O_O__	4	33
4|3|H_P_O__O_B__	4	33
4|3|_OH_B__O__P_	4	33
4|3|OO_PB_____H_	3	33
4|3|O_OBH____P__	3	33
4|3|O_OB_P___H__	3	33
4|3|O_HPB____O__	3	33
4|3|B_O___H__O_P	3	33
4|3|P_O___BO_H__	3	33
4|3|OO______B_PH	5	32
4|3|O_OB__H_P___	5	32
4|3|O_HP_B_____O	5	32
4|3|O_H__B_P__O_	5	32
4|3|O__O_P___BH_	5	32
4|3|O__O_P___HB_	5	32
4|3|O__BO__H_P__	5	32
4|3|O__P_O_H___B	5	32
4|3|H_O_P__O__B_	5	32
4|3|OO_P___H_B__	4	32
4|3|O_P___BO_H__	4	32
4|3|O__B_H__P_O_	4	32
4|3|O_____HPBO__	4	32
4|3|BO_PO____H__	4	32
4|3|BO__O__H__P_	4	32
4|3|H___P_OO__B_	4	32
4|3|H___P__O_OB_	4	32
4|3|O_OB_H____P_	3	32
4|3|O_PHO____B__	3	32
4|3|H_O___BO_P__	3	32
4|3|O___P__O_HB_	8	31
4|3|OPH____O__B_	6	31
4|3|O__OP_____HB	6	31
4|3|POB____O__H_	6	31
4|3|OO_P_B____H_	4	31
4|3|O___P_OB_H__	4	31
4|3|P__H__OB_O__	4	31
4|3|H_O_P__O_B__	4	31
4|3|H_B_P__O_O__	4	31
4|3|_O__BO_P__H_	4	31
4|3|_O__B_PH__O_	4	31
4|3|_B__O_PO__H_	4	31
4|3|OO_HB_____P_	3	31
4|3|O__PB____OH_	3	31
4|3|O__H___P_BO_	3	31
4|3|OP_O___B___H	6	30
4|3|O_____B_H_OP	6	30
4|3|OB_____P_OH_	5	30
4|3|O_HP__B___O_	5	30
4|3|O__O_P____HB	5	30
4|3|O_____B_HO_P	5	30
4|3|O______PBOH_	5	30
4|3|O_PH__O___B_	4	30
4|3|O_P_B__O__H_	4	30
4|3|O__OB_H___P_	4	30
4|3|O__B__OH_P__	4	30
4|3|_B__OP_O__H_	4	30
4|3|O_B___P__O_H	3	30
4|3|O_B____P_O_H	3	30
4|3|O__PB_H__O__	3	30
4|3|BO_PO_____H_	3	30
4|3|P__H_B___OO_	3	30
4|3|O__B__PO_H__	6	29
4|3|OB____OH_P__	5	29
4|3|O_H__O_P__B_	5	29
4|3|O_H__P_O__B_	5	29
4|3|P_B__O_O__H_	5	29
4|3|_B__O_OP__H_	5	29
4|3|O_OP_B____H_	4	29
4|3|O_H_O___B__P	4	29
4|3|O_H__P__B__O	4	29
4|3|BOO____H_P__	4	29
4|3|H_B__O_O_P__	4	29
4|3|H___PO_O__B_	4	29
4|3|_B__OO_P__H_	4	29
4|3|OB_P___H__O_	3	29
4|3|O_OBP____H__	3	29
4|3|O_O____P_B_H	3	29
4|3|O_B___O__P_H	3	29
4|3|B_O_O____H_P	3	29
4|3|B___O_H__O_P	3	29
4|3|PO_H_B____O_	3	29
4|3|O_OP__H_B___	6	28
4|3|O_OP__H___B_	6	28
4|3|OO_P__H_B___	5	28
4|3|OO_P__H___B_	5	28
4|3|O_B_H__O___P	5	28
4|3|O______OPH_B	5	28
4|3|O______O_HPB	5	28
4|3|HPB____O__O_	5	28
4|3|_OB_O__H_P__	5	28
4|3|OP_O__B_H___	4	28
4|3|OP_O__B___H_	4	28
4|3|O_H_BP_____O	4	28
4|3|POB____H_O__	4	28
4|3|P_O___OB_H__	4	28
4|3|P__HO_O__B__	4	28
4|3|P____O_H_BO_	4	28
4|3|HP__B__O__O_	4	28
4|3|HP___O_O__B_	4	28
4|3|H_O___OB_P__	4	28
4|3|O_H__O___B_P	3	28
4|3|B_O_O____P_H	3	28
4|3|OO____H__B_P	5	27
4|3|OB_O__P__H__	5	27
4|3|OB____O__H_P	5	27
4|3|OP_O_B__H___	5	27
4|3|O_OB_H__P___	5	27
4|3|O_B_O_____HP	5	27
4|3|O_H_B_____OP	5	27
4|3|P____B_OH_O_	5	27
4|3|P______OHOB_	5	27
4|3|OO_B___H__P_	4	27
4|3|OO_H_B____P_	4	27
4|3|OO__B__H__P_	4	27
4|3|OB_O__H__P__	4	27
4|3|O_OH_B____P_	4	27
4|3|O_B_P__O_H__	4	27
4|3|O___BO_P__H_	4	27
4|3|O_____OBPH__	4	27
4|3|O_____OB_HP_	4	27
4|3|O_____OB_H_P	4	27
4|3|BOP____H_O__	4	27
4|3|B_H_O__P_O__	4	27
4|3|PH____BO_O__	4	27
4|3|P_H_O__O_B__	4	27
4|3|P___HO_O__B_	4	27
4|3|O_OP__H__B__	3	27
4|3|O_OP___H_B__	3	27
4|3|O_B_H____P_O	3	27
4|3|O__HB____OP_	3	27
4|3|O___O_H__B_P	3	27
4|3|BO_P__H__O__	3	27
4|3|B_O___P__O_H	3	27
4|3|OB____OP_H__	6	26
4|3|OB____PO_H__	6	26
4|3|O_____PO_H_B	6	26
4|3|PH____OO_B__	6	26
4|3|_B__H_OO__P_	6	26
4|3|OO_P___H___B	5	26
4|3|OP_H__B__O__	5	26
4|3|O_H_O__PB___	5	26
4|3|OO_H__P__B__	4	26
4|3|OO_H___P_B__	4	26
4|3|OB_P_O___H__	4	26
4|3|OB__O__H__P_	4	26
4|3|OB___P___H_O	4	26
4|3|O_HP_O____B_	4	26
4|3|P_O__B_OH___	4	26
4|3|_OP_B__H_O__	4	26
4|3|O_B__O_H___P	3	26
4|3|O_PH_O___B__	3	26
4|3|O__P__H__BO_	3	26
4|3|O___B_P__O_H	3	26
4|3|BO_HO_____P_	3	26
4|3|B___O_P__O_H	3	26
4|3|OP_O_B_____H	6	25
4|3|OB______H_PO	5	25
4|3|O_HP_B__O___	5	25
4|3|O__P_B_H___O	5	25
4|3|O__HOB_____P	5	25
4|3|PHB____O__O_	5	25
4|3|_B__HO_O__P_	5	25
4|3|OBO_H______P	4	25
4|3|OB__H____P_O	4	25
4|3|OB_____H_PO_	4	25
4|3|OP_____H_BO_	4	25
4|3|OHP_B______O	4	25
4|3|OH__B____O_P	4	25
4|3|O_O__BP____H	4	25
4|3|O_PBH_____O_	4	25
4|3|O_H_O__P_B__	4	25
4|3|O____B___OPH	4	25
4|3|O_____BOHP__	4	25
4|3|PH__B__O__O_	4	25
4|3|H_O_O__B_P__	4	25
4|3|H___P_OB_O__	4	25
4|3|O__B_H_O__P_	3	25
4|3|O__B___O_HP_	3	25
4|3|BO____H__O_P	3	25
4|3|P_____OOHB__	6	24
4|3|OOB____P__H_	5	24
4|3|P_O___OH_B__	5	24
4|3|_B__O_OP_H__	5	24
4|3|_B__O_PO_H__	5	24
4|3|_B__P_OO_H__	5	24
4|3|O_PHO___B___	4	24
4|3|O_PH_O____B_	4	24
4|3|O_P___H_B__O	4	24
4|3|O__B___H_PO_	4	24
4|3|O_____BO_PH_	4	24
4|3|PO_____H_OB_	4	24
4|3|P_O___BOH___	4	24
4|3|P_O___BO__H_	4	24
4|3|P___O__H_BO_	4	24
4|3|P___H_OO__B_	4	24
4|3|H_P_O__B_O__	4	24
4|3|_O__O_PH__B_	4	24
4|3|OB____H_O__P	3	24
4|3|OP_BH_____O_	3	24
4|3|O_OH__P__B__	3	24
4|3|O_OH___P_B__	3	24
4|3|O_B__P___H_O	3	24
4|3|O_P_O____B_H	3	24
4|3|O_P_BO_____H	3	24
4|3|O_P_B__O_H__	3	24
4|3|O_H_O____B_P	3	24
4|3|O__BP_O__H__	3	24
4|3|O__B__O_HP__	3	24
4|3|O__PO____BH_	3	24
4|3|B_OP___H_O__	3	24
4|3|O_O___PB_H__	6	23
4|3|OO_H___P___B	5	23
4|3|OO_____P_BH_	5	23
4|3|OBP____O_H__	5	23
4|3|OB_____P_HO_	5	23
4|3|O_BHO______P	5	23
4|3|O_B__H_O___P	5	23
4|3|O__B_O_H__P_	5	23
4|3|PHO____O_B__	5	23
4|3|P______OHBO_	5	23
4|3|H___P_OO_B__	5	23
4|3|_O__P_OB__H_	5	23
4|3|_O__P_BO__H_	5	23
4|3|OB__P____H_O	4	23
4|3|OPH_B______O	4	23
4|3|O_B__H__P__O	4	23
4|3|O_PB___O__H_	4	23
4|3|O_HP__O___B_	4	23
4|3|O__B__HO_P__	4	23
4|3|O__H_BP___O_	4	23
4|3|O_____BO_P_H	4	23
4|3|BO_____H_OP_	4	23
4|3|P_O_O__B_H__	4	23
4|3|P__H__BO_O__	4	23
4|3|P__H__B__OO_	4	23
4|3|HP____OB_O__	4	23
4|3|_O__O__B_HP_	4	23
4|3|O_O___P__B_H	3	23
4|3|O_BH__P__O__	3	23
4|3|O_BH___P_O__	3	23
4|3|O_B__O_P___H	3	23
4|3|O_B__O___H_P	3	23
4|3|O_B___PH_O__	3	23
4|3|O_P__O___B_H	3	23
4|3|O__B_P_O__H_	3	23
4|3|O__B__O__PH_	3	23
4|3|O__B__O__P_H	3	23
4|3|O__B___O_PH_	3	23
4|3|O__H__P__BO_	3	23
4|3|B_OH___P_O__	3	23
4|3|P__H_O___BO_	3	23
4|3|P__H__O__OB_	3	23
4|3|_O__B__O_HP_	3	23
4|3|O_B___PO_H__	7	22
4|3|OP_H__B_O___	5	22
4|3|O__H_B_O___P	5	22
4|3|P___O_OH_B__	5	22
4|3|P___H_OO_B__	5	22
4|3|_B__H_OO_P__	5	22
4|3|OO_BH_____P_	4	22
4|3|OB_______OHP	4	22
4|3|O_O_B_H____P	4	22
4|3|O_O__BH____P	4	22
4|3|O_B__O_P__H_	4	22
4|3|O_B__P_O__H_	4	22
4|3|O_PB___OH___	4	22
4|3|O_H___P_B__O	4	22
4|3|O__B_O_P___H	4	22
4|3|O__B_P_O___H	4	22
4|3|O____BPH_O__	4	22
4|3|O____BHP_O__	4	22
4|3|O____B___OHP	4	22
4|3|O_______BOHP	4	22
4|3|PO_HO____B__	4	22
4|3|PO_H_O___B__	4	22
4|3|PH___O_O__B_	4	22
4|3|P_H__O_O__B_	4	22
4|3|P_H__O_B_O__	4	22
4|3|P__HO_O___B_	4	22
4|3|P__H_O_O__B_	4	22
4|3|P____O_O_HB_	4	22
4|3|H_P__O_O__B_	4	22
4|3|H____O_O_PB_	4	22
4|3|_O__B_HP__O_	4	22
4|3|OB__O_P____H	3	22
4|3|O__P_OH__B__	3	22
4|3|O__P_O___BH_	3	22
4|3|B_OP__H__O__	3	22
4|3|P_O__B_O_H__	3	22
4|3|H_P_B__O_O__	3	22
4|3|O_____PO_HB_	7	21
4|3|O_OP_H__B___	6	21
4|3|OO_P_H__B___	5	21
4|3|O_O___P___BH	5	21
4|3|O__O_BP___H_	5	21
4|3|O__B_P_H_O__	5	21
4|3|O____P_H_OB_	5	21
4|3|O____P_H_O_B	5	21
4|3|O_____B__OPH	5	21
4|3|OB_PO____H__	4	21
4|3|OP_H__B___O_	4	21
4|3|O_PB__O_H___	4	21
4|3|O_P_O__B_H__	4	21
4|3|O_H__O_B_P__	4	21
4|3|O____POB_H__	4	21
4|3|P_O__O_B_H__	4	21
4|3|P_H_O__B_O__	4	21
4|3|HP__O__B__O_	4	21
4|3|H_P__O_B_O__	4	21
4|3|O_OB_P____H_	3	21
4|3|O_O___PH_B__	3	21
4|3|O_O___HP_B__	3	21
4|3|O_BP__H__O__	3	21
4|3|O_BP___H_O__	3	21
4|3|O_B___HP_O__	3	21
4|3|O_PB_H____O_	3	21
4|3|O_H_BO_____P	3	21
4|3|O_H_B__O_P__	3	21
4|3|O__PBO____H_	3	21
4|3|O___B_H__O_P	3	21
4|3|B_PHO____O__	3	21
4|3|B_H_O____O_P	3	21
4|3|P_OHO____B__	3	21
4|3|P_OH_O___B__	3	21
4|3|H_O__B_O_P__	3	21
4|3|_B__O_OH__P_	5	20
4|3|OO_______BPH	4	20
4|3|OBOH_______P	4	20
4|3|OBO__H_____P	4	20
4|3|OB__O__P__H_	4	20
4|3|OB___O_P__H_	4	20
4|3|O_B_O_P____H	4	20
4|3|O_B_P__OH___	4	20
4|3|O_P_OB_____H	4	20
4|3|O_P__O_B_H__	4	20
4|3|O_P__B_O___H	4	20
4|3|O_P__B____OH	4	20
4|3|O_H_O__B_P__	4	20
4|3|O__OB_H____P	4	20
4|3|O__BP_O___H_	4	20
4|3|O__POB____H_	4	20
4|3|O__P_BH___O_	4	20
4|3|O__P_B_O__H_	4	20
4|3|O___BH___O_P	4	20
4|3|O___P_BO_H__	4	20
4|3|O____O_P_BH_	4	20
4|3|O____BO__P_H	4	20
4|3|O____B_O_PH_	4	20
4|3|BO___H___O_P	4	20
4|3|B_O_OH_____P	4	20
4|3|B_O_O__P__H_	4	20
4|3|H_O__O_B_P__	4	20
4|3|H___P__O_BO_	4	20
4|3|_OB_P__O_H__	4	20
4|3|_B__OO_H__P_	4	20
4|3|_B__O__O_PH_	4	20
4|3|OO__B_____PH	3	20
4|3|OBO____H___P	3	20
4|3|OB_O_H____P_	3	20
4|3|O_B__O___P_H	3	20
4|3|O__B_HO__P__	3	20
4|3|O__B_H___PO_	3	20
4|3|O___O_PH_B__	3	20
4|3|BO__O_P____H	3	20
4|3|P_H__B_O_O__	3	20
4|3|P__H_BO__O__	3	20
4|3|HP____BO__O_	3	20
4|3|_O__BP_O__H_	3	20
4|3|_O__B_PO__H_	3	20
4|3|OOB____H__P_	4	19
4|3|OO_______BHP	4	19
4|3|OBO____HP___	4	19
4|3|OBO____H__P_	4	19
4|3|OB_O__H_P___	4	19
4|3|OB_PO______H	4	19
4|3|OB_P_O_____H	4	19
4|3|OB_P_H__O___	4	19
4|3|OP_B___O___H	4	19
4|3|O_BH_O_____P	4	19
4|3|O_B_O_H____P	4	19
4|3|O_B_H__OP___	4	19
4|3|O_B__H_O__P_	4	19
4|3|O_H_OB_____P	4	19
4|3|O_H__B_O___P	4	19
4|3|O_H__B____OP	4	19
4|3|O__B_O_H___P	4	19
4|3|O__HOB____P_	4	19
4|3|O__H_B_O__P_	4	19
4|3|O___B__P_OH_	4	19
4|3|O____BO__H_P	4	19
4|3|O____B_O_HP_	4	19
4|3|O_____BOPH__	4	19
4|3|O_____BO_HP_	4	19
4|3|O_____BO_H_P	4	19
4|3|B__HO____O_P	4	19
4|3|P__HB____OO_	4	19
4|3|P___H__O_OB_	4	19
4|3|P___H__O_BO_	4	19
4|3|HP____BO_O__	4	19
4|3|_O__OB_P__H_	4	19
4|3|_O__BO_H__P_	4	19
4|3|OB_P__H_O___	3	19
4|3|OB_P__H___O_	3	19
4|3|OB__O_H____P	3	19
4|3|O_B___O__H_P	3	19
4|3|O__B__O__HP_	3	19
4|3|O__HO____BP_	3	19
4|3|O__H_OP__B__	3	19
4|3|O__H_O___BP_	3	19
4|3|O___B_PH_O__	3	19
4|3|BO_H__P__O__	3	19
4|3|BO__O_____PH	3	19
4|3|BO____P__O_H	3	19
4|3|B_OH__P__O__	3	19
4|3|B_O___PH_O__	3	19
4|3|B_O___HP_O__	3	19
4|3|B__PO_H__O__	3	19
4|3|P__HO____BO_	3	19
4|3|P__H_O___OB_	3	19
4|3|_O__B_PH_O__	3	19
4|3|OB____OHP___	5	18
4|3|P_____OH_BO_	5	18
4|3|O_PB__O___H_	4	18
4|3|P_OH__O___B_	4	18
4|3|HO__P__O__B_	4	18
4|3|HB__P__O__O_	4	18
4|3|_O__P__O_HB_	4	18
4|3|_O__HP_O__B_	4	18
4|3|_BP_O__O_H__	4	18
4|3|_BH_O__O_P__	4	18
4|3|OB_O__H___P_	3	18
4|3|OB____P_O__H	3	18
4|3|OP_B_H____O_	3	18
4|3|O_B_P____H_O	3	18
4|3|O_HP_O___B__	3	18
4|3|O__B__O_PH__	3	18
4|3|O__B__O__H_P	3	18
4|3|O__HBO____P_	3	18
4|3|O___BP_O__H_	3	18
4|3|O____OH__B_P	3	18
4|3|PH____BO__O_	3	18
4|3|P_H_B__O_O__	3	18
4|3|H_P__B_O_O__	3	18
4|3|_O__B__O_PH_	3	18
4|3|OPH__B_____O	5	17
4|3|OP_H_B__O___	5	17
4|3|O_H__BP____O	5	17
4|3|OOB____HP___	4	17
4|3|OO_B__H__P__	4	17
4|3|OP_H_B____O_	4	17
4|3|O_P_O___B__H	4	17
4|3|O_P__O____BH	4	17
4|3|O_P___O___BH	4	17
4|3|O____OB__P_H	4	17
4|3|O____O_B_PH_	4	17
4|3|O_____B__POH	4	17
4|3|BOO_H______P	4	17
4|3|BOO____HP___	4	17
4|3|BH__O____O_P	4	17
4|3|PO__H__O__B_	4	17
4|3|PB__H__O__O_	4	17
4|3|PH__O__B__O_	4	17
4|3|P__H_OB__O__	4	17
4|3|P__H_O_B__O_	4	17
4|3|HP____OB__O_	4	17
4|3|_O__O_HP__B_	4	17
4|3|_O__O__B_PH_	4	17
4|3|_O__H__O_PB_	4	17
4|3|OO__B_P____H	3	17
4|3|OO__B_____HP	3	17
4|3|OB_PO_____H_	3	17
4|3|OB_P_O____H_	3	17
4|3|OB_HO_____P_	3	17
4|3|O_O_P__H_B__	3	17
4|3|O_B__O____HP	3	17
4|3|O__BH_O__P__	3	17
4|3|O___O_P__B_H	3	17
4|3|BO__O_H____P	3	17
4|3|B___O_PH_O__	3	17
4|3|P__HOB____O_	3	17
4|3|_O__P_OH__B_	3	17
4|3|OB___O_H__P_	4	16
4|3|O___B_PO_H__	4	16
4|3|O___B___H_OP	4	16
4|3|BOOH_______P	4	16
4|3|H___P_BO_O__	4	16
4|3|_O__B_OP__H_	4	16
4|3|_O__B_OH__P_	4	16
4|3|_O__B_PO_H__	4	16
4|3|OBO____P___H	3	16
4|3|OB_O_P____H_	3	16
4|3|OB_H___P__O_	3	16
4|3|OB__O_____PH	3	16
4|3|OP_B__O_H___	3	16
4|3|OP_B__O___H_	3	16
4|3|OP_B___O__H_	3	16
4|3|O_B__O__H__P	3	16
4|3|O__B_PO__H__	3	16
4|3|O__B_P___HO_	3	16
4|3|O___O_HP_B__	3	16
4|3|BO__O_____HP	3	16
4|3|PO_H__O___B_	3	16
4|3|P__H_B_O__O_	3	16
4|3|OO_H__P____B	5	15
4|3|O__BP__H_O__	5	15
4|3|O___O___B_PH	5	15
4|3|O___P__H_OB_	5	15
4|3|O___P__H_O_B	5	15
4|3|OO_B__H_P___	4	15
4|3|OH_O_P___B__	4	15
4|3|OH___O___B_P	4	15
4|3|O_B_HO_____P	4	15
4|3|O_HPO___B___	4	15
4|3|O_H__O____BP	4	15
4|3|O___BP_O___H	4	15
4|3|O___B___P_OH	4	15
4|3|O____OB__H_P	4	15
4|3|O____O_B_HP_	4	15
4|3|O____PBO_H__	4	15
4|3|BOO____H__P_	4	15
4|3|PH____OB__O_	4	15
4|3|P__HBO____O_	4	15
4|3|_O__OP_B__H_	4	15
4|3|_O__O_PB__H_	4	15
4|3|O_O__P_H_B__	3	15
4|3|O_HPO____B__	3	15
4|3|BOO____H___P	3	15
4|3|_O__H_OP__B_	3	15
4|3|_P__O_OB__H_	3	15
4|3|OP_H___B___O	5	14
4|3|O__H_BP____O	5	14
4|3|O_P__BO____H	4	14
4|3|O__P_BO___H_	4	14
4|3|O____B___POH	4	14
4|3|BOO__H_____P	4	14
4|3|B___OH___O_P	4	14
4|3|_O__BP_H__O_	4	14
4|3|O_B__P_H_O__	3	14
4|3|B_O_P__H_O__	3	14
4|3|B__HO_P__O__	3	14
4|3|_O__PO_H__B_	3	14
4|3|O__H_BO____P	5	13
4|3|OP_B__O____H	4	13
4|3|B___O___P_OH	4	13
4|3|P_OH_O____B_	4	13
4|3|OOP_B______H	3	13
4|3|OO_B__H___P_	3	13
4|3|OB_H_O____P_	3	13
4|3|O_B_P__H_O__	3	13
4|3|O___BOP____H	3	13
4|3|O_____H__BOP	3	13
4|3|O______H_BOP	3	13
4|3|BOP_O______H	3	13
4|3|B_O__P_H_O__	3	13
4|3|B__PO____OH_	3	13
4|3|B___O_HP_O__	3	13
4|3|_O__HO_P__B_	3	13
4|3|OOBH_______P	4	12
4|3|OOB_H______P	4	12
4|3|OOB__H_____P	4	12
4|3|OH_OP____B__	4	12
4|3|OH__O____B_P	4	12
4|3|O_H__BO____P	4	12
4|3|O_H___O___BP	4	12
4|3|O__H_BO___P_	4	12
4|3|O___OH___B_P	4	12
4|3|O___O__P_BH_	4	12
4|3|O____B___HOP	4	12
4|3|O_____B__HOP	4	12
4|3|B___O__P_OH_	4	12
4|3|B___O___H_OP	4	12
4|3|OOB____H___P	3	12
4|3|OOH_B______P	3	12
4|3|OBO___P____H	3	12
4|3|OB_O__P___H_	3	12
4|3|OB_H__P___O_	3	12
4|3|OB___O____PH	3	12
4|3|O__BP____HO_	3	12
4|3|O__B_HO___P_	3	12
4|3|O___B____OPH	3	12
4|3|O____OPH_B__	3	12
4|3|BOO____P___H	3	12
4|3|B_HPO____O__	3	12
4|3|PO_H_O____B_	3	12
4|3|P__H_BO___O_	3	12
4|3|P___O_OB_H__	3	12
4|3|H___O_OB_P__	3	12
4|3|_O__PO_B__H_	5	11
4|3|O___O_B__P_H	4	11
4|3|O___O__B_PH_	4	11
4|3|P__HO_B__O__	4	11
4|3|HP___O_B__O_	4	11
4|3|OO_B_H____P_	3	11
4|3|OO_B__P___H_	3	11
4|3|OO__B_H____P	3	11
4|3|OBO___H____P	3	11
4|3|OBP_O______H	3	11
4|3|OBP__O_____H	3	11
4|3|OBH_O______P	3	11
4|3|OBH__O_____P	3	11
4|3|OB_O__P____H	3	11
4|3|OB_O__H____P	3	11
4|3|OB_H__P_O___	3	11
4|3|OB__O_____HP	3	11
4|3|OB__P__H__O_	3	11
4|3|OB__H__P__O_	3	11
4|3|OB___OP____H	3	11
4|3|OB___OH____P	3	11
4|3|OB___O____HP	3	11
4|3|OB____PHO___	3	11
4|3|OB____PH__O_	3	11
4|3|OB____P___OH	3	11
4|3|OB____HPO___	3	11
4|3|OB____HP__O_	3	11
4|3|OB____H___OP	3	11
4|3|OB_____P__OH	3	11
4|3|OB_____H__OP	3	11
4|3|OP__B__O__H_	3	11
4|3|OH__B__O__P_	3	11
4|3|O_BP_O____H_	3	11
4|3|O_BH_O____P_	3	11
4|3|O_B_PH_____O	3	11
4|3|O_B_HP_____O	3	11
4|3|O_B_H__P_O__	3	11
4|3|O_B__OP____H	3	11
4|3|O_B__OH____P	3	11
4|3|O_B__O__P__H	3	11
4|3|O_B__O____PH	3	11
4|3|O_B__P_H___O	3	11
4|3|O_B__H_P___O	3	11
4|3|O__BPH____O_	3	11
4|3|O__BHP____O_	3	11
4|3|O__BH____PO_	3	11
4|3|O__B_PO___H_	3	11
4|3|O__B_P_H__O_	3	11
4|3|O__B_H_P__O_	3	11
4|3|O___BOH____P	3	11
4|3|O___BO____PH	3	11
4|3|O___BO____HP	3	11
4|3|O___B_O__P_H	3	11
4|3|O___B_O__H_P	3	11
4|3|O___B_HP_O__	3	11
4|3|O___B__O_PH_	3	11
4|3|O___B__O_HP_	3	11
4|3|O___B____OHP	3	11
4|3|O____OP__B_H	3	11
4|3|O____OHP_B__	3	11
4|3|O____O___BPH	3	11
4|3|O____O___BHP	3	11
4|3|O____P_H_BO_	3	11
4|3|O____H_P_BO_	3	11
4|3|O_____PH_BO_	3	11
4|3|O_____P__BOH	3	11
4|3|O_____HP_BO_	3	11
4|3|O______P_BOH	3	11
4|3|BOH_O______P	3	11
4|3|BO____PH_O__	3	11
4|3|BO____HP_O__	3	11
4|3|B_O__H_P_O__	3	11
4|3|PH___B_O__O_	3	11
4|3|P_H__B_O__O_	3	11
4|3|P__HB_O__O__	3	11
4|3|P__H_OO___B_	3	11
4|3|P__H_OB___O_	3	11
4|3|P___HB_O__O_	3	11
4|3|P____OBO_H__	3	11
4|3|P____B_O_HO_	3	11
4|3|P_____BO_HO_	3	11
4|3|HP___B_O__O_	3	11
4|3|H_P__B_O__O_	3	11
4|3|H___PB_O__O_	3	11
4|3|H____OBO_P__	3	11
4|3|H____B_O_PO_	3	11
4|3|H_____BO_PO_	3	11
4|3|_OB_P__H_O__	3	11
4|3|_OB_H__P_O__	3	11
4|3|_OP_B__O_H__	3	11
4|3|_OH_B__O_P__	3	11
4|3|_O__B_HP_O__	3	11
4|3|_P__O_BO__H_	3	11
4|3|OP_H_B_____O	5	10
4|3|O____H__B_OP	5	10
4|3|P____OOH_B__	5	10
4|3|OOP__B_____H	4	10
4|3|OOH__B_____P	4	10
4|3|OP_H__B____O	4	10
4|3|OP_H___O___B	4	10
4|3|O_B__HO____P	4	10
4|3|O___O_B__H_P	4	10
4|3|O___O__B_HP_	4	10
4|3|O___B_OP_H__	4	10
4|3|O___B_OP__H_	4	10
4|3|O____H___BOP	4	10
4|3|B_OP_H___O__	4	10
4|3|PH___O_B__O_	4	10
4|3|_O__B_OP_H__	4	10
4|3|_P__BO_O__H_	3	10
4|3|O___O_PB_H__	5	9
4|3|OP_H__O____B	4	9
4|3|B_OPO___H___	4	9
4|3|_O__H_PO__B_	4	9
4|3|O___P_OH_B__	4	8
4|3|_O__OP_H__B_	4	8
4|3|OO_B_P____H_	3	8
4|3|BOO___P____H	3	8
4|3|B___O____OPH	3	8
4|3|OOB___P____H	3	7
4|3|OOB___H____P	3	7
4|3|OOB____P___H	3	7
4|3|OO_B__P____H	3	7
4|3|OO_B__H____P	3	7
4|3|OB___P_H__O_	3	7
4|3|OPB_H______O	3	7
4|3|OPB__H_____O	3	7
4|3|O_B__HP____O	3	7
4|3|O__B_HP___O_	3	7
4|3|O___O____BPH	3	7
4|3|O___O____BHP	3	7
4|3|O___P__H_BO_	3	7
4|3|BOO___H____P	3	7
4|3|B__HO____OP_	3	7
4|3|B___O____OHP	3	7
4|3|P___O_BO_H__	3	7
4|3|P____OOB_H__	3	7
4|3|P____BOO_H__	3	7
4|3|H___O_BO_P__	3	7
4|3|H____OOB_P__	3	7
4|3|H____BOO_P__	3	7
4|3|_P__B_OO__H_	3	7
4|3|_P__OO_B__H_	3	5