4|3|OP_O____B_P_	6	251
4|3|OP_O_____P_B	6	251
4|3|OP_B____P__O	6	250
4|3|O_PB____P__O	5	241
4|3|O_PB_____P_O	4	238
4|3|OP_O____B__P	7	229
4|3|O_PB_____O_P	4	213
4|3|OP_O____P__B	6	211
4|3|OP_B_____P_O	4	203
4|3|OP_B_____O_P	4	187
4|3|O__P___BP_O_	5	182
4|3|O_P____BO__P	6	178
4|3|P_O____BP_O_	5	174
4|3|O_O____BP_P_	5	172
4|3|O_O____BP__P	5	170
4|3|O_P____BP_O_	5	163
4|3|O__P___B_O_P	5	157
4|3|O_P____BO_P_	5	154
4|3|OO_P_____PB_	4	135
4|3|P_O____OP_B_	5	134
4|3|O_P____OP__B	5	130
4|3|O_PB____P_O_	4	130
4|3|OP_P_____O_B	5	129
4|3|O_O____P_P_B	4	125
4|3|O_PP_____O_B	4	118
4|3|O_P____OP_B_	5	116
4|3|O_P____BP__O	4	116
4|3|O__P___OP_B_	6	114
4|3|OP_B____O__P	4	110
4|3|O__P__O_P_B_	5	108
4|3|OP_B___P_O__	7	107
4|3|O_PB___P_O__	6	107
4|3|O_P____O_PB_	5	106
4|3|O_PP______OB	5	102
4|3|O_P__B___P_O	4	102
4|3|PO_P___B_O__	5	98
4|3|OP_O___B__P_	5	97
4|3|O_P__B__P__O	4	96
4|3|O_PP____O__B	5	94
4|3|OP_P______OB	4	94
4|3|O_P__B__O__P	4	94
4|3|OP_O____BP__	6	88
4|3|OBP_____P__O	4	88
4|3|OP_____BO_P_	5	86
4|3|O_P___B_O__P	5	86
4|3|O__P___O_PB_	5	85
4|3|O__P___B_PO_	4	85
4|3|OP_O______PB	5	84
4|3|PO_P__B__O__	4	84
4|3|O__P_O__P_B_	5	83
4|3|P_B_O__O_P__	5	83
4|3|OO_P___B_P__	5	82
4|3|OP_P___B_O__	5	82
4|3|OP_____BP_O_	5	81
4|3|O_P____B_PO_	5	80
4|3|OP_P___B__O_	6	77
4|3|O_PB___O_P__	3	77
4|3|P_O____B_PO_	5	74
4|3|P_P____B_OO_	5	74
4|3|OO_____BP_P_	5	73
4|3|O_P___B_P__O	4	73
4|3|OP_B______PO	6	72
4|3|O__O_B__P__P	5	72
4|3|O__P_____OPB	4	71
4|3|OP______BP_O	5	69
4|3|OP_B__O__P__	4	69
4|3|OPB______O_P	4	68
4|3|O_O_P____B_P	4	68
4|3|OP_B____P_O_	3	68
4|3|O_OP___B__P_	7	67
4|3|OO_P___B__P_	6	67
4|3|O_O____PP__B	5	67
4|3|O_PP___B__O_	5	67
4|3|OP_P__B__O__	5	66
4|3|O__P__B__O_P	4	66
4|3|OP_O___BP___	5	65
4|3|O__P__O__PB_	4	65
4|3|OP_____OP_B_	7	64
4|3|O_B____OP_P_	5	63
4|3|O_PB_____PO_	3	63
4|3|O_P____OPB__	5	62
4|3|OP_P____O__B	4	61
4|3|O__OP____B_P	6	60
4|3|O_PB__O__P__	3	60
4|3|O_P____PO__B	5	58
4|3|OO_P__B__P__	4	57
4|3|O_PB___O__P_	4	57
4|3|PO_____B_O_P	5	56
4|3|OP_O__B_P___	4	56
4|3|O__P_B__P__O	4	56
4|3|O__PO___P_B_	7	55
4|3|O__P_B__O__P	4	55
4|3|O_P____O__PB	5	54
4|3|PBO____O_P__	4	54
4|3|BPO______O_P	4	53
4|3|B_O_P____O_P	4	53
4|3|P_B___OO_P__	4	53
4|3|OP_____B_O_P	5	52
4|3|O______OP_PB	5	52
4|3|OPP_____B__O	6	51
4|3|OO_____B_P_P	5	51
4|3|PO_____O_B_P	6	50
4|3|P_B__P_O_O__	6	50
4|3|P_P_O__O__B_	6	50
4|3|O____O_P_P_B	5	50
4|3|OO_P______BP	4	50
4|3|PO_P___O_B__	5	49
4|3|OPB______P_O	4	49
4|3|O__P_O___PB_	4	49
4|3|O____O_PP_B_	5	48
4|3|O______PP_OB	5	48
4|3|O_B___P__P_O	4	48
4|3|OO_____P_P_B	7	47
4|3|O_P____P__OB	5	46
4|3|O___O__P_P_B	5	46
4|3|OP_____O_PB_	6	44
4|3|O_OP___BP___	7	43
4|3|OO_P___BP___	6	43
4|3|POB____O_P__	4	43
4|3|OO____B__P_P	5	42
4|3|OO_____PP_B_	5	42
4|3|O_P_O_____BP	5	42
4|3|O_P_P___B__O	5	42
4|3|P_B_O__OP___	6	41
4|3|P_B_O__O__P_	6	41
4|3|O_B____OP__P	5	41
4|3|PO_P__O__B__	5	41
4|3|PO_____O_BP_	5	41
4|3|OP_P__B___O_	4	41
4|3|O______BP_OP	6	40
4|3|O__OP____BP_	5	40
4|3|OP_O__B___P_	4	40
4|3|O_____OP_P_B	4	40
4|3|OP_PO_____B_	6	39
4|3|OPOB_____P__	4	39
4|3|O_PPO_____B_	5	38
4|3|P_B_O__P__O_	5	38
4|3|O_PB___OP___	4	38
4|3|OP_B___O__P_	3	38
4|3|OP____B_O__P	5	37
4|3|O_PB__O_P___	4	37
4|3|O____O_P_PB_	4	37
4|3|P_O___OBP___	4	37
4|3|O_O____B__PP	5	36
4|3|OP_OB______P	4	36
4|3|PP_____B_OO_	4	36
4|3|O___O__PP_B_	6	35
4|3|OP_PB______O	4	35
4|3|P_B_P__O__O_	5	34
4|3|OO_P___B___P	6	33
4|3|O__PO____PB_	6	33
4|3|OP_P_B__O___	5	33
4|3|O__B__P_P_O_	5	33
4|3|O____P_P_OB_	5	33
4|3|P_B___PO_O__	5	33
4|3|OP_P_B____O_	4	33
4|3|OP_P__O___B_	4	33
4|3|OP_____B_PO_	4	33
4|3|PO_____B_OP_	4	33
4|3|OP_O_B_____P	6	32
4|3|OO____B_P__P	5	32
4|3|OP_O_B__P___	5	32
4|3|OP_P_B_____O	5	32
4|3|P_B___OOP___	5	32
4|3|P___O__O_PB_	5	32
4|3|OP_OB____P__	4	31
4|3|O_PB__O___P_	4	31
4|3|O_P___OBP___	4	31
4|3|P_O_O__P__B_	4	31
4|3|P_O_P__O__B_	4	31
4|3|OP_O_B____P_	5	30
4|3|PO_P___O__B_	5	30
4|3|OO_____B_PP_	4	30
4|3|OP_P_O____B_	4	30
4|3|O__PO_____BP	5	29
4|3|O_____OPP_B_	5	29
4|3|OP_O_B___P__	4	29
4|3|O_____OBP_P_	4	29
4|3|P_____OO_PB_	4	29
4|3|PO____O__B_P	6	28
4|3|O_O____P__PB	5	28
4|3|O___O__P_PB_	5	28
4|3|P_P_B__O__O_	4	28
4|3|O_B___PO_P__	5	27
4|3|OP_B___O___P	4	27
4|3|O_P_O__P__B_	4	27
4|3|O_P_P__O__B_	4	27
4|3|P_O_O__B__P_	4	27
4|3|OP_B__O_P___	3	27
4|3|O___P__P_OB_	5	26
4|3|OB_PP______O	5	25
4|3|O__B___PP__O	5	25
4|3|O_P___BOP___	4	25
4|3|O__PP__O_B__	4	25
4|3|O_____BOP_P_	4	25
4|3|P_____PO_OB_	5	24
4|3|O__PP_O__B__	4	24
4|3|O______P_POB	4	24
4|3|P_P_O__B__O_	4	24
4|3|_O__P__O_BP_	4	24
4|3|OPB_____P__O	3	24
4|3|O_O_P__P_B__	3	24
4|3|O__P__O_PB__	5	23
4|3|OB__P__P_O__	4	23
4|3|O_BPO_____P_	4	23
4|3|O__P_O____BP	4	23
4|3|O____B_OP_P_	4	23
4|3|P_O__O_BP___	4	23
4|3|P_O___OB__P_	4	23
4|3|OP_B__O___P_	3	23
4|3|OBP_P______O	4	22
4|3|OP__B____P_O	4	22
4|3|O_P___BO__P_	4	22
4|3|O__P_O_P___B	4	22
4|3|P_P___OB__O_	4	22
4|3|O_O__P_P_B__	3	22
4|3|O_P_O__B__P_	4	21
4|3|O_P__O_BP___	4	21
4|3|O_P___OB__P_	4	21
4|3|O____O_BP_P_	4	21
4|3|PO_____O_PB_	4	21
4|3|PB_____O_PO_	4	21
4|3|O_B__P_P_O__	3	21
4|3|PB____OO_P__	5	20
4|3|OO_____P_PB_	4	20
4|3|OPOB______P_	3	20
4|3|P_P___OO__B_	5	19
4|3|OPOB_______P	4	19
4|3|OPBP______O_	4	19
4|3|O___P__PBO__	4	19
4|3|O_____OBP__P	4	19
4|3|B_O_P__P_O__	3	19
4|3|POO____BP___	5	18
4|3|POO____B__P_	5	18
4|3|OP_PO___B___	4	18
4|3|OBPO_____P__	3	18
4|3|POP____B__O_	5	17
4|3|O_____BOP__P	4	17
4|3|OOP____BP___	5	16
4|3|OOP____B__P_	5	16
4|3|O______BPOP_	5	16
4|3|P_B___OO__P_	5	16
4|3|O__B__P__PO_	4	16
4|3|O____BO_P__P	4	16
4|3|_O__BP_P__O_	4	16
4|3|OPB____OP___	4	15
4|3|OPB____O__P_	4	15
4|3|OP_B__O____P	4	15
4|3|O____OB_P__P	4	15
4|3|P_O_O__BP___	4	15
4|3|P_O__O_B__P_	4	15
4|3|O__P_O_B___P	4	14
4|3|P_P__O_B__O_	4	14
4|3|OPOB____P___	3	14
4|3|O_P_O__BP___	4	13
4|3|O_P__O_B__P_	4	13
4|3|O___O__BP_P_	4	13
4|3|_O__PP_O__B_	5	12
4|3|_O__P_PO__B_	4	12
4|3|OOPB_____P__	3	12
4|3|POP____O__B_	5	11
4|3|O___O_B_P__P	4	11
4|3|O___P_OP_B__	4	11
4|3|O___PO_P_B__	3	11
4|3|_O__OP_P__B_	4	10
4|3|OBPO_______P	3	10
4|3|OB__P__PO___	3	10
4|3|OB___P_P__O_	3	10
4|3|OPB_______PO	3	10
4|3|O_B_P_P____O	3	10
4|3|O__BP_P___O_	3	10
4|3|O___P__P_BO_	3	10
4|3|BO__P__P_O__	3	10
4|3|OOPB_______P	3	5